Children Map for Subproblem Tree 16
======================================
Parent ID (x, y) -> [List of Children IDs (x, y)]
    0 (1, 15) -> [ 1 (2.3742, 13.5469); 11 (2.04269, 16.7067); 26 (1.38387, 13.2335); 79 (0.980329, 13.1546); 90 (1.79201, 16.5556); 113 (2.35485, 13.6279); 238 (1.32716, 14.0721); 324 (2.10772, 15.5043); 344 (2.16298, 16.0041); 420 (0.199573, 13.2524); 526 (2.23068, 16.2119); 756 (2.54709, 14.1317); 955 (2.43964, 15.0332); 1445 (0.967582, 13.2405); 1495 (1.34582, 13.4082); 1599 (0.837839, 16.977); 1627 (-0.578789, 14.9979); 1756 (0.390083, 13.7532); 1907 (1.55828, 16.5426); 1920 (1.92418, 14.0677); 1979 (0.0705872, 13.7155); 1994 (0.0529914, 15.6311); ]
    1 (2.3742, 13.5469) -> [ 6 (4.37404, 13.5217); 1587 (3.57699, 14.2941); 1908 (1.66272, 11.7296); ]
    2 (2.3396, 11.5472) -> [ 3 (2.31385, 9.54734); ]
    3 (2.31385, 9.54734) -> [ 4 (2.39573, 7.54902); 10 (3.98892, 8.57941); 602 (1.96811, 8.19131); 1829 (4.18792, 10.1618); ]
    4 (2.39573, 7.54902) -> [ 5 (3.88535, 6.21446); 255 (4.20475, 6.94316); 479 (2.76834, 6.21153); 674 (1.58369, 5.7236); 687 (3.62384, 6.36408); 738 (3.6641, 6.31595); 742 (4.07174, 8.5116); 1180 (3.72641, 6.16658); 1392 (3.92771, 6.30489); 1518 (2.70709, 5.67608); 1576 (4.11431, 6.70656); 1624 (3.3948, 5.87524); 1802 (3.16497, 6.34538); ]
    5 (3.88535, 6.21446) -> [ 43 (5.84326, 6.62263); 1341 (5.76868, 6.34952); 1936 (5.80317, 6.40687); ]
    6 (4.37404, 13.5217) -> [ 7 (6.37334, 13.4687); 127 (6.08856, 12.7105); 1606 (5.64926, 14.7327); ]
    7 (6.37334, 13.4687) -> [ 8 (7.74032, 14.9286); 1382 (7.80861, 14.3316); ]
    8 (7.74032, 14.9286) -> [ ]
    9 (3.04601, 4.39911) -> [ 15 (1.92682, 2.74158); 836 (1.65081, 3.20253); 1219 (2.46569, 2.82774); 1916 (3.27212, 2.87166); ]
    10 (3.98892, 8.57941) -> [ 180 (5.49813, 7.58236); 905 (4.54025, 6.73883); 1429 (5.05971, 7.98872); ]
    11 (2.04269, 16.7067) -> [ 12 (0.270962, 17.6346); 628 (3.31937, 17.9043); 1121 (3.98452, 16.6158); 1255 (0.38768, 17.0138); 1752 (3.28428, 18.0074); 1796 (0.284093, 17.2496); ]
    12 (0.270962, 17.6346) -> [ 13 (-1.5656, 18.4264); 1729 (-1.43031, 18.5665); 1895 (-1.50123, 18.3231); ]
    13 (-1.5656, 18.4264) -> [ 14 (-3.51243, 17.9683); 54 (-2.21869, 20.3168); 746 (-3.38479, 19.2025); ]
    14 (-3.51243, 17.9683) -> [ ]
    15 (1.92682, 2.74158) -> [ 16 (3.53778, 1.55633); 21 (0.015504, 2.15261); 151 (0.501613, 1.82162); 352 (1.97376, 0.767076); 1345 (0.631475, 1.63813); 1581 (2.79369, 0.955587); 1810 (3.25175, 1.28446); ]
    16 (3.53778, 1.55633) -> [ 18 (5.17327, 0.405173); 22 (2.90346, -0.340408); 511 (2.35542, 0.227994); 1529 (3.79071, -0.112871); 1551 (2.57642, 0.0903277); ]
    17 (9.46286, 15.9449) -> [ ]
    18 (5.17327, 0.405173) -> [ 19 (6.81135, -0.742294); 47 (5.78041, 2.31079); 68 (6.64919, 0.573331); 1855 (6.57238, 1.66334); ]
    19 (6.81135, -0.742294) -> [ 25 (8.76783, -1.15727); 33 (6.57813, -2.72865); 188 (8.58006, -0.613045); 249 (6.58068, -2.42592); 422 (7.90808, -1.73531); 546 (7.18258, -2.38995); 689 (8.18135, 0.126598); 764 (7.95364, -1.6012); 1028 (7.86432, -0.0305591); 1069 (8.35127, 0.112769); 1662 (8.11556, -0.790622); 1983 (8.29435, 0.319208); ]
    20 (-4.12894, 16.0657) -> [ 1819 (-5.28634, 17.526); ]
    21 (0.015504, 2.15261) -> [ 1857 (1.27945, 0.668786); ]
    22 (2.90346, -0.340408) -> [ 949 (4.6809, -1.14365); 1479 (3.09136, -1.89003); 1654 (3.33056, -1.97384); ]
    23 (11.1056, 17.0857) -> [ ]
    24 (1.17752, 17.4867) -> [ ]
    25 (8.76783, -1.15727) -> [ 40 (10.661, -1.80207); 80 (9.51606, -0.00733448); 100 (8.69321, -2.99409); 276 (10.5047, -0.722499); 438 (9.40968, 0.407478); 1105 (10.7278, -1.41757); 1197 (10.6673, -1.30285); 1263 (10.4663, -0.962715); ]
    26 (1.38387, 13.2335) -> [ 2 (2.3396, 11.5472); 102 (-0.378326, 12.9377); 1338 (2.94748, 12.5105); 1775 (-0.395694, 13.5175); 1963 (0.0787527, 12.6941); ]
    27 (13.0474, 17.5645) -> [ ]
    28 (13.4239, 15.6002) -> [ ]
    29 (-1.83118, 1.38465) -> [ 38 (-0.998781, -0.433896); 305 (-2.09671, -0.503401); 494 (-2.59105, -0.322075); ]
    30 (15.3627, 15.1092) -> [ 94 (17.1526, 14.5354); 174 (15.35, 13.6297); 497 (13.8368, 14.1672); 700 (15.5989, 13.6317); ]
    31 (1.19364, 8.59854) -> [ ]
    32 (15.7719, 13.1516) -> [ ]
    33 (6.57813, -2.72865) -> [ ]
    34 (16.9775, 16.2892) -> [ ]
    35 (5.33004, -1.30043) -> [ 792 (6.35175, -2.82538); 1142 (7.09099, -0.756112); 1914 (6.4528, -2.7825); ]
    36 (-5.83076, 15.0151) -> [ 1818 (-6.73501, 13.3381); 1956 (-7.23054, 16.3177); ]
    37 (5.48941, -4.40635) -> [ 270 (5.35307, -5.91391); ]
    38 (-0.998781, -0.433896) -> [ ]
    39 (17.5436, 16.4422) -> [ ]
    40 (10.661, -1.80207) -> [ 51 (11.2383, -3.71697); 67 (12.5731, -1.21542); 78 (12.3775, -1.47283); 578 (11.7928, -3.11919); 964 (11.0007, -0.170657); 1016 (11.1838, 0.112912); 1992 (12.5875, -1.32261); ]
    42 (17.3183, 11.8833) -> [ ]
    43 (5.84326, 6.62263) -> [ 85 (6.22078, 8.58667); ]
    44 (-6.42886, 13.1066) -> [ ]
    45 (-2.76541, -1.37146) -> [ 683 (-3.40763, -3.2312); 1452 (-1.36143, -2.40857); ]
    46 (5.42768, -6.4054) -> [ 440 (6.86924, -7.12596); 707 (7.11451, -7.17497); ]
    47 (5.78041, 2.31079) -> [ 1031 (7.28172, 1.75411); ]
    48 (9.3254, -0.992407) -> [ ]
    49 (10.2733, 18.8193) -> [ 372 (11.2569, 17.3484); 1632 (11.619, 18.7853); ]
    50 (-2.13503, 3.20236) -> [ ]
    51 (11.2383, -3.71697) -> [ 89 (11.123, -5.71364); 243 (10.8238, -5.58194); 566 (13.0855, -3.58106); 1033 (10.7502, -5.23631); 1540 (11.684, -5.52361); 1602 (12.5775, -4.33382); ]
    52 (17.4774, 10.7505) -> [ ]
    53 (10.1652, -1.72079) -> [ 704 (11.4055, -1.58595); 983 (11.5144, -1.39966); 1227 (12.0834, -1.65153); 1940 (11.7112, -2.56802); ]
    54 (-2.21869, 20.3168) -> [ 60 (-0.958, 21.8694); 169 (-3.3961, 19.3239); 677 (-2.45492, 21.8795); 1134 (-3.2908, 21.6298); 1215 (-4.01473, 20.383); 1385 (-3.88268, 20.1573); 1720 (-2.73839, 21.9308); 1745 (-3.92076, 20.7226); ]
    55 (-0.692117, 1.02391) -> [ 940 (0.890701, -0.0107835); 1431 (1.08544, 0.172581); 1863 (0.438957, -0.0977574); ]
    56 (3.62729, -7.27637) -> [ ]
    57 (3.87209, -3.65313) -> [ 891 (5.79854, -3.26116); 901 (4.76005, -5.43671); 1440 (3.15168, -5.41199); 1468 (5.48216, -3.80895); ]
    58 (2.52481, -5.13125) -> [ 424 (3.88363, -6.38616); 864 (4.12883, -5.94716); ]
    59 (19.0029, 9.45718) -> [ ]
    60 (-0.958, 21.8694) -> [ 81 (-1.40568, 23.8187); 829 (0.269814, 22.673); ]
    61 (-4.02194, -2.92745) -> [ ]
    62 (-5.22249, 19.0055) -> [ 71 (-7.21109, 19.2188); 155 (-5.23449, 21.0054); 339 (-5.71134, 20.6048); 1869 (-6.95065, 18.7679); ]
    63 (-4.52736, -4.86254) -> [ ]
    64 (-7.7082, 11.5693) -> [ 74 (-9.1278, 10.1605); ]
    65 (16.2268, 9.18972) -> [ 1370 (15.5659, 10.7194); ]
    67 (12.5731, -1.21542) -> [ 222 (12.4567, 0.781188); 369 (14.4795, -0.728154); 1681 (13.1649, -2.66786); 1835 (13.0864, 0.450782); ]
    68 (6.64919, 0.573331) -> [ 166 (7.81207, -0.46172); 1290 (7.98416, -0.570049); 1684 (7.80732, -0.981336); ]
    69 (4.3144, -1.83862) -> [ 467 (5.86537, -2.20032); 650 (5.71346, -2.38149); 1444 (5.96093, -1.98037); 1788 (5.69241, -2.64212); ]
    70 (11.389, 20.4792) -> [ 656 (12.3746, 19.0092); ]
    71 (-7.21109, 19.2188) -> [ 75 (-8.47957, 20.765); 358 (-8.65062, 20.4733); 583 (-8.6063, 19.4509); 592 (-8.77694, 19.4298); 1642 (-6.9108, 21.1176); 1890 (-8.86094, 20.2023); ]
    72 (1.05855, 7.68408) -> [ 232 (0.622592, 5.73217); ]
    73 (19.2675, 12.3311) -> [ ]
    74 (-9.1278, 10.1605) -> [ 152 (-8.11334, 9.02964); 163 (-11.1261, 10.2442); 277 (-10.4656, 11.44); 539 (-10.4442, 10.0971); 859 (-10.5141, 8.9907); 958 (-10.4332, 11.3508); 1499 (-10.5928, 10.9619); ]
    75 (-8.47957, 20.765) -> [ 87 (-9.14541, 22.6509); 97 (-9.66095, 19.1512); 714 (-9.03041, 22.6122); 1656 (-7.84602, 22.6451); 1670 (-7.67319, 22.3675); ]
    76 (16.2458, 13.3643) -> [ ]
    77 (-3.74963, -4.14094) -> [ ]
    78 (12.3775, -1.47283) -> [ 1622 (12.9302, 0.16685); ]
    79 (0.980329, 13.1546) -> [ 267 (2.36299, 11.9337); 1036 (2.77746, 13.8299); ]
    80 (9.51606, -0.00733448) -> [ ]
    81 (-1.40568, 23.8187) -> [ 144 (0.57944, 24.0622); ]
    82 (-6.34155, -5.70439) -> [ 883 (-6.84387, -7.22557); ]
    83 (6.91389, 16.6256) -> [ 895 (8.46078, 16.6685); 1021 (7.97718, 15.1203); ]
    84 (17.0768, 18.387) -> [ ]
    85 (6.22078, 8.58667) -> [ 319 (7.88052, 9.44385); ]
    86 (12.713, 21.9782) -> [ 1005 (14.4185, 21.0613); ]
    87 (-9.14541, 22.6509) -> [ 629 (-10.8626, 22.1199); 1615 (-10.4567, 21.97); 1858 (-10.2708, 22.7295); ]
    88 (-3.54937, -0.15102) -> [ ]
    89 (11.123, -5.71364) -> [ 108 (13.1228, -5.68136); 478 (10.8243, -7.36867); ]
    90 (1.79201, 16.5556) -> [ ]
    91 (10.155, -7.46375) -> [ 408 (11.6967, -8.00397); 563 (11.2317, -8.87983); ]
    92 (14.3915, -2.04807) -> [ 96 (15.9631, -3.28497); 994 (15.2075, -0.472388); 1465 (15.0976, -3.61058); ]
    93 (17.8974, 20.2109) -> [ ]
    94 (17.1526, 14.5354) -> [ ]
    95 (5.99365, 6.55353) -> [ 924 (7.77, 7.2666); ]
    96 (15.9631, -3.28497) -> [ 106 (17.1406, -1.66828); 123 (17.5653, -4.48213); 1001 (17.4832, -2.50211); 1905 (17.4828, -4.24798); 1918 (17.4515, -1.96123); ]
    97 (-9.66095, 19.1512) -> [ 193 (-11.3433, 20.2328); ]
    98 (5.17731, 3.68536) -> [ 1221 (6.87162, 2.73645); 1719 (6.69261, 3.80672); ]
    99 (20.8062, 8.5922) -> [ ]
    100 (8.69321, -2.99409) -> [ 1515 (8.73218, -4.84626); ]
    101 (8.88924, 1.8919) -> [ ]
    102 (-0.378326, 12.9377) -> [ ]
    103 (-3.5446, -1.49064) -> [ ]
    104 (-4.05408, -6.80573) -> [ 115 (-4.52837, -8.74868); ]
    105 (18.9518, 21.9104) -> [ ]
    106 (17.1406, -1.66828) -> [ 112 (19.0432, -2.28482); ]
    107 (-1.77241, -3.8399) -> [ 1570 (-0.0553204, -4.62012); ]
    108 (13.1228, -5.68136) -> [ 111 (14.6399, -6.98455); 927 (14.2866, -6.70871); 966 (13.3411, -7.24204); 1152 (14.9766, -6.09261); ]
    109 (16.6181, 7.22837) -> [ 1685 (18.0165, 8.38162); ]
    110 (-4.23143, -1.71321) -> [ ]
    111 (14.6399, -6.98455) -> [ 147 (15.1381, -8.9215); 594 (15.3321, -8.59656); 941 (16.1814, -7.55711); 1286 (16.0012, -8.20584); 1425 (16.5038, -7.58149); 1577 (16.4376, -7.41196); ]
    112 (19.0432, -2.28482) -> [ 121 (20.8153, -1.35766); 289 (18.9631, -0.292485); 1573 (19.9651, -0.69075); 1771 (19.1903, -0.395498); ]
    113 (2.35485, 13.6279) -> [ 1578 (1.79036, 11.7324); ]
    114 (6.83995, 5.61671) -> [ ]
    115 (-4.52837, -8.74868) -> [ 533 (-4.67561, -10.4469); 618 (-5.13225, -10.3171); 787 (-5.66098, -10.1951); 913 (-5.23306, -10.2571); ]
    116 (15.8548, 5.37979) -> [ ]
    117 (16.2749, 20.199) -> [ ]
    118 (11.824, -4.27948) -> [ ]
    119 (10.0318, 21.9481) -> [ ]
    121 (20.8153, -1.35766) -> [ 228 (22.8147, -1.40399); 348 (20.7124, 0.559757); 898 (21.5898, -2.35955); 1473 (21.0901, 0.441487); ]
    122 (-3.84055, 3.37669) -> [ ]
    123 (17.5653, -4.48213) -> [ 136 (19.2328, -5.58644); 1507 (19.3411, -5.32545); ]
    124 (2.9543, -9.15974) -> [ 224 (4.47011, -10.4645); ]
    125 (-9.48582, 18.9377) -> [ ]
    126 (22.1285, 7.09167) -> [ ]
    127 (6.08856, 12.7105) -> [ 1148 (7.5238, 11.5375); 1239 (7.5531, 13.5433); ]
    128 (-5.30607, -5.95339) -> [ ]
    130 (8.72818, 21.4492) -> [ ]
    131 (-1.78196, 14.3624) -> [ ]
    133 (21.2593, 12.5127) -> [ ]
    135 (7.51695, 17.0784) -> [ ]
    136 (19.2328, -5.58644) -> [ 138 (18.5009, -7.44773); 1126 (20.1742, -7.30324); 1552 (20.0591, -4.14394); ]
    138 (18.5009, -7.44773) -> [ 146 (19.7945, -8.97308); ]
    139 (-10.8152, 17.4434) -> [ ]
    141 (14.4064, 8.36147) -> [ 1664 (15.6198, 9.89851); ]
    142 (16.6963, 22.0755) -> [ ]
    143 (6.74633, 7.37894) -> [ 303 (7.94611, 8.92305); ]
    144 (0.57944, 24.0622) -> [ ]
    145 (16.3219, 5.05603) -> [ 1686 (14.6819, 5.84804); 1724 (17.3087, 6.12093); ]
    146 (19.7945, -8.97308) -> [ 393 (19.4794, -10.9297); ]
    147 (15.1381, -8.9215) -> [ 278 (15.1497, -10.9215); 1892 (16.042, -10.6008); ]
    148 (-2.73869, -8.84324) -> [ ]
    149 (13.5533, 20.9942) -> [ ]
    150 (13.0555, 21.8491) -> [ 1260 (14.062, 21.0801); ]
    151 (0.501613, 1.82162) -> [ 558 (1.69937, 0.339513); ]
    152 (-8.11334, 9.02964) -> [ ]
    153 (8.86719, -8.99398) -> [ 214 (10.2513, -10.4377); ]
    154 (3.43562, 11.3837) -> [ 361 (4.9538, 11.0492); ]
    155 (-5.23449, 21.0054) -> [ 465 (-6.04504, 22.4045); 527 (-6.6441, 22.2463); ]
    156 (5.89816, 15.5715) -> [ ]
    157 (21.8346, 14.2551) -> [ ]
    158 (-6.20988, -9.83151) -> [ 194 (-8.01348, -10.6958); 263 (-4.79918, -11.2492); 914 (-7.95136, -9.94215); 1304 (-6.89065, -11.2187); 1619 (-5.06059, -11.4549); ]
    159 (21.1683, -3.32627) -> [ ]
    160 (-8.71409, 23.6179) -> [ ]
    163 (-11.1261, 10.2442) -> [ ]
    166 (7.81207, -0.46172) -> [ ]
    167 (20.7809, 21.1013) -> [ ]
    169 (-3.3961, 19.3239) -> [ ]
    170 (-6.23094, -1.6689) -> [ ]
    171 (19.9099, 9.92807) -> [ ]
    172 (21.7563, -9.36201) -> [ 544 (22.4967, -10.8206); 1783 (23.1495, -9.75866); 1868 (22.534, -10.8126); ]
    175 (20.7278, 13.2314) -> [ ]
    177 (16.6396, 17.6395) -> [ ]
    178 (-8.19366, 7.03126) -> [ ]
    180 (5.49813, 7.58236) -> [ 197 (7.26612, 7.76235); 540 (6.18112, 9.14604); 1851 (6.96704, 8.33335); ]
    181 (-10.9684, 12.238) -> [ ]
    182 (17.2835, 19.3954) -> [ ]
    184 (18.3516, -4.15358) -> [ 734 (19.8701, -2.95583); 1108 (19.5489, -2.83705); 1162 (19.9317, -5.10872); ]
    185 (-7.28162, 14.3962) -> [ ]
    186 (8.89483, 20.3423) -> [ ]
    187 (-6.71364, 7.23718) -> [ 1068 (-5.58344, 6.3359); 1798 (-8.36512, 6.3817); ]
    188 (8.58006, -0.613045) -> [ 53 (10.1652, -1.72079); 1639 (9.42564, 1.11022); 1750 (9.46422, -2.15999); 1751 (9.52281, 1.13988); ]
    191 (6.8963, 20.2656) -> [ ]
    192 (-3.21572, 1.4231) -> [ ]
    193 (-11.3433, 20.2328) -> [ ]
    194 (-8.01348, -10.6958) -> [ ]
    196 (-5.5113, 21.6111) -> [ ]
    197 (7.26612, 7.76235) -> [ 266 (9.25526, 7.55416); 1315 (9.03315, 8.52837); ]
    198 (-8.96296, 13.0679) -> [ ]
    199 (-0.712247, 9.20483) -> [ ]
    200 (11.8547, -2.73591) -> [ 1438 (12.0549, -4.53804); 1647 (13.142, -1.23937); 1811 (13.7973, -3.20509); ]
    201 (19.1529, 17.4619) -> [ ]
    202 (3.14591, -7.90775) -> [ ]
    204 (-11.6586, 9.78229) -> [ 1198 (-12.4095, 8.26308); ]
    205 (5.08729, 21.1185) -> [ ]
    206 (18.7565, 19.4735) -> [ ]
    207 (-10.0375, 6.2564) -> [ ]
    208 (-10.559, 22.5336) -> [ 384 (-11.561, 24.2645); ]
    209 (24.0538, 6.77206) -> [ ]
    210 (-7.71299, 13.522) -> [ ]
    211 (19.9529, 22.1709) -> [ 1531 (21.0034, 23.4789); 1569 (20.427, 21.1526); 1987 (21.1739, 20.8396); ]
    214 (10.2513, -10.4377) -> [ 219 (11.2873, -11.0455); 1423 (12.0675, -9.94801); 1448 (11.8265, -10.1078); 1519 (9.74519, -11.4723); ]
    215 (1.54529, -7.27762) -> [ ]
    216 (16.2841, 22.1694) -> [ ]
    217 (3.90947, 11.7227) -> [ 727 (5.25664, 10.5848); 897 (5.18177, 12.7522); 1472 (5.76844, 11.2316); ]
    218 (7.87304, 23.2572) -> [ ]
    220 (2.58045, -7.8505) -> [ ]
    221 (8.81785, 21.2403) -> [ ]
    222 (12.4567, 0.781188) -> [ 515 (13.7758, 2.01832); 1122 (12.1182, 2.2294); ]
    223 (5.97548, -4.01835) -> [ ]
    224 (4.47011, -10.4645) -> [ ]
    225 (24.4506, 8.73229) -> [ ]
    226 (21.8691, -9.92719) -> [ ]
    227 (-2.15846, 5.12567) -> [ ]
    228 (22.8147, -1.40399) -> [ 272 (23.7813, 0.346949); 1173 (24.6221, -1.65873); ]
    230 (18.3197, 21.4606) -> [ ]
    231 (-2.9348, 14.6567) -> [ ]
    232 (0.622592, 5.73217) -> [ ]
    233 (21.0383, 23.8508) -> [ ]
    234 (-5.87685, 11.9627) -> [ ]
    235 (16.9007, -3.98122) -> [ 1655 (17.9678, -5.08044); ]
    236 (-8.30165, -5.3069) -> [ 1359 (-8.93337, -6.65765); ]
    237 (-9.22886, -9.38808) -> [ ]
    242 (-1.29415, 3.68169) -> [ 1871 (-1.77433, 2.05674); ]
    243 (10.8238, -5.58194) -> [ ]
    244 (-1.12921, 13.6157) -> [ ]
    245 (-5.82236, 15.4261) -> [ 1804 (-7.47898, 16.1882); 1824 (-7.19937, 16.6753); ]
    246 (-3.26503, -9.52235) -> [ ]
    248 (5.61972, 3.46433) -> [ 1106 (7.11003, 4.2893); ]
    249 (6.58068, -2.42592) -> [ ]
    251 (2.1719, 7.25536) -> [ 1517 (0.414289, 6.33845); ]
    253 (4.22998, -8.0206) -> [ ]
    255 (4.20475, 6.94316) -> [ ]
    257 (-1.12539, -10.0253) -> [ 275 (0.377898, -11.3444); 699 (-2.40933, -11.4517); 831 (-0.743258, -11.7028); 959 (-0.921635, -11.6564); ]
    258 (4.5673, 22.3852) -> [ 1849 (5.08109, 24.1073); ]
    265 (0.86558, -7.64711) -> [ ]
    266 (9.25526, 7.55416) -> [ 644 (10.1366, 6.06635); 696 (9.81765, 6.41749); 1091 (10.9274, 8.46125); 1206 (11.0632, 8.15738); ]
    267 (2.36299, 11.9337) -> [ 1310 (4.19337, 11.672); ]
    268 (-6.54926, -4.44148) -> [ ]
    269 (13.2349, -6.35205) -> [ 1046 (12.7446, -8.26524); 1316 (14.4062, -7.43617); ]
    272 (23.7813, 0.346949) -> [ 280 (22.5623, 1.93255); 282 (24.1022, 2.21533); 461 (24.7786, 1.77486); ]
    273 (3.81066, 21.1275) -> [ 1533 (5.24939, 20.251); ]
    275 (0.377898, -11.3444) -> [ ]
    277 (-10.4656, 11.44) -> [ ]
    278 (15.1497, -10.9215) -> [ 1447 (16.7999, -11.7126); 1600 (16.8617, -10.7054); ]
    280 (22.5623, 1.93255) -> [ 975 (22.535, 3.9317); 1313 (23.3416, 3.29337); ]
    281 (7.81056, 4.40229) -> [ 1690 (9.13325, 2.93017); ]
    282 (24.1022, 2.21533) -> [ 411 (23.8714, 3.79516); 1157 (23.2886, 3.33143); ]
    283 (-9.57325, -11.9477) -> [ 1202 (-11.4702, -11.6925); ]
    284 (0.97444, 4.16482) -> [ 749 (2.82445, 3.53491); 1410 (2.26558, 2.81707); ]
    285 (-10.2686, 5.10966) -> [ 1845 (-11.8364, 4.35211); ]
    287 (5.22211, 17.6923) -> [ ]
    288 (-7.54918, -6.86516) -> [ ]
    289 (18.9631, -0.292485) -> [ 1213 (20.5365, -0.39765); ]
    291 (-6.75596, -1.61331) -> [ ]
    292 (21.0803, -6.16679) -> [ 430 (21.9369, -5.64671); 510 (20.8987, -7.93303); 636 (22.6953, -6.19745); 658 (22.652, -5.65785); 911 (22.5733, -7.36475); 1265 (21.3459, -7.68162); 1831 (21.9561, -7.89481); ]
    293 (4.9338, -10.8749) -> [ ]
    296 (23.5894, 13.9323) -> [ ]
    297 (-8.49139, 14.4194) -> [ ]
    298 (-9.16983, 17.9535) -> [ ]
    299 (-4.55373, 21.5634) -> [ ]
    300 (18.4088, 9.62729) -> [ ]
    301 (13.1036, 23.9397) -> [ ]
    302 (16.6289, 23.3418) -> [ ]
    303 (7.94611, 8.92305) -> [ 1862 (9.7649, 8.17139); 1927 (8.86297, 10.5568); ]
    304 (-2.61267, 8.58161) -> [ 953 (-3.73432, 7.02353); ]
    305 (-2.09671, -0.503401) -> [ ]
    306 (16.6864, 3.1561) -> [ ]
    307 (22.1165, 12.5002) -> [ ]
    308 (-6.24193, 10.2665) -> [ ]
    310 (11.0366, -11.6901) -> [ ]
    314 (18.3926, 6.56475) -> [ ]
    316 (-8.20933, 18.5003) -> [ ]
    317 (-3.64734, 6.46105) -> [ ]
    318 (9.55344, -3.26829) -> [ 1889 (11.4652, -3.66837); ]
    320 (9.88448, 20.2804) -> [ ]
    321 (22.9421, 23.2382) -> [ 1943 (24.2715, 23.8157); ]
    322 (18.9785, 13.0462) -> [ ]
    323 (-1.75179, 17.1903) -> [ ]
    324 (2.10772, 15.5043) -> [ 657 (3.39218, 14.2718); ]
    326 (16.2209, 1.21103) -> [ ]
    329 (-11.1142, 3.29722) -> [ ]
    330 (22.3677, 19.884) -> [ 1086 (23.3984, 18.47); 1415 (24.0585, 20.147); ]
    331 (5.05428, 6.04093) -> [ ]
    332 (23.8207, 21.8209) -> [ 568 (24.7779, 20.3901); ]
    333 (22.6604, 9.40536) -> [ ]
    334 (21.8797, 19.2684) -> [ ]
    336 (23.7288, 12.5394) -> [ ]
    338 (-3.12468, 23.6094) -> [ 434 (-4.14684, 24.9894); 584 (-4.38328, 24.9436); ]
    339 (-5.71134, 20.6048) -> [ 1109 (-7.52334, 19.775); ]
    342 (14.2038, 0.139502) -> [ 1836 (14.8192, 1.69804); ]
    343 (21.2214, 10.1346) -> [ ]
    344 (2.16298, 16.0041) -> [ ]
    346 (-6.62792, -4.97138) -> [ ]
    347 (-0.618694, 5.54752) -> [ 1903 (-0.958083, 3.99377); ]
    348 (20.7124, 0.559757) -> [ 429 (22.0641, 0.676732); ]
    349 (15.3906, 1.10083) -> [ ]
    350 (2.32286, 17.7831) -> [ ]
    352 (1.97376, 0.767076) -> [ 367 (2.58283, -0.904723); 1938 (3.31261, -0.604919); ]
    353 (-4.42616, 22.5063) -> [ 1216 (-5.68891, 23.892); ]
    354 (-9.78795, -3.96864) -> [ 1245 (-11.3546, -5.0297); ]
    355 (4.38689, -9.096) -> [ 293 (4.9338, -10.8749); 1177 (4.24198, -10.6858); ]
    356 (-7.77566, 0.107222) -> [ 1797 (-8.0205, -1.81352); 1960 (-6.58372, -1.26246); ]
    358 (-8.65062, 20.4733) -> [ 1364 (-9.69958, 19.0743); ]
    359 (2.43062, 11.2503) -> [ 1149 (3.19809, 9.54169); ]
    360 (19.707, 0.337928) -> [ ]
    361 (4.9538, 11.0492) -> [ 992 (6.53016, 12.1909); ]
    362 (-8.75039, 1.62228) -> [ 1840 (-8.36664, -0.0694836); 1967 (-9.04924, 0.0209209); ]
    365 (11.4056, -2.56993) -> [ 1881 (12.1783, -3.96828); 1981 (12.022, -4.04003); ]
    366 (19.3527, 2.30631) -> [ 410 (20.3198, 4.05694); ]
    367 (2.58283, -0.904723) -> [ 69 (4.3144, -1.83862); 530 (3.55409, -2.5924); 767 (2.98314, -2.66481); 818 (2.13142, -2.69539); 1110 (4.38378, -1.5696); 1225 (4.31, -0.722658); ]
    368 (6.97767, 5.92286) -> [ 281 (7.81056, 4.40229); 1513 (8.1866, 4.46804); ]
    369 (14.4795, -0.728154) -> [ 1564 (13.909, 1.00096); 1951 (15.8958, 0.119792); ]
    370 (-7.54077, 3.21503) -> [ ]
    374 (-11.2171, -9.1716) -> [ ]
    375 (-6.80127, -10.0343) -> [ ]
    378 (-6.79979, 5.2742) -> [ 1521 (-8.68798, 4.96986); ]
    379 (-3.16965, 5.94799) -> [ 1456 (-2.49259, 4.43948); ]
    380 (14.0183, 7.93743) -> [ 1326 (13.1455, 9.60668); ]
    384 (-11.561, 24.2645) -> [ ]
    387 (-8.7415, 9.01516) -> [ ]
    389 (11.8378, -5.06933) -> [ 1480 (13.5856, -4.29049); ]
    390 (12.6805, 1.59249) -> [ ]
    391 (-12.348, -10.6213) -> [ ]
    392 (-2.0507, 6.54688) -> [ ]
    393 (19.4794, -10.9297) -> [ 466 (20.6403, -12.0446); 835 (20.353, -12.3513); ]
    394 (3.61462, 9.7558) -> [ 1864 (4.92937, 8.25926); ]
    395 (-7.37916, 22.8788) -> [ ]
    396 (6.43325, 17.8023) -> [ ]
    397 (-1.11372, 2.78159) -> [ ]
    399 (20.8124, 13.8534) -> [ ]
    401 (19.8528, 8.76158) -> [ ]
    402 (-3.2048, 9.94207) -> [ ]
    403 (-11.3621, 19.1627) -> [ ]
    404 (3.69667, 7.79977) -> [ 1867 (5.44249, 7.01648); 1930 (3.90927, 6.08225); ]
    405 (4.84463, -9.13597) -> [ ]
    406 (-3.27351, -6.23402) -> [ ]
    407 (11.4472, 17.6813) -> [ 1718 (10.838, 16.3477); ]
    409 (5.81084, -8.14197) -> [ ]
    410 (20.3198, 4.05694) -> [ 1362 (20.6121, 5.69539); 1703 (22.1638, 4.40633); ]
    411 (23.8714, 3.79516) -> [ 1477 (24.5533, 5.23598); ]
    412 (12.1532, 7.21537) -> [ ]
    413 (-2.66829, -9.09842) -> [ 828 (-1.64802, -10.6218); ]
    414 (2.68036, -11.3571) -> [ 1735 (1.87139, -9.62157); ]
    417 (-5.00371, 0.529613) -> [ 1911 (-5.09176, -1.15285); ]
    418 (15.5084, 6.08554) -> [ 942 (16.6219, 7.62412); ]
    419 (18.7624, 2.67364) -> [ ]
    420 (0.199573, 13.2524) -> [ 760 (-1.37778, 12.6205); 967 (-1.07589, 12.4501); 1124 (-0.486056, 11.7899); 1697 (-1.30592, 12.002); 1988 (-1.47782, 13.5661); ]
    421 (22.3982, -1.59838) -> [ 1474 (23.5798, -2.294); 1590 (23.6288, -0.454716); 1653 (23.2644, -0.360691); ]
    422 (7.90808, -1.73531) -> [ 1571 (9.19857, -0.686436); 1695 (9.49253, -0.818153); 1852 (9.23173, -3.14521); ]
    423 (3.69993, 24.1873) -> [ ]
    424 (3.88363, -6.38616) -> [ 202 (3.14591, -7.90775); 220 (2.58045, -7.8505); 253 (4.22998, -8.0206); 654 (3.56269, -7.94165); 1319 (3.63941, -7.8914); 1455 (4.96867, -7.66705); ]
    426 (-10.1146, 2.55852) -> [ 1165 (-10.0525, 0.60703); ]
    427 (20.2269, 14.6505) -> [ ]
    428 (-11.3881, -8.32993) -> [ 1525 (-11.4595, -10.0932); ]
    430 (21.9369, -5.64671) -> [ ]
    431 (15.5866, 9.84933) -> [ ]
    432 (2.96912, 19.7925) -> [ 1222 (4.80764, 19.3969); 1711 (4.92655, 19.681); ]
    433 (-3.23497, -11.2164) -> [ 726 (-1.87181, -12.3245); ]
    434 (-4.14684, 24.9894) -> [ 884 (-5.73362, 24.7045); 1398 (-5.87112, 24.4158); ]
    435 (14.1256, 19.4916) -> [ 1678 (13.9378, 17.5283); ]
    436 (-3.30946, 18.4737) -> [ 271 (-2.74526, 20.1839); ]
    437 (4.6953, 5.50528) -> [ 98 (5.17731, 3.68536); ]
    439 (-2.01891, 11.2741) -> [ ]
    441 (18.297, -1.51079) -> [ ]
    443 (19.334, 21.1679) -> [ ]
    445 (12.3229, 7.88953) -> [ ]
    446 (18.2786, 11.9815) -> [ 1085 (19.0669, 13.7754); ]
    448 (-10.6503, -6.47096) -> [ 1520 (-11.87, -7.84388); 1998 (-9.18632, -7.71217); ]
    450 (-4.16726, 22.5662) -> [ ]
    451 (-6.82549, 5.89413) -> [ ]
    452 (-5.74871, 17.7922) -> [ ]
    453 (21.8292, 1.73526) -> [ 1209 (23.6505, 2.53044); ]
    456 (-10.669, 24.8173) -> [ ]
    457 (9.84199, 23.6844) -> [ ]
    458 (-9.06784, 7.27085) -> [ ]
    459 (1.64688, 6.78409) -> [ ]
    461 (24.7786, 1.77486) -> [ 894 (23.7928, 3.3329); ]
    462 (23.8524, 14.9219) -> [ ]
    463 (18.8981, 7.43169) -> [ ]
    464 (-3.54394, -1.9959) -> [ ]
    465 (-6.04504, 22.4045) -> [ 294 (-4.58055, 23.3813); 1250 (-6.85465, 23.1496); ]
    466 (20.6403, -12.0446) -> [ ]
    467 (5.86537, -2.20032) -> [ 223 (5.97548, -4.01835); ]
    469 (-11.1481, 7.55138) -> [ ]
    470 (-8.54374, -2.44957) -> [ ]
    471 (9.41678, -1.25152) -> [ ]
    472 (-11.2306, 17.9601) -> [ ]
    475 (8.21218, -4.93538) -> [ 1498 (9.18918, -5.81001); 1528 (9.68637, -5.69872); ]
    476 (8.92203, 3.56824) -> [ 970 (10.8249, 3.32174); 1832 (10.7801, 3.74396); ]
    477 (22.0994, 22.5998) -> [ ]
    478 (10.8243, -7.36867) -> [ ]
    479 (2.76834, 6.21153) -> [ ]
    480 (5.87737, 18.4417) -> [ ]
    481 (19.0048, 16.2136) -> [ ]
    482 (12.7707, -0.139285) -> [ 390 (12.6805, 1.59249); 1167 (13.6459, 1.25813); ]
    484 (-2.52807, -3.72582) -> [ ]
    485 (-7.0918, -6.23299) -> [ ]
    487 (14.1651, 17.9115) -> [ 1238 (14.3795, 16.4883); ]
    488 (14.6794, 0.569742) -> [ ]
    489 (-8.95488, -3.47867) -> [ ]
    490 (6.33585, 10.571) -> [ ]
    491 (19.2397, 3.2756) -> [ 1700 (19.6076, 5.21254); ]
    492 (1.6112, -5.5689) -> [ ]
    494 (-2.59105, -0.322075) -> [ 1561 (-1.92539, -1.81956); ]
    495 (15.5527, 23.3227) -> [ ]
    498 (20.948, 20.2211) -> [ ]
    499 (20.0327, 8.60918) -> [ 1772 (18.8909, 10.1168); ]
    501 (-2.46208, 15.6085) -> [ ]
    502 (-9.98699, -3.00252) -> [ ]
    503 (-7.87995, 13.2639) -> [ 1584 (-9.52083, 13.6419); 1846 (-9.53131, 12.6865); ]
    504 (5.59842, 24.8164) -> [ 1620 (7.12466, 23.6587); ]
    505 (-11.3396, 11.6895) -> [ ]
    509 (12.2023, 21.6952) -> [ 1509 (12.3078, 19.7337); ]
    510 (20.8987, -7.93303) -> [ 1342 (22.2842, -8.5762); ]
    512 (15.823, 11.356) -> [ 1809 (14.8323, 12.6782); ]
    513 (-2.11723, 1.06483) -> [ 1059 (-0.668217, -0.114512); ]
    515 (13.7758, 2.01832) -> [ 745 (15.1634, 3.20432); 1067 (13.9619, 3.74246); ]
    519 (6.94739, 24.5507) -> [ ]
    520 (-4.62461, 4.33016) -> [ ]
    521 (-7.84086, 17.6864) -> [ ]
    522 (20.2095, 16.7428) -> [ ]
    523 (-2.89493, 4.77142) -> [ ]
    525 (19.0969, -7.9159) -> [ ]
    526 (2.23068, 16.2119) -> [ 24 (1.17752, 17.4867); 1311 (3.38256, 14.9067); 1588 (4.15007, 16.6463); 1746 (1.54681, 17.5196); ]
    527 (-6.6441, 22.2463) -> [ 1309 (-6.5774, 24.2003); ]
    530 (3.55409, -2.5924) -> [ 1127 (5.28495, -2.91285); ]
    531 (21.325, -1.19951) -> [ ]
    532 (6.66667, -4.26579) -> [ 780 (6.84318, -6.21688); ]
    533 (-4.67561, -10.4469) -> [ ]
    534 (5.94539, 17.9212) -> [ ]
    535 (5.91919, -5.97353) -> [ 1354 (7.74299, -6.71204); ]
    536 (-2.26829, 4.52253) -> [ ]
    537 (-7.08255, -10.7208) -> [ ]
    538 (7.17176, 19.9506) -> [ 186 (8.89483, 20.3423); 715 (8.83069, 19.4545); 755 (7.70903, 21.3996); 837 (8.51964, 20.4516); 1618 (9.14444, 19.9735); ]
    539 (-10.4442, 10.0971) -> [ ]
    543 (23.003, -4.65788) -> [ 1210 (24.5287, -3.76463); ]
    544 (22.4967, -10.8206) -> [ 667 (21.5783, -11.9815); ]
    545 (-7.40213, 14.0797) -> [ ]
    546 (7.18258, -2.38995) -> [ 1176 (9.03646, -2.47598); ]
    548 (23.552, -8.48144) -> [ ]
    549 (-0.514218, 10.3571) -> [ ]
    550 (-12.0939, 12.1822) -> [ ]
    552 (2.82883, 16.0193) -> [ 1607 (4.66562, 16.0491); ]
    553 (23.5169, -5.28543) -> [ ]
    554 (20.82, 11.4864) -> [ ]
    555 (24.3788, 16.8514) -> [ 1650 (22.8906, 15.9013); ]
    556 (12.3137, 23.4175) -> [ 1358 (13.7716, 24.0813); ]
    559 (3.1878, -7.59302) -> [ 355 (4.38689, -9.096); ]
    560 (-7.03008, 4.12608) -> [ ]
    561 (24.2381, 9.97143) -> [ 1074 (24.9566, 8.60283); ]
    563 (11.2317, -8.87983) -> [ ]
    565 (-9.95268, 7.2546) -> [ ]
    566 (13.0855, -3.58106) -> [ 876 (14.73, -3.32103); ]
    567 (22.4304, 21.2971) -> [ ]
    569 (12.1155, 5.5725) -> [ 1433 (13.6826, 6.6017); ]
    570 (-0.675725, 8.69643) -> [ 588 (-1.80437, 7.10285); ]
    571 (-9.33719, -0.811713) -> [ ]
    573 (19.0575, 14.7319) -> [ ]
    574 (22.9929, -7.21244) -> [ ]
    575 (21.7537, -8.89501) -> [ ]
    576 (20.5004, 15.1732) -> [ ]
    578 (11.7928, -3.11919) -> [ 173 (12.9775, -1.60928); 389 (11.8378, -5.06933); 733 (13.1512, -4.31955); 1629 (13.4987, -2.30004); 1672 (13.03, -1.83922); ]
    580 (18.4562, -7.46374) -> [ 1693 (20.1368, -8.45173); ]
    582 (1.92677, 21.7667) -> [ 1924 (1.77542, 23.1824); 1995 (3.33806, 22.9379); ]
    583 (-8.6063, 19.4509) -> [ ]
    585 (-2.86326, -3.18236) -> [ 608 (-1.22695, -3.87919); 751 (-1.76403, -4.75859); 1332 (-1.21719, -3.65331); ]
    587 (14.3728, -10.137) -> [ ]
    588 (-1.80437, 7.10285) -> [ 317 (-3.64734, 6.46105); 379 (-3.16965, 5.94799); ]
    589 (-7.81317, 5.24924) -> [ ]
    590 (-10.0034, 14.8053) -> [ ]
    591 (10.4806, 2.71136) -> [ 907 (11.1014, 4.08351); ]
    592 (-8.77694, 19.4298) -> [ ]
    593 (14.6608, 16.092) -> [ 176 (14.2983, 14.1682); 415 (14.7787, 14.5282); 1298 (14.7212, 14.1111); ]
    594 (15.3321, -8.59656) -> [ 1281 (17.053, -7.71123); ]
    595 (-2.4271, -6.33054) -> [ ]
    596 (5.38702, -11.5756) -> [ ]
    597 (19.1748, 17.5486) -> [ ]
    599 (-10.3489, -2.2557) -> [ ]
    600 (-10.2313, -5.76523) -> [ ]
    601 (6.05625, 23.8053) -> [ 1175 (7.55362, 23.364); 1267 (7.55157, 23.82); 1652 (7.75718, 23.767); 1937 (7.60026, 23.8312); ]
    603 (4.90937, 0.777538) -> [ ]
    604 (-3.19436, 7.35101) -> [ 1275 (-3.95421, 6.4878); ]
    605 (0.0666696, 7.41753) -> [ 347 (-0.618694, 5.54752); 1641 (0.0295386, 5.73179); 1975 (1.94962, 7.29967); ]
    606 (19.6352, 1.99427) -> [ 759 (19.7483, 3.61784); ]
    610 (-8.09917, 13.0895) -> [ 1626 (-9.93553, 13.3372); 1761 (-9.77754, 12.5064); ]
    612 (24.0341, 15.5975) -> [ ]
    613 (-7.59474, 6.18253) -> [ ]
    614 (16.2252, 19.9471) -> [ ]
    616 (4.95175, 23.8273) -> [ ]
    618 (-5.13225, -10.3171) -> [ 375 (-6.80127, -10.0343); 537 (-7.08255, -10.7208); 1217 (-4.03394, -11.642); ]
    620 (-4.53294, 2.43341) -> [ ]
    622 (5.89491, -8.3145) -> [ 1097 (5.26147, -10.1144); 1386 (7.85373, -8.14145); 1516 (5.57987, -10.2068); 1732 (7.60469, -9.34876); ]
    623 (-9.76531, 16.8335) -> [ ]
    625 (-3.30751, -7.69024) -> [ ]
    626 (24.0834, 16.2464) -> [ ]
    627 (-5.41148, -6.54068) -> [ ]
    628 (3.31937, 17.9043) -> [ ]
    629 (-10.8626, 22.1199) -> [ 528 (-12.4944, 21.1776); 823 (-11.9325, 23.5517); 1401 (-12.4116, 21.955); 1986 (-10.8824, 24.0529); ]
    630 (-10.1152, 14.1088) -> [ ]
    631 (15.4822, -3.40715) -> [ 784 (17.2587, -3.87446); ]
    632 (0.303522, 18.218) -> [ ]
    633 (-3.73302, 2.74676) -> [ ]
    636 (22.6953, -6.19745) -> [ 543 (23.003, -4.65788); 841 (23.9728, -4.79083); 1757 (23.4543, -5.13335); ]
    637 (6.64882, 17.8192) -> [ 874 (7.95375, 17.1084); 1160 (8.43874, 17.9877); ]
    639 (-2.26636, 13.4603) -> [ ]
    644 (10.1366, 6.06635) -> [ 739 (12.0357, 6.69109); ]
    648 (21.1159, -1.49874) -> [ 638 (23.0082, -1.9123); ]
    650 (5.71346, -2.38149) -> [ ]
    651 (16.4161, 20.2424) -> [ ]
    652 (9.95172, -4.69429) -> [ ]
    653 (2.89321, 10.5951) -> [ 904 (4.78656, 10.6439); ]
    654 (3.56269, -7.94165) -> [ ]
    655 (-10.64, 1.64254) -> [ 796 (-9.39983, 0.311767); 1347 (-9.89167, -0.133632); 1523 (-11.145, -0.25817); ]
    656 (12.3746, 19.0092) -> [ 863 (13.5159, 17.517); 1668 (14.2236, 18.4928); ]
    658 (22.652, -5.65785) -> [ ]
    659 (4.25746, 22.7737) -> [ ]
    660 (5.4629, 16.1104) -> [ 83 (6.91389, 16.6256); 1230 (7.08429, 15.9842); 1344 (6.51503, 15.0059); ]
    661 (20.2966, 22.6361) -> [ 1053 (21.2896, 21.1002); 1120 (20.2233, 20.9708); ]
    662 (3.3885, 23.0343) -> [ 1879 (4.66662, 24.4989); ]
    663 (-4.99008, 5.82359) -> [ 1467 (-4.11173, 4.42034); ]
    664 (23.8223, 4.601) -> [ ]
    665 (6.87242, 14.0564) -> [ ]
    666 (19.9246, 9.42142) -> [ ]
    671 (-5.45058, -4.73506) -> [ 1188 (-7.19892, -4.68539); ]
    672 (-7.6857, 0.704927) -> [ ]
    674 (1.58369, 5.7236) -> [ 9 (3.04601, 4.39911); 383 (3.29762, 5.48217); 1115 (-0.127798, 5.90993); 1259 (2.82853, 4.38151); ]
    675 (9.12679, 18.1629) -> [ 698 (10.3747, 17.2123); ]
    676 (16.7922, 2.8192) -> [ 419 (18.7624, 2.67364); 1691 (18.2486, 2.71208); ]
    677 (-2.45492, 21.8795) -> [ ]
    678 (18.0763, 21.9726) -> [ ]
    679 (16.0129, 3.81288) -> [ ]
    680 (12.6022, -9.32637) -> [ 1380 (14.3219, -9.91293); ]
    682 (8.50394, 23.8631) -> [ 1660 (10.4239, 24.227); ]
    683 (-3.40763, -3.2312) -> [ 107 (-1.77241, -3.8399); 1585 (-2.56655, -4.5922); ]
    686 (20.7482, 22.3036) -> [ 1753 (22.089, 21.2409); ]
    687 (3.62384, 6.36408) -> [ ]
    688 (1.21151, -4.48789) -> [ ]
    689 (8.18135, 0.126598) -> [ 101 (8.88924, 1.8919); 1646 (9.3909, 1.28647); ]
    691 (3.48678, -5.64217) -> [ 1417 (4.90805, -6.70555); ]
    693 (6.92325, 9.85733) -> [ 982 (8.77395, 10.2181); 1589 (8.76518, 9.46553); ]
    696 (9.81765, 6.41749) -> [ ]
    697 (24.0982, 17.6734) -> [ ]
    698 (10.3747, 17.2123) -> [ ]
    699 (-2.40933, -11.4517) -> [ ]
    701 (-5.43824, 15.5304) -> [ ]
    702 (18.8303, 8.65346) -> [ ]
    703 (1.01759, 8.29907) -> [ 251 (2.1719, 7.25536); 459 (1.64688, 6.78409); 1663 (-0.395317, 6.9101); ]
    705 (19.6782, 12.9931) -> [ ]
    706 (-8.31222, -11.796) -> [ ]
    707 (7.11451, -7.17497) -> [ 826 (8.57847, -7.36153); 960 (7.92828, -8.87426); ]
    708 (11.333, 4.84975) -> [ ]
    710 (6.75767, 21.0597) -> [ ]
    713 (19.04, 17.3427) -> [ 1297 (19.9194, 16.1223); ]
    714 (-9.03041, 22.6122) -> [ 208 (-10.559, 22.5336); 1226 (-9.36667, 24.0923); 1302 (-8.58375, 24.1679); 1974 (-9.53523, 24.4778); ]
    715 (8.83069, 19.4545) -> [ ]
    717 (10.6716, 2.00311) -> [ 1207 (11.7704, 3.10611); ]
    718 (7.66426, -7.50855) -> [ 153 (8.86719, -8.99398); ]
    719 (-0.851115, -4.49426) -> [ 1404 (0.860716, -4.82727); 1939 (0.992821, -4.3319); ]
    720 (19.1512, 11.5667) -> [ ]
    725 (-4.79538, -12.4105) -> [ ]
    727 (5.25664, 10.5848) -> [ 363 (7.01272, 11.4215); 382 (6.45104, 11.8886); 693 (6.92325, 9.85733); 888 (6.86396, 11.6829); 1594 (6.98296, 10.8357); ]
    728 (18.3288, -10.4554) -> [ 974 (19.397, -11.4499); 1017 (19.1734, -12.041); ]
    729 (11.2128, 24.4921) -> [ 1231 (12.6602, 24.7191); ]
    730 (0.0814551, 2.3145) -> [ ]
    732 (23.4865, 1.30711) -> [ 900 (24.704, 2.52728); ]
    734 (19.8701, -2.95583) -> [ 648 (21.1159, -1.49874); ]
    735 (-4.4461, 10.8941) -> [ 1989 (-4.30609, 8.99562); ]
    736 (-11.6045, 6.80956) -> [ 1873 (-11.0891, 5.24191); ]
    739 (12.0357, 6.69109) -> [ 1572 (12.5315, 8.24409); ]
    744 (19.2955, 8.42843) -> [ ]
    745 (15.1634, 3.20432) -> [ 306 (16.6864, 3.1561); 1166 (14.9621, 4.72011); 1356 (17.1043, 3.4403); ]
    746 (-3.38479, 19.2025) -> [ 822 (-4.89131, 18.4441); 1335 (-2.7553, 20.9375); 1702 (-2.54637, 20.752); ]
    748 (1.35753, 6.58244) -> [ 473 (2.50733, 5.55179); ]
    750 (3.91318, 3.45708) -> [ 945 (5.34476, 2.4582); 1597 (5.20774, 2.02144); ]
    751 (-1.76403, -4.75859) -> [ 595 (-2.4271, -6.33054); 902 (-1.02874, -6.00836); 1022 (-0.61504, -6.03299); 1880 (-0.294095, -4.70559); ]
    752 (5.60564, 16.1823) -> [ ]
    753 (19.7836, 21.802) -> [ 1785 (19.04, 20.2057); ]
    755 (7.70903, 21.3996) -> [ ]
    756 (2.54709, 14.1317) -> [ 552 (2.82883, 16.0193); 1733 (2.81689, 15.8387); ]
    758 (20.1916, 7.46754) -> [ 1478 (20.9988, 9.26011); ]
    759 (19.7483, 3.61784) -> [ 1808 (20.6888, 5.10753); 1885 (19.9642, 5.50019); ]
    760 (-1.37778, 12.6205) -> [ 247 (-2.34564, 13.8612); 439 (-2.01891, 11.2741); 867 (-3.33773, 12.488); 1205 (-0.563047, 10.9535); 1443 (-2.62418, 14.1307); ]
    761 (19.5406, 6.97613) -> [ ]
    762 (9.96997, 2.64776) -> [ ]
    763 (-7.23334, 20.6239) -> [ ]
    765 (13.8354, 4.83796) -> [ 1096 (14.1251, 6.70574); ]
    766 (17.9922, 12.5355) -> [ ]
    767 (2.98314, -2.66481) -> [ ]
    768 (14.0345, 2.565) -> [ 1611 (15.8452, 2.57713); ]
    770 (2.37067, -3.43488) -> [ ]
    772 (20.2791, -2.32175) -> [ ]
    773 (16.7474, 5.28949) -> [ 109 (16.6181, 7.22837); 857 (16.2915, 6.74603); 1993 (16.1521, 6.56279); ]
    774 (-7.0141, 5.14384) -> [ 1696 (-8.77101, 4.98261); ]
    775 (5.99245, 16.3758) -> [ 135 (7.51695, 17.0784); ]
    776 (7.44985, 4.59777) -> [ ]
    778 (-3.26847, -5.2337) -> [ 1137 (-2.43958, -6.90587); 1526 (-3.20354, -7.1918); ]
    780 (6.84318, -6.21688) -> [ 718 (7.66426, -7.50855); 1008 (8.37762, -5.87984); ]
    781 (16.8467, 22.9075) -> [ ]
    783 (-6.81898, -2.41737) -> [ ]
    784 (17.2587, -3.87446) -> [ ]
    786 (-10.2616, -10.1149) -> [ ]
    787 (-5.66098, -10.1951) -> [ ]
    788 (15.6107, 10.6378) -> [ 1051 (14.8598, 12.2669); 1141 (15.4127, 12.4165); ]
    789 (24.3427, -6.72875) -> [ 1408 (24.61, -8.34043); ]
    790 (-4.24363, 2.21511) -> [ ]
    792 (6.35175, -2.82538) -> [ ]
    793 (22.6826, 16.0227) -> [ 626 (24.0834, 16.2464); 1371 (24.303, 16.6648); ]
    794 (19.0253, -10.422) -> [ 885 (20.193, -12.0063); ]
    795 (-4.93655, 7.03891) -> [ 1961 (-3.03621, 6.60501); ]
    796 (-9.39983, 0.311767) -> [ 1381 (-9.07549, -1.25384); ]
    797 (0.912002, -8.60287) -> [ 1887 (2.04332, -9.73768); ]
    799 (-12.2254, -6.48773) -> [ 1769 (-11.2724, -7.77214); ]
    800 (-3.93413, 16.9044) -> [ ]
    801 (22.3873, 14.5152) -> [ ]
    802 (14.3225, 19.9518) -> [ ]
    803 (20.6824, 17.7142) -> [ 986 (20.4728, 15.9082); ]
    804 (-5.14404, 2.67578) -> [ ]
    805 (-6.26335, 8.40625) -> [ 1580 (-5.98365, 6.71846); ]
    811 (7.0359, 4.40766) -> [ ]
    812 (19.3555, -3.03485) -> [ 1677 (21.0565, -2.7825); ]
    813 (22.3007, 22.8379) -> [ 1909 (23.3017, 24.4571); ]
    817 (-7.82057, 10.0415) -> [ 948 (-9.49929, 9.2587); 1834 (-7.38345, 8.25367); 1958 (-8.34136, 8.79105); ]
    818 (2.13142, -2.69539) -> [ 57 (3.87209, -3.65313); 965 (1.9248, -4.47688); ]
    819 (5.30905, 23.2954) -> [ ]
    821 (23.5522, -7.25207) -> [ 1151 (24.5503, -8.78166); ]
    822 (-4.89131, 18.4441) -> [ 669 (-6.14493, 19.4888); 934 (-6.07983, 19.4347); 1388 (-6.10746, 19.4067); ]
    823 (-11.9325, 23.5517) -> [ ]
    828 (-1.64802, -10.6218) -> [ 1644 (0.218182, -11.0099); 1850 (-0.318179, -10.1356); ]
    829 (0.269814, 22.673) -> [ ]
    830 (-10.7523, 2.118) -> [ 1614 (-10.8913, 0.826456); 1815 (-11.8326, 0.537733); ]
    831 (-0.743258, -11.7028) -> [ 1548 (0.804973, -12.0165); ]
    832 (8.10903, -8.65427) -> [ 1923 (9.99081, -8.17387); ]
    833 (14.5104, 19.379) -> [ 117 (16.2749, 20.199); ]
    835 (20.353, -12.3513) -> [ ]
    837 (8.51964, 20.4516) -> [ 320 (9.88448, 20.2804); ]
    842 (-10.2578, 14.1397) -> [ ]
    845 (-8.98956, 4.90237) -> [ ]
    846 (15.4116, 16.5656) -> [ 30 (15.3627, 15.1092); 34 (16.9775, 16.2892); ]
    849 (17.2227, 19.0503) -> [ ]
    850 (4.89636, 21.7245) -> [ ]
    851 (16.5338, -10.4422) -> [ ]
    852 (3.95213, -12.4031) -> [ ]
    853 (17.7333, -11.0922) -> [ 1407 (18.9183, -10.8423); ]
    856 (0.036471, 2.45961) -> [ ]
    857 (16.2915, 6.74603) -> [ ]
    858 (-8.77074, -3.72732) -> [ ]
    859 (-10.5141, 8.9907) -> [ 469 (-11.1481, 7.55138); 565 (-9.95268, 7.2546); 1990 (-11.3475, 7.79341); ]
    861 (17.7735, 15.7546) -> [ ]
    862 (-11.621, -11.4581) -> [ ]
    863 (13.5159, 17.517) -> [ 593 (14.6608, 16.092); ]
    864 (4.12883, -5.94716) -> [ 559 (3.1878, -7.59302); ]
    867 (-3.33773, 12.488) -> [ 735 (-4.4461, 10.8941); 1060 (-5.13184, 11.7243); 1274 (-5.02632, 11.6706); 1579 (-4.68074, 11.1231); ]
    868 (23.8993, -9.31367) -> [ ]
    869 (17.2605, -9.14924) -> [ 1042 (18.977, -8.36849); 1699 (19.0969, -8.60022); ]
    872 (2.56433, 17.8409) -> [ 1747 (2.05648, 19.4703); ]
    873 (-7.19258, 24.916) -> [ 1483 (-8.82036, 24.8629); ]
    874 (7.95375, 17.1084) -> [ 17 (9.46286, 15.9449); ]
    875 (11.9476, -2.48857) -> [ 118 (11.824, -4.27948); 506 (12.1926, -3.83833); 807 (11.8494, -3.92336); ]
    877 (14.753, 23.1734) -> [ ]
    881 (-5.13244, -5.01139) -> [ 1675 (-6.65287, -5.68963); ]
    883 (-6.84387, -7.22557) -> [ 1045 (-8.38522, -8.02812); ]
    884 (-5.73362, 24.7045) -> [ ]
    887 (17.1652, 10.1458) -> [ ]
    890 (1.83755, -5.34438) -> [ 215 (1.54529, -7.27762); ]
    892 (21.2664, 8.39643) -> [ 1826 (22.4613, 8.65176); 1900 (22.3888, 8.44946); 1941 (22.4836, 9.37991); ]
    893 (23.0748, 13.0542) -> [ ]
    894 (23.7928, 3.3329) -> [ 664 (23.8223, 4.601); 1158 (23.2035, 5.08815); ]
    896 (19.3359, 17.9841) -> [ 481 (19.0048, 16.2136); ]
    897 (5.18177, 12.7522) -> [ ]
    898 (21.5898, -2.35955) -> [ 340 (23.0646, -1.36323); ]
    899 (-0.357957, 20.2751) -> [ 988 (-0.859264, 22.1935); ]
    901 (4.76005, -5.43671) -> [ 535 (5.91919, -5.97353); ]
    904 (4.78656, 10.6439) -> [ 490 (6.33585, 10.571); 843 (6.59067, 10.1848); ]
    905 (4.54025, 6.73883) -> [ 1790 (6.32521, 6.32656); ]
    906 (21.6242, 12.28) -> [ ]
    907 (11.1014, 4.08351) -> [ ]
    908 (21.7675, 12.9109) -> [ ]
    909 (22.5409, 17.9422) -> [ 697 (24.0982, 17.6734); 793 (22.6826, 16.0227); 1426 (21.868, 16.5953); ]
    910 (23.0903, 24.9651) -> [ ]
    911 (22.5733, -7.36475) -> [ 789 (24.3427, -6.72875); 1708 (22.2618, -9.25533); ]
    912 (-10.3693, -6.70563) -> [ ]
    913 (-5.23306, -10.2571) -> [ ]
    914 (-7.95136, -9.94215) -> [ ]
    915 (-2.15345, 10.008) -> [ 304 (-2.61267, 8.58161); 570 (-0.675725, 8.69643); 987 (-0.895238, 8.72069); 1052 (-2.05099, 8.61196); ]
    917 (5.81465, 19.2077) -> [ ]
    920 (-6.04076, -1.86982) -> [ ]
    921 (-1.03416, 3.57967) -> [ ]
    923 (14.1056, 20.4985) -> [ 1704 (15.9106, 20.4426); ]
    924 (7.77, 7.2666) -> [ ]
    925 (18.1604, 16.6334) -> [ 685 (17.4265, 15.4671); 827 (17.8312, 15.617); 861 (17.7735, 15.7546); 1123 (19.2182, 15.7019); ]
    927 (14.2866, -6.70871) -> [ ]
    929 (-8.64056, -6.5971) -> [ ]
    930 (2.29359, 19.0306) -> [ ]
    933 (4.99933, -9.53938) -> [ ]
    934 (-6.07983, 19.4347) -> [ ]
    935 (-8.36195, 2.80487) -> [ 416 (-8.33955, 1.18218); ]
    936 (19.0202, 3.13474) -> [ 1349 (19.9352, 4.30539); 1470 (19.9724, 4.52186); ]
    939 (-11.4016, 18.9538) -> [ ]
    941 (16.1814, -7.55711) -> [ ]
    942 (16.6219, 7.62412) -> [ 65 (16.2268, 9.18972); 1061 (16.0885, 9.28196); ]
    943 (24.775, 17.6645) -> [ 1133 (24.8331, 16.773); 1200 (24.3161, 15.745); 1368 (24.9248, 15.8826); ]
    944 (-11.64, -3.72246) -> [ 1497 (-11.6294, -5.38939); ]
    945 (5.34476, 2.4582) -> [ ]
    948 (-9.49929, 9.2587) -> [ 1617 (-10.2378, 7.62294); 1715 (-11.3214, 10.0542); ]
    949 (4.6809, -1.14365) -> [ 1043 (6.46076, -1.62227); ]
    950 (23.6835, 22.3333) -> [ ]
    951 (17.0306, 6.8659) -> [ ]
    952 (-2.84322, -2.97872) -> [ ]
    953 (-3.73432, 7.02353) -> [ ]
    955 (2.43964, 15.0332) -> [ ]
    958 (-10.4332, 11.3508) -> [ 550 (-12.0939, 12.1822); 1844 (-12.248, 11.988); ]
    960 (7.92828, -8.87426) -> [ ]
    961 (-2.17214, 6.14422) -> [ 536 (-2.26829, 4.52253); 1019 (-2.02641, 4.1951); 1403 (-1.57269, 4.37125); ]
    962 (10.1356, 24.7316) -> [ 1712 (10.3983, 22.9059); ]
    963 (2.2323, 13.0584) -> [ ]
    964 (11.0007, -0.170657) -> [ ]
    965 (1.9248, -4.47688) -> [ 691 (3.48678, -5.64217); ]
    966 (13.3411, -7.24204) -> [ ]
    967 (-1.07589, 12.4501) -> [ ]
    968 (15.4191, 6.55554) -> [ 380 (14.0183, 7.93743); ]
    970 (10.8249, 3.32174) -> [ 708 (11.333, 4.84975); ]
    974 (19.397, -11.4499) -> [ 712 (21.2095, -12.2437); ]
    976 (3.77249, 18.8009) -> [ ]
    977 (-6.28754, 10.2757) -> [ 64 (-7.7082, 11.5693); 805 (-6.26335, 8.40625); 1623 (-5.81146, 8.63738); 1896 (-6.10698, 8.60796); ]
    978 (16.8639, 19.2272) -> [ ]
    979 (11.3958, 20.0964) -> [ ]
    980 (3.26996, -11.7213) -> [ 1731 (4.32994, -10.4614); ]
    981 (0.219459, -4.03166) -> [ ]
    984 (2.68425, -6.6742) -> [ 1224 (3.49792, -8.43171); ]
    986 (20.4728, 15.9082) -> [ ]
    987 (-0.895238, 8.72069) -> [ ]
    988 (-0.859264, 22.1935) -> [ 1935 (-1.68769, 23.8987); ]
    989 (-9.77309, 15.1609) -> [ ]
    990 (-3.98029, -3.41335) -> [ 778 (-3.26847, -5.2337); 1762 (-3.13263, -3.61935); 1913 (-4.58166, -4.59202); 1977 (-3.09783, -4.05012); ]
    991 (18.885, 13.4654) -> [ ]
    993 (3.93918, 22.7249) -> [ ]
    994 (15.2075, -0.472388) -> [ 326 (16.2209, 1.21103); 349 (15.3906, 1.10083); 820 (16.8715, -1.0174); 971 (16.7125, -0.479007); 1065 (16.7741, -0.965878); 1138 (16.3179, 0.922946); 1247 (15.4964, 1.29121); 1253 (16.083, 1.12099); ]
    995 (10.8382, 21.5031) -> [ 1320 (11.3854, 20.1518); 1966 (11.5266, 19.6564); ]
    996 (17.6107, 24.5208) -> [ 1154 (19.3774, 23.7814); ]
    997 (20.3578, 20.6032) -> [ ]
    999 (-9.0751, 4.26098) -> [ 426 (-10.1146, 2.55852); 937 (-9.67474, 2.78664); ]
    1000 (19.0486, 24.1492) -> [ 1883 (20.347, 23.6798); ]
    1001 (17.4832, -2.50211) -> [ 184 (18.3516, -4.15358); 441 (18.297, -1.51079); 541 (18.018, -1.03124); 812 (19.3555, -3.03485); 926 (17.7789, -1.4814); 1717 (18.6648, -1.48161); ]
    1002 (16.5162, 23.0235) -> [ 678 (18.0763, 21.9726); 996 (17.6107, 24.5208); ]
    1003 (1.8048, 24.4139) -> [ ]
    1004 (-12.1761, 13.0075) -> [ ]
    1005 (14.4185, 21.0613) -> [ ]
    1006 (20.7812, 12.6406) -> [ ]
    1010 (1.8701, -7.39779) -> [ ]
    1011 (23.8252, 14.1653) -> [ ]
    1014 (4.42878, 23.1834) -> [ 601 (6.05625, 23.8053); ]
    1016 (11.1838, 0.112912) -> [ ]
    1017 (19.1734, -12.041) -> [ 973 (20.8487, -11.2534); 1400 (20.8027, -12.3643); ]
    1018 (16.7609, 23.2289) -> [ 1530 (18.1472, 22.0992); ]
    1019 (-2.02641, 4.1951) -> [ 122 (-3.84055, 3.37669); 1073 (-3.6902, 3.36525); ]
    1020 (1.50143, -3.41991) -> [ 890 (1.83755, -5.34438); ]
    1022 (-0.61504, -6.03299) -> [ 1874 (1.02784, -5.95796); ]
    1025 (21.5064, 3.52313) -> [ 1954 (22.9965, 4.46764); ]
    1026 (19.0738, 8.83658) -> [ 1755 (18.6702, 10.613); ]
    1027 (-11.0403, 1.85343) -> [ 1532 (-11.0857, 0.192244); ]
    1029 (19.7972, 10.962) -> [ ]
    1030 (19.3085, 14.8695) -> [ ]
    1032 (-6.50978, 1.59048) -> [ 356 (-7.77566, 0.107222); 417 (-5.00371, 0.529613); ]
    1037 (17.1743, 10.9566) -> [ 512 (15.823, 11.356); ]
    1038 (7.0144, 22.5426) -> [ ]
    1039 (-4.55631, 1.28905) -> [ 88 (-3.54937, -0.15102); ]
    1041 (8.34483, 21.7012) -> [ 119 (10.0318, 21.9481); ]
    1042 (18.977, -8.36849) -> [ ]
    1043 (6.46076, -1.62227) -> [ 1128 (6.19107, -3.15772); ]
    1044 (13.5351, 20.4321) -> [ 1713 (14.6037, 18.798); ]
    1045 (-8.38522, -8.02812) -> [ ]
    1046 (12.7446, -8.26524) -> [ ]
    1047 (15.3066, 24.1579) -> [ 781 (16.8467, 22.9075); 1018 (16.7609, 23.2289); 1778 (16.9442, 24.9741); 1801 (15.4751, 22.499); 1814 (17.2827, 24.1267); 1947 (17.1863, 24.0393); ]
    1048 (1.14936, 19.5015) -> [ ]
    1052 (-2.05099, 8.61196) -> [ ]
    1053 (21.2896, 21.1002) -> [ ]
    1055 (-4.66235, -1.60217) -> [ 990 (-3.98029, -3.41335); ]
    1056 (-4.08547, 8.76869) -> [ ]
    1057 (2.85783, 22.4248) -> [ ]
    1058 (14.3875, 22.9468) -> [ ]
    1059 (-0.668217, -0.114512) -> [ 1965 (1.07949, -0.653481); ]
    1060 (-5.13184, 11.7243) -> [ 44 (-6.42886, 13.1066); 1609 (-6.09685, 13.2476); ]
    1061 (16.0885, 9.28196) -> [ 788 (15.6107, 10.6378); ]
    1062 (6.90362, 18.9472) -> [ 878 (8.74479, 18.6795); ]
    1063 (17.8203, 2.04398) -> [ 366 (19.3527, 2.30631); 491 (19.2397, 3.2756); 606 (19.6352, 1.99427); 936 (19.0202, 3.13474); 1984 (19.0733, 3.51512); ]
    1064 (1.3819, 23.1052) -> [ ]
    1066 (-4.99197, 5.28807) -> [ 1546 (-3.83486, 3.80602); 1781 (-6.32996, 4.5578); ]
    1067 (13.9619, 3.74246) -> [ 765 (13.8354, 4.83796); 1635 (15.9071, 4.17426); ]
    1068 (-5.58344, 6.3359) -> [ 1082 (-3.71765, 6.0459); ]
    1070 (8.20554, -2.2592) -> [ 318 (9.55344, -3.26829); 1560 (10.098, -2.90085); ]
    1071 (10.0318, 2.80382) -> [ ]
    1072 (2.05221, 24.4837) -> [ ]
    1073 (-3.6902, 3.36525) -> [ ]
    1075 (21.1156, -8.21933) -> [ 226 (21.8691, -9.92719); ]
    1076 (-8.21373, 17.7602) -> [ 623 (-9.76531, 16.8335); 1946 (-9.36788, 18.6613); ]
    1077 (-6.11461, -10.1175) -> [ 1861 (-7.93483, -10.9186); 1919 (-5.2197, -11.8021); ]
    1078 (10.1554, 23.8735) -> [ 729 (11.2128, 24.4921); ]
    1080 (-2.43254, 3.135) -> [ ]
    1081 (21.7148, 14.3274) -> [ ]
    1082 (-3.71765, 6.0459) -> [ ]
    1084 (3.45361, 24.4623) -> [ ]
    1086 (23.3984, 18.47) -> [ 555 (24.3788, 16.8514); 943 (24.775, 17.6645); ]
    1087 (22.6026, 20.6106) -> [ ]
    1089 (-4.34031, 4.42644) -> [ 804 (-5.14404, 2.67578); ]
    1090 (23.816, 11.7053) -> [ ]
    1091 (10.9274, 8.46125) -> [ 412 (12.1532, 7.21537); 1054 (12.4552, 9.67699); ]
    1092 (0.593028, -2.53163) -> [ 1264 (0.800375, -4.26269); ]
    1093 (3.39319, 24.4124) -> [ ]
    1094 (12.4299, -11.0528) -> [ 1220 (13.8649, -10.9567); ]
    1095 (8.62156, 8.28066) -> [ 1596 (9.39094, 9.93641); ]
    1096 (14.1251, 6.70574) -> [ ]
    1097 (5.26147, -10.1144) -> [ 1505 (6.83298, -11.0349); 1555 (5.98523, -11.7055); ]
    1098 (-10.9699, -12.353) -> [ ]
    1099 (12.5281, -0.745682) -> [ ]
    1100 (14.9659, 19.4301) -> [ 651 (16.4161, 20.2424); ]
    1101 (12.3039, 23.3428) -> [ ]
    1102 (-4.54517, -10.5935) -> [ 725 (-4.79538, -12.4105); 1372 (-5.97324, -11.8282); ]
    1105 (10.7278, -1.41757) -> [ 200 (11.8547, -2.73591); 256 (11.1496, -3.06339); 875 (11.9476, -2.48857); 1034 (11.7571, -2.8388); ]
    1106 (7.11003, 4.2893) -> [ 476 (8.92203, 3.56824); ]
    1107 (-11.8484, -9.51019) -> [ 1723 (-11.1554, -11.012); ]
    1108 (19.5489, -2.83705) -> [ ]
    1110 (4.38378, -1.5696) -> [ 1915 (6.3259, -1.94438); ]
    1111 (12.5895, 7.67057) -> [ 1605 (13.9602, 8.91375); ]
    1112 (-2.51054, -3.4158) -> [ 425 (-1.15286, -4.70562); 719 (-0.851115, -4.49426); ]
    1113 (9.64444, -8.59005) -> [ ]
    1116 (22.4547, 9.65762) -> [ 1249 (21.5446, 11.2223); ]
    1118 (11.0266, 20.8933) -> [ 1460 (12.6733, 20.6497); ]
    1119 (-2.21792, 0.470281) -> [ 45 (-2.76541, -1.37146); 814 (-2.8511, -1.25521); 1279 (-1.92244, -1.50509); ]
    1120 (20.2233, 20.9708) -> [ ]
    1121 (3.98452, 16.6158) -> [ 660 (5.4629, 16.1104); 752 (5.60564, 16.1823); ]
    1122 (12.1182, 2.2294) -> [ ]
    1123 (19.2182, 15.7019) -> [ 39 (17.5436, 16.4422); ]
    1124 (-0.486056, 11.7899) -> [ ]
    1125 (-3.76899, -5.71547) -> [ 1208 (-3.72779, -7.66013); 1374 (-4.51716, -7.29112); ]
    1126 (20.1742, -7.30324) -> [ 1075 (21.1156, -8.21933); 1424 (21.4937, -6.5835); 1925 (21.8743, -6.40895); ]
    1127 (5.28495, -2.91285) -> [ 37 (5.48941, -4.40635); 532 (6.66667, -4.26579); 1413 (6.53956, -3.27952); 1575 (5.67638, -4.64405); 1777 (6.56567, -3.35496); ]
    1129 (21.3085, 11.8234) -> [ 1805 (19.5532, 12.7728); ]
    1130 (17.5104, 18.52) -> [ 925 (18.1604, 16.6334); ]
    1131 (-6.31733, -11.8292) -> [ ]
    1133 (24.8331, 16.773) -> [ ]
    1134 (-3.2908, 21.6298) -> [ 338 (-3.12468, 23.6094); 1199 (-3.65161, 23.3344); ]
    1136 (10.7912, -1.83346) -> [ 1842 (12.2025, -3.19477); ]
    1137 (-2.43958, -6.90587) -> [ ]
    1138 (16.3179, 0.922946) -> [ 1063 (17.8203, 2.04398); ]
    1140 (23.2291, 23.3723) -> [ ]
    1142 (7.09099, -0.756112) -> [ 203 (9.0326, -0.580205); ]
    1143 (0.553739, -7.378) -> [ ]
    1144 (22.4494, 21.4856) -> [ ]
    1146 (14.3905, 8.52111) -> [ ]
    1147 (9.49776, 1.91433) -> [ 932 (11.3173, 2.59662); ]
    1149 (3.19809, 9.54169) -> [ ]
    1150 (24.9425, -9.51224) -> [ ]
    1152 (14.9766, -6.09261) -> [ 341 (14.6013, -7.92498); 1512 (14.8595, -7.77239); 1768 (16.569, -5.24947); ]
    1153 (1.30371, 12.622) -> [ 359 (2.43062, 11.2503); 1689 (2.45531, 10.9978); ]
    1154 (19.3774, 23.7814) -> [ 105 (18.9518, 21.9104); 661 (20.2966, 22.6361); ]
    1158 (23.2035, 5.08815) -> [ 209 (24.0538, 6.77206); 1667 (24.8815, 5.54807); ]
    1159 (-1.78389, 5.51513) -> [ 242 (-1.29415, 3.68169); 1910 (-1.6541, 3.72268); ]
    1160 (8.43874, 17.9877) -> [ 442 (9.73888, 16.4724); ]
    1161 (23.2578, 11.8032) -> [ ]
    1163 (-10.8688, 19.3474) -> [ ]
    1164 (4.97874, 19.5213) -> [ ]
    1165 (-10.0525, 0.60703) -> [ 816 (-11.5294, 1.15409); 931 (-11.5933, 0.325952); ]
    1166 (14.9621, 4.72011) -> [ 968 (15.4191, 6.55554); 1491 (14.73, 6.57344); 1511 (14.5483, 6.01189); 1985 (15.7255, 6.45306); ]
    1168 (22.3453, 13.7721) -> [ ]
    1169 (-8.80271, 20.6201) -> [ 916 (-10.7265, 21.1511); 1346 (-10.6607, 21.1573); ]
    1170 (22.1044, 10.5757) -> [ 906 (21.6242, 12.28); 1129 (21.3085, 11.8234); 1671 (22.0824, 11.9056); 1779 (21.7516, 12.3239); 1813 (21.3168, 11.8133); ]
    1171 (17.7576, 14.1003) -> [ 161 (16.9298, 14.8562); ]
    1172 (-11.6136, -10.8293) -> [ 1888 (-10.033, -11.5935); ]
    1173 (24.6221, -1.65873) -> [ 1232 (24.4303, -0.150004); ]
    1175 (7.55362, 23.364) -> [ 1041 (8.34483, 21.7012); ]
    1176 (9.03646, -2.47598) -> [ 1136 (10.7912, -1.83346); ]
    1177 (4.24198, -10.6858) -> [ ]
    1179 (19.4059, 23.3633) -> [ ]
    1182 (-9.70255, 15.4967) -> [ 474 (-10.7073, 16.92); ]
    1184 (12.2102, 3.13834) -> [ ]
    1185 (-5.15726, 5.91118) -> [ 520 (-4.62461, 4.33016); 1089 (-4.34031, 4.42644); ]
    1186 (10.7593, -10.0878) -> [ 680 (12.6022, -9.32637); 1094 (12.4299, -11.0528); 1463 (12.4204, -9.13885); 1773 (12.1983, -9.90751); ]
    1188 (-7.19892, -4.68539) -> [ 485 (-7.0918, -6.23299); ]
    1190 (4.10313, 21.4439) -> [ 1437 (5.11464, 23.0872); 1904 (5.48925, 20.3342); 1982 (5.55227, 20.3679); ]
    1191 (9.85787, 2.88476) -> [ 1976 (11.0978, 4.23304); ]
    1192 (17.4521, 18.8371) -> [ ]
    1193 (15.2439, 23.5565) -> [ 562 (16.4231, 24.6049); 645 (16.4221, 24.6665); ]
    1197 (10.6673, -1.30285) -> [ 1099 (12.5281, -0.745682); 1280 (12.3343, -0.479758); 1860 (12.2903, -0.416505); ]
    1198 (-12.4095, 8.26308) -> [ ]
    1200 (24.3161, 15.745) -> [ 1853 (23.7184, 13.863); ]
    1205 (-0.563047, 10.9535) -> [ 199 (-0.712247, 9.20483); 373 (-1.04399, 9.19293); 388 (-1.22716, 9.22472); 915 (-2.15345, 10.008); 1628 (0.261239, 9.40087); ]
    1206 (11.0632, 8.15738) -> [ 1591 (13.0616, 8.07626); ]
    1208 (-3.72779, -7.66013) -> [ 1327 (-4.8373, -9.01715); ]
    1211 (14.0219, 16.8127) -> [ ]
    1212 (-7.50954, -1.30595) -> [ ]
    1213 (20.5365, -0.39765) -> [ 695 (21.4776, 1.32181); ]
    1214 (6.85576, 23.2156) -> [ ]
    1215 (-4.01473, 20.383) -> [ 196 (-5.5113, 21.6111); ]
    1216 (-5.68891, 23.892) -> [ 873 (-7.19258, 24.916); ]
    1218 (6.55916, 23.1321) -> [ 386 (8.14275, 22.5359); ]
    1219 (2.46569, 2.82774) -> [ ]
    1220 (13.8649, -10.9567) -> [ 1741 (14.8633, -12.128); 1839 (14.1657, -12.4891); 1922 (14.9087, -11.9977); ]
    1221 (6.87162, 2.73645) -> [ 776 (7.44985, 4.59777); ]
    1222 (4.80764, 19.3969) -> [ 534 (5.94539, 17.9212); 1899 (6.67047, 19.6719); ]
    1224 (3.49792, -8.43171) -> [ 933 (4.99933, -9.53938); ]
    1226 (-9.36667, 24.0923) -> [ 456 (-10.669, 24.8173); ]
    1227 (12.0834, -1.65153) -> [ 482 (12.7707, -0.139285); 1833 (13.9054, -1.31947); ]
    1228 (20.1158, 6.84453) -> [ 401 (19.8528, 8.76158); 499 (20.0327, 8.60918); 744 (19.2955, 8.42843); 892 (21.2664, 8.39643); ]
    1229 (16.9188, 6.39524) -> [ ]
    1230 (7.08429, 15.9842) -> [ ]
    1231 (12.6602, 24.7191) -> [ 301 (13.1036, 23.9397); ]
    1233 (0.484378, -4.56165) -> [ ]
    1236 (-0.792136, 18.2596) -> [ ]
    1237 (-1.71149, 1.61883) -> [ ]
    1238 (14.3795, 16.4883) -> [ 1494 (13.9409, 14.9614); ]
    1243 (4.38364, 8.55683) -> [ 241 (6.26973, 8.58809); ]
    1244 (-9.69447, -8.82388) -> [ ]
    1245 (-11.3546, -5.0297) -> [ ]
    1248 (-7.93291, 15.2662) -> [ ]
    1249 (21.5446, 11.2223) -> [ 133 (21.2593, 12.5127); 307 (22.1165, 12.5002); 908 (21.7675, 12.9109); 1559 (21.3362, 13.086); ]
    1251 (23.5834, -8.61641) -> [ 838 (24.7076, -7.43327); 1269 (24.9453, -7.4373); ]
    1253 (16.083, 1.12099) -> [ 676 (16.7922, 2.8192); ]
    1255 (0.38768, 17.0138) -> [ 1236 (-0.792136, 18.2596); ]
    1257 (-1.99079, 2.37395) -> [ 55 (-0.692117, 1.02391); 315 (-1.52387, 0.716726); 1119 (-2.21792, 0.470281); ]
    1259 (2.82853, 4.38151) -> [ 750 (3.91318, 3.45708); 1282 (2.77733, 2.38271); ]
    1261 (17.4432, 12.4162) -> [ 32 (15.7719, 13.1516); ]
    1262 (9.38251, 22.3968) -> [ 995 (10.8382, 21.5031); ]
    1263 (10.4663, -0.962715) -> [ ]
    1265 (21.3459, -7.68162) -> [ 1411 (23.1737, -8.27925); ]
    1266 (23.6436, -8.4945) -> [ 1150 (24.9425, -9.51224); ]
    1267 (7.55157, 23.82) -> [ 1640 (9.24248, 22.8075); ]
    1268 (10.9802, 22.1584) -> [ 70 (11.389, 20.4792); 1009 (11.9407, 21.0225); ]
    1270 (3.78493, 23.0159) -> [ 819 (5.30905, 23.2954); ]
    1273 (23.8215, 13.2019) -> [ ]
    1274 (-5.02632, 11.6706) -> [ 1687 (-4.51454, 9.82177); 1744 (-6.78754, 11.6884); ]
    1277 (-4.78873, -3.16149) -> [ 77 (-3.74963, -4.14094); ]
    1279 (-1.92244, -1.50509) -> [ 529 (-3.07156, -1.63782); 585 (-2.86326, -3.18236); 635 (-2.96468, -2.39132); 952 (-2.84322, -2.97872); 1112 (-2.51054, -3.4158); ]
    1280 (12.3343, -0.479758) -> [ 342 (14.2038, 0.139502); 1481 (12.8859, 1.26198); ]
    1281 (17.053, -7.71123) -> [ ]
    1282 (2.77733, 2.38271) -> [ 189 (0.8414, 2.57505); ]
    1283 (-2.32806, 13.68) -> [ ]
    1284 (20.3587, 18.0887) -> [ 1547 (20.5587, 16.442); 1950 (21.1466, 16.7375); ]
    1286 (16.0012, -8.20584) -> [ 1312 (17.6107, -9.10783); ]
    1288 (-3.68705, 3.75019) -> [ ]
    1291 (-5.18644, 8.22276) -> [ 454 (-6.29448, 7.7695); 1794 (-4.03727, 6.75819); ]
    1292 (1.68566, -2.28994) -> [ ]
    1294 (17.5278, -10.2577) -> [ ]
    1297 (19.9194, 16.1223) -> [ 573 (19.0575, 14.7319); 1030 (19.3085, 14.8695); ]
    1299 (-6.38492, 17.8441) -> [ 316 (-8.20933, 18.5003); ]
    1301 (-8.60333, 16.1551) -> [ 1514 (-10.3136, 17.0655); ]
    1302 (-8.58375, 24.1679) -> [ 1544 (-10.0915, 24.5013); ]
    1303 (2.72169, -3.36767) -> [ ]
    1304 (-6.89065, -11.2187) -> [ ]
    1305 (-4.98062, -4.19623) -> [ 128 (-5.30607, -5.95339); 162 (-5.431, -5.6011); 346 (-6.62792, -4.97138); 810 (-3.63698, -2.98398); 928 (-3.09995, -4.03279); 1125 (-3.76899, -5.71547); ]
    1307 (5.73489, -11.0167) -> [ 617 (7.35444, -11.9351); 1393 (7.25317, -11.9733); 1630 (7.47697, -11.6784); ]
    1312 (17.6107, -9.10783) -> [ 240 (18.3731, -10.3802); 525 (19.0969, -7.9159); 728 (18.3288, -10.4554); 794 (19.0253, -10.422); 853 (17.7333, -11.0922); ]
    1315 (9.03315, 8.52837) -> [ 1821 (9.76278, 6.79915); ]
    1316 (14.4062, -7.43617) -> [ 577 (14.7534, -9.33507); ]
    1317 (23.1524, 13.3682) -> [ ]
    1318 (-2.35974, 4.84116) -> [ ]
    1319 (3.63941, -7.8914) -> [ ]
    1321 (4.89936, 16.9382) -> [ 396 (6.43325, 17.8023); 637 (6.64882, 17.8192); ]
    1323 (-2.1408, 23.4963) -> [ ]
    1325 (1.6475, 11.4837) -> [ 154 (3.43562, 11.3837); ]
    1327 (-4.8373, -9.01715) -> [ 1077 (-6.11461, -10.1175); 1102 (-4.54517, -10.5935); ]
    1328 (-9.2855, -3.06002) -> [ 1996 (-9.2533, -4.57419); ]
    1330 (22.1893, 13.6118) -> [ ]
    1331 (-6.25314, 4.85951) -> [ 1461 (-5.4267, 3.05511); 1604 (-7.99428, 4.11169); 1793 (-7.63271, 3.68314); ]
    1332 (-1.21719, -3.65331) -> [ 981 (0.219459, -4.03166); 1233 (0.484378, -4.56165); ]
    1333 (-7.76691, 2.27178) -> [ 672 (-7.6857, 0.704927); 808 (-6.45086, 0.770033); ]
    1334 (7.97146, 2.41973) -> [ 134 (9.94531, 2.55657); 1191 (9.85787, 2.88476); ]
    1335 (-2.7553, 20.9375) -> [ 299 (-4.55373, 21.5634); ]
    1336 (-2.45904, -11.4095) -> [ ]
    1338 (2.94748, 12.5105) -> [ 328 (4.47801, 12.3423); ]
    1339 (-2.414, 23.8298) -> [ 1015 (-4.27476, 23.9253); ]
    1340 (-9.81763, -3.26852) -> [ 944 (-11.64, -3.72246); ]
    1341 (5.76868, 6.34952) -> [ 1971 (7.47378, 6.80109); ]
    1342 (22.2842, -8.5762) -> [ ]
    1344 (6.51503, 15.0059) -> [ 1135 (8.4458, 15.0284); ]
    1349 (19.9352, 4.30539) -> [ ]
    1353 (0.709126, 3.31148) -> [ 1501 (2.42949, 2.29731); ]
    1354 (7.74299, -6.71204) -> [ 274 (9.4574, -7.34168); 731 (8.95039, -5.39863); 832 (8.10903, -8.65427); 1484 (8.50521, -8.05498); ]
    1356 (17.1043, 3.4403) -> [ 145 (16.3219, 5.05603); 773 (16.7474, 5.28949); 1464 (18.776, 4.34532); ]
    1358 (13.7716, 24.0813) -> [ 495 (15.5527, 23.3227); 1047 (15.3066, 24.1579); 1193 (15.2439, 23.5565); 1736 (14.945, 23.065); ]
    1359 (-8.93337, -6.65765) -> [ ]
    1362 (20.6121, 5.69539) -> [ ]
    1363 (2.24951, 23.975) -> [ ]
    1364 (-9.69958, 19.0743) -> [ 403 (-11.3621, 19.1627); 939 (-11.4016, 18.9538); ]
    1365 (0.946187, 10.2031) -> [ 212 (1.61272, 9.07441); 642 (1.81579, 8.49735); 703 (1.01759, 8.29907); 1549 (1.81177, 8.45245); ]
    1368 (24.9248, 15.8826) -> [ ]
    1370 (15.5659, 10.7194) -> [ ]
    1374 (-4.51716, -7.29112) -> [ 791 (-4.66232, -9.09075); 855 (-4.58562, -8.94032); 1926 (-5.77285, -8.19649); ]
    1376 (23.2351, -6.6868) -> [ 1854 (24.8951, -5.67435); ]
    1379 (10.4908, 22.6035) -> [ 1118 (11.0266, 20.8933); ]
    1380 (14.3219, -9.91293) -> [ 1369 (15.9653, -10.9546); 1545 (15.5932, -11.2881); ]
    1381 (-9.07549, -1.25384) -> [ 502 (-9.98699, -3.00252); ]
    1386 (7.85373, -8.14145) -> [ 1113 (9.64444, -8.59005); 1709 (8.95088, -9.3828); ]
    1388 (-6.10746, 19.4067) -> [ ]
    1390 (-1.9712, -7.14088) -> [ ]
    1391 (13.2001, -9.77656) -> [ 290 (13.5624, -11.7084); ]
    1394 (-3.01945, -8.05938) -> [ ]
    1395 (-4.53476, -3.63499) -> [ 957 (-5.25192, -5.23852); ]
    1396 (-4.69581, 0.267902) -> [ 1055 (-4.66235, -1.60217); ]
    1400 (20.8027, -12.3643) -> [ 757 (22.2121, -11.8464); ]
    1402 (-4.61631, 9.13428) -> [ ]
    1403 (-1.57269, 4.37125) -> [ ]
    1404 (0.860716, -4.82727) -> [ 58 (2.52481, -5.13125); ]
    1406 (-7.82781, 5.31457) -> [ ]
    1407 (18.9183, -10.8423) -> [ 716 (19.436, -12.4117); ]
    1409 (18.8107, 18.9355) -> [ ]
    1410 (2.26558, 2.81707) -> [ 1174 (0.423602, 2.0756); ]
    1411 (23.1737, -8.27925) -> [ ]
    1412 (22.2482, 20.9216) -> [ ]
    1414 (2.84473, 20.4984) -> [ ]
    1416 (-11.5625, -12.1117) -> [ ]
    1417 (4.90805, -6.70555) -> [ 409 (5.81084, -8.14197); 622 (5.89491, -8.3145); 1931 (5.86439, -8.01643); ]
    1418 (23.1087, 19.7882) -> [ ]
    1421 (-3.41098, 11.5807) -> [ ]
    1423 (12.0675, -9.94801) -> [ 1737 (13.7338, -8.91299); ]
    1424 (21.4937, -6.5835) -> [ 574 (22.9929, -7.21244); 1420 (22.9229, -7.19768); 1608 (22.9504, -7.24849); ]
    1425 (16.5038, -7.58149) -> [ 580 (18.4562, -7.46374); 869 (17.2605, -9.14924); ]
    1426 (21.868, 16.5953) -> [ ]
    1428 (-3.57161, -6.92007) -> [ 673 (-3.80603, -8.47079); ]
    1429 (5.05971, 7.98872) -> [ 143 (6.74633, 7.37894); ]
    1430 (-11.3488, -9.21236) -> [ 1172 (-11.6136, -10.8293); ]
    1431 (1.08544, 0.172581) -> [ 1482 (1.62075, -1.73296); 1978 (1.28958, -1.2727); ]
    1432 (-5.91814, 1.33875) -> [ 1767 (-5.23359, -0.198239); 1866 (-4.49721, 0.655731); ]
    1433 (13.6826, 6.6017) -> [ ]
    1434 (-9.64739, 3.1744) -> [ 362 (-8.75039, 1.62228); 655 (-10.64, 1.64254); 1027 (-11.0403, 1.85343); ]
    1435 (9.15588, -5.09902) -> [ 1932 (10.7054, -6.25768); 1942 (10.5355, -6.29301); ]
    1437 (5.11464, 23.0872) -> [ 504 (5.59842, 24.8164); 1038 (7.0144, 22.5426); 1214 (6.85576, 23.2156); 1218 (6.55916, 23.1321); 1876 (6.71715, 23.9408); ]
    1440 (3.15168, -5.41199) -> [ 56 (3.62729, -7.27637); 624 (4.63574, -5.79683); ]
    1442 (17.7864, 19.6953) -> [ ]
    1443 (-2.62418, 14.1307) -> [ 132 (-4.38604, 14.7245); ]
    1444 (5.96093, -1.98037) -> [ ]
    1445 (0.967582, 13.2405) -> [ 1325 (1.6475, 11.4837); 1535 (2.05963, 11.8772); ]
    1448 (11.8265, -10.1078) -> [ 879 (13.5155, -10.2803); 1391 (13.2001, -9.77656); ]
    1449 (10.3529, 22.3642) -> [ 509 (12.2023, 21.6952); 1574 (11.7599, 21.0628); ]
    1450 (-8.94253, 15.6509) -> [ 1837 (-10.1418, 16.32); 1953 (-10.4312, 14.8857); ]
    1451 (-4.96852, 9.482) -> [ ]
    1452 (-1.36143, -2.40857) -> [ 922 (0.0533016, -3.04289); 1092 (0.593028, -2.53163); 1631 (0.224617, -3.10547); ]
    1454 (18.0619, 5.86346) -> [ 463 (18.8981, 7.43169); 951 (17.0306, 6.8659); 1758 (17.614, 7.51533); ]
    1455 (4.96867, -7.66705) -> [ 1012 (6.63734, -8.39631); 1405 (6.54363, -8.24012); ]
    1457 (1.4472, -12.0304) -> [ 980 (3.26996, -11.7213); 1252 (3.05198, -12.2594); ]
    1460 (12.6733, 20.6497) -> [ 886 (14.4973, 20.8736); ]
    1461 (-5.4267, 3.05511) -> [ 1032 (-6.50978, 1.59048); 1039 (-4.55631, 1.28905); 1432 (-5.91814, 1.33875); 1648 (-4.11226, 1.91026); 1674 (-5.43815, 1.49484); ]
    1462 (23.8606, 10.3334) -> [ 345 (24.7384, 12.0196); 507 (24.1645, 11.4294); 607 (24.822, 8.61005); 1090 (23.816, 11.7053); ]
    1464 (18.776, 4.34532) -> [ 508 (18.2089, 6.16348); 1454 (18.0619, 5.86346); 1917 (17.4601, 5.79891); ]
    1465 (15.0976, -3.61058) -> [ 235 (16.9007, -3.98122); ]
    1467 (-4.11173, 4.42034) -> [ 633 (-3.73302, 2.74676); ]
    1470 (19.9724, 4.52186) -> [ ]
    1471 (6.51063, -3.92018) -> [ 475 (8.21218, -4.93538); ]
    1472 (5.76844, 11.2316) -> [ 129 (7.34922, 10.2379); 785 (7.26627, 12.0889); ]
    1473 (21.0901, 0.441487) -> [ ]
    1475 (-2.71647, 17.0694) -> [ ]
    1476 (2.53026, 23.8096) -> [ ]
    1477 (24.5533, 5.23598) -> [ 1782 (23.5486, 6.47056); ]
    1478 (20.9988, 9.26011) -> [ 171 (19.9099, 9.92807); 190 (19.5052, 10.0667); 333 (22.6604, 9.40536); 400 (19.5162, 9.31422); 666 (19.9246, 9.42142); 985 (22.0563, 9.60475); 1116 (22.4547, 9.65762); 1170 (22.1044, 10.5757); ]
    1481 (12.8859, 1.26198) -> [ 768 (14.0345, 2.565); 1536 (14.6654, 2.1706); ]
    1482 (1.62075, -1.73296) -> [ 770 (2.37067, -3.43488); 1020 (1.50143, -3.41991); 1103 (1.35641, -3.38663); 1241 (2.47414, -3.0695); 1303 (2.72169, -3.36767); ]
    1485 (-6.72859, 18.5836) -> [ 1787 (-8.22341, 19.0779); ]
    1486 (-11.2661, -4.81744) -> [ 448 (-10.6503, -6.47096); 581 (-12.1649, -6.50949); 799 (-12.2254, -6.48773); 1181 (-11.0732, -5.85242); 1774 (-11.1519, -6.58258); ]
    1489 (-7.2879, -8.5479) -> [ ]
    1490 (-0.390751, 4.1755) -> [ ]
    1491 (14.73, 6.57344) -> [ 141 (14.4064, 8.36147); 1146 (14.3905, 8.52111); 1949 (14.2155, 8.46009); ]
    1493 (-9.17553, 6.33058) -> [ ]
    1495 (1.34582, 13.4082) -> [ 1422 (2.96632, 14.5661); ]
    1496 (19.29, 13.5379) -> [ 1171 (17.7576, 14.1003); ]
    1497 (-11.6294, -5.38939) -> [ 912 (-10.3693, -6.70563); ]
    1498 (9.18918, -5.81001) -> [ ]
    1499 (-10.5928, 10.9619) -> [ ]
    1500 (-3.03854, -6.24711) -> [ ]
    1502 (2.49164, 20.1799) -> [ 1598 (3.70676, 21.6605); 1621 (4.26452, 20.5755); ]
    1504 (-10.7299, 4.64994) -> [ ]
    1507 (19.3411, -5.32545) -> [ 292 (21.0803, -6.16679); ]
    1508 (5.96855, 18.9217) -> [ 1582 (7.46525, 17.6011); ]
    1509 (12.3078, 19.7337) -> [ 168 (14.1965, 19.5615); 923 (14.1056, 20.4985); 1698 (13.556, 18.7566); ]
    1511 (14.5483, 6.01189) -> [ ]
    1518 (2.70709, 5.67608) -> [ 437 (4.6953, 5.50528); 542 (4.55392, 6.12324); 1859 (3.99382, 4.50126); ]
    1520 (-11.87, -7.84388) -> [ 374 (-11.2171, -9.1716); 1430 (-11.3488, -9.21236); 1901 (-11.2849, -9.56117); ]
    1521 (-8.68798, 4.96986) -> [ ]
    1522 (1.70394, 18.4299) -> [ 432 (2.96912, 19.7925); 547 (2.8179, 19.8162); 1246 (1.83664, 20.053); 1502 (2.49164, 20.1799); 1558 (3.05625, 19.8597); ]
    1525 (-11.4595, -10.0932) -> [ ]
    1526 (-3.20354, -7.1918) -> [ 148 (-2.73869, -8.84324); 413 (-2.66829, -9.09842); 709 (-3.99071, -8.07506); 1682 (-1.75552, -8.31208); 1766 (-1.84664, -6.96975); 1894 (-1.23309, -7.38813); ]
    1527 (19.2889, 11.6505) -> [ 322 (18.9785, 13.0462); 711 (18.8706, 13.3627); 766 (17.9922, 12.5355); 991 (18.885, 13.4654); 1261 (17.4432, 12.4162); 1496 (19.29, 13.5379); 1825 (17.4115, 11.715); 1968 (17.5265, 12.3023); 1997 (21.151, 12.3714); ]
    1528 (9.68637, -5.69872) -> [ 91 (10.155, -7.46375); 1893 (10.8615, -7.14556); 1929 (10.5643, -7.03875); ]
    1529 (3.79071, -0.112871) -> [ 35 (5.33004, -1.30043); 252 (5.34888, -1.17615); 1991 (5.41328, -0.532379); ]
    1530 (18.1472, 22.0992) -> [ 93 (17.8974, 20.2109); 211 (19.9529, 22.1709); 443 (19.334, 21.1679); 753 (19.7836, 21.802); 889 (19.4924, 21.4828); 1179 (19.4059, 23.3633); 1934 (17.4306, 20.5038); ]
    1531 (21.0034, 23.4789) -> [ 321 (22.9421, 23.2382); 1661 (22.3906, 23.7526); ]
    1532 (-11.0857, 0.192244) -> [ 1726 (-10.0101, -0.869909); 1817 (-12.1021, -0.866637); ]
    1533 (5.24939, 20.251) -> [ ]
    1534 (-3.89621, 9.53249) -> [ ]
    1535 (2.05963, 11.8772) -> [ 217 (3.90947, 11.7227); ]
    1537 (-0.491994, 21.2256) -> [ 972 (-0.295017, 22.5782); ]
    1538 (22.7652, 23.0249) -> [ ]
    1539 (24.8185, 12.7099) -> [ 1011 (23.8252, 14.1653); ]
    1540 (11.684, -5.52361) -> [ 269 (13.2349, -6.35205); 376 (13.416, -4.64088); 500 (13.1274, -5.705); 1300 (13.5404, -6.0303); 1384 (13.2988, -6.19265); ]
    1541 (-8.70589, 11.8146) -> [ 198 (-8.96296, 13.0679); 1820 (-9.83218, 10.2356); ]
    1543 (19.6686, 18.1088) -> [ ]
    1546 (-3.83486, 3.80602) -> [ 620 (-4.53294, 2.43341); 790 (-4.24363, 2.21511); 1827 (-2.67637, 2.42864); ]
    1547 (20.5587, 16.442) -> [ 427 (20.2269, 14.6505); 524 (21.8665, 15.7836); ]
    1548 (0.804973, -12.0165) -> [ 414 (2.68036, -11.3571); 1023 (2.72073, -12.2102); ]
    1549 (1.81177, 8.45245) -> [ 404 (3.69667, 7.79977); 748 (1.35753, 6.58244); ]
    1550 (0.496523, 11.803) -> [ 1365 (0.946187, 10.2031); 1634 (1.28226, 10.4378); ]
    1552 (20.0591, -4.14394) -> [ 159 (21.1683, -3.32627); 579 (21.7299, -3.45687); 998 (21.3349, -3.65183); 1800 (21.4506, -3.65476); ]
    1553 (-4.03295, 14.9263) -> [ 36 (-5.83076, 15.0151); 245 (-5.82236, 15.4261); 701 (-5.43824, 15.5304); 969 (-5.6663, 14.302); 1322 (-5.2479, 15.7408); ]
    1556 (23.1672, 20.8827) -> [ 740 (23.3056, 19.4719); 919 (24.4535, 20.8765); ]
    1558 (3.05625, 19.8597) -> [ 273 (3.81066, 21.1275); 1164 (4.97874, 19.5213); 1190 (4.10313, 21.4439); ]
    1559 (21.3362, 13.086) -> [ 705 (19.6782, 12.9931); ]
    1560 (10.098, -2.90085) -> [ 1749 (10.8985, -4.67248); ]
    1562 (21.9449, 13.1719) -> [ 296 (23.5894, 13.9323); 1081 (21.7148, 14.3274); 1273 (23.8215, 13.2019); ]
    1565 (13.5035, 21.2084) -> [ 435 (14.1256, 19.4916); 802 (14.3225, 19.9518); 1058 (14.3875, 22.9468); ]
    1566 (-8.04534, -7.46273) -> [ ]
    1567 (-9.22181, 8.46838) -> [ 1784 (-9.51797, 6.61378); ]
    1569 (20.427, 21.1526) -> [ ]
    1570 (-0.0553204, -4.62012) -> [ 492 (1.6112, -5.5689); 1676 (1.57868, -5.54463); ]
    1571 (9.19857, -0.686436) -> [ ]
    1572 (12.5315, 8.24409) -> [ ]
    1573 (19.9651, -0.69075) -> [ 360 (19.707, 0.337928); ]
    1574 (11.7599, 21.0628) -> [ 86 (12.713, 21.9782); 149 (13.5533, 20.9942); 150 (13.0555, 21.8491); 979 (11.3958, 20.0964); 1044 (13.5351, 20.4321); 1155 (11.4143, 19.5306); 1565 (13.5035, 21.2084); ]
    1575 (5.67638, -4.64405) -> [ 46 (5.42768, -6.4054); ]
    1576 (4.11431, 6.70656) -> [ 95 (5.99365, 6.55353); 1822 (5.80882, 7.73392); ]
    1578 (1.79036, 11.7324) -> [ 1487 (3.69508, 11.3654); ]
    1579 (-4.68074, 11.1231) -> [ ]
    1580 (-5.98365, 6.71846) -> [ 378 (-6.79979, 5.2742); 451 (-6.82549, 5.89413); 613 (-7.59474, 6.18253); 663 (-4.99008, 5.82359); 774 (-7.0141, 5.14384); 1066 (-4.99197, 5.28807); 1185 (-5.15726, 5.91118); 1331 (-6.25314, 4.85951); 1366 (-4.14675, 6.92472); ]
    1581 (2.79369, 0.955587) -> [ 377 (4.14168, 0.740737); 1692 (4.23201, -0.0738293); ]
    1582 (7.46525, 17.6011) -> [ 675 (9.12679, 18.1629); 1201 (9.01664, 17.7133); 1389 (9.07202, 18.0216); 1506 (8.8918, 17.6776); ]
    1583 (-10.5737, -3.04402) -> [ 1486 (-11.2661, -4.81744); ]
    1584 (-9.52083, 13.6419) -> [ 1182 (-9.70255, 15.4967); ]
    1585 (-2.56655, -4.5922) -> [ 406 (-3.27351, -6.23402); 1242 (-0.975812, -4.75477); ]
    1588 (4.15007, 16.6463) -> [ 775 (5.99245, 16.3758); ]
    1590 (23.6288, -0.454716) -> [ 732 (23.4865, 1.30711); ]
    1591 (13.0616, 8.07626) -> [ 483 (13.7712, 9.3118); ]
    1592 (22.7112, 14.4225) -> [ ]
    1593 (2.18117, 22.4144) -> [ ]
    1595 (-9.20269, -2.60803) -> [ 354 (-9.78795, -3.96864); 858 (-8.77074, -3.72732); 1340 (-9.81763, -3.26852); 1583 (-10.5737, -3.04402); ]
    1597 (5.20774, 2.02144) -> [ 684 (6.40412, 0.631942); 1114 (5.53236, 0.219241); 1643 (6.34124, 1.1447); ]
    1598 (3.70676, 21.6605) -> [ 659 (4.25746, 22.7737); 662 (3.3885, 23.0343); 737 (2.73673, 22.0925); 993 (3.93918, 22.7249); 1014 (4.42878, 23.1834); 1057 (2.85783, 22.4248); 1270 (3.78493, 23.0159); 1593 (2.18117, 22.4144); ]
    1599 (0.837839, 16.977) -> [ 350 (2.32286, 17.7831); 632 (0.303522, 18.218); 872 (2.56433, 17.8409); 1522 (1.70394, 18.4299); 1714 (1.04136, 15.189); 1738 (2.80656, 17.1618); 1807 (-0.820643, 15.9203); 1921 (0.0720622, 18.4806); ]
    1601 (14.195, 21.2632) -> [ 833 (14.5104, 19.379); 877 (14.753, 23.1734); 1100 (14.9659, 19.4301); ]
    1603 (-2.82229, 14.8473) -> [ 1240 (-4.65534, 14.8363); ]
    1604 (-7.99428, 4.11169) -> [ 935 (-8.36195, 2.80487); 1333 (-7.76691, 2.27178); 1434 (-9.64739, 3.1744); ]
    1605 (13.9602, 8.91375) -> [ 468 (13.8272, 10.8003); ]
    1606 (5.64926, 14.7327) -> [ 665 (6.87242, 14.0564); 723 (6.68054, 13.7529); 1436 (7.33337, 14.816); ]
    1607 (4.66562, 16.0491) -> [ 1524 (5.88399, 15.0228); ]
    1609 (-6.09685, 13.2476) -> [ 210 (-7.71299, 13.522); 545 (-7.40213, 14.0797); 690 (-7.06854, 12.3152); 866 (-7.1987, 12.1819); ]
    1610 (4.2313, 16.3102) -> [ 156 (5.89816, 15.5715); 598 (6.17377, 16.69); ]
    1611 (15.8452, 2.57713) -> [ 679 (16.0129, 3.81288); 1865 (17.7844, 2.95464); ]
    1612 (-9.27023, 18.9601) -> [ ]
    1613 (-0.741009, 19.6296) -> [ ]
    1615 (-10.4567, 21.97) -> [ 385 (-11.3849, 20.6993); 860 (-11.5499, 20.511); ]
    1617 (-10.2378, 7.62294) -> [ 207 (-10.0375, 6.2564); 609 (-10.8346, 6.36785); 736 (-11.6045, 6.80956); 1493 (-9.17553, 6.33058); ]
    1618 (9.14444, 19.9735) -> [ 49 (10.2733, 18.8193); ]
    1621 (4.26452, 20.5755) -> [ 258 (4.5673, 22.3852); 1625 (4.21175, 21.8608); ]
    1622 (12.9302, 0.16685) -> [ 488 (14.6794, 0.569742); ]
    1623 (-5.81146, 8.63738) -> [ 187 (-6.71364, 7.23718); 1945 (-7.7236, 8.58019); ]
    1624 (3.3948, 5.87524) -> [ 331 (5.05428, 6.04093); 1823 (5.296, 5.32868); ]
    1626 (-9.93553, 13.3372) -> [ 181 (-10.9684, 12.238); 327 (-11.5513, 14.0757); 517 (-11.2128, 13.9656); 590 (-10.0034, 14.8053); 989 (-9.77309, 15.1609); 1377 (-10.5514, 14.8267); 1651 (-10.6947, 12.1102); 1679 (-11.1292, 14.3025); ]
    1627 (-0.578789, 14.9979) -> [ 244 (-1.12921, 13.6157); 501 (-2.46208, 15.6085); 681 (1.37089, 15.2547); 1701 (1.04054, 14.5573); 1770 (-2.39823, 15.299); ]
    1628 (0.261239, 9.40087) -> [ 72 (1.05855, 7.68408); 605 (0.0666696, 7.41753); ]
    1629 (13.4987, -2.30004) -> [ ]
    1630 (7.47697, -11.6784) -> [ 1830 (9.26232, -11.2157); 1856 (9.14805, -12.0674); ]
    1631 (0.224617, -3.10547) -> [ 688 (1.21151, -4.48789); ]
    1632 (11.619, 18.7853) -> [ 23 (11.1056, 17.0857); 1877 (11.4815, 16.8847); ]
    1634 (1.28226, 10.4378) -> [ 31 (1.19364, 8.59854); ]
    1635 (15.9071, 4.17426) -> [ 116 (15.8548, 5.37979); 418 (15.5084, 6.08554); 1050 (15.512, 5.37503); 1886 (15.1803, 5.74346); ]
    1637 (-1.75127, 14.4181) -> [ ]
    1638 (22.1692, 22.4979) -> [ ]
    1639 (9.42564, 1.11022) -> [ 493 (10.1466, 2.88728); 717 (10.6716, 2.00311); 762 (9.96997, 2.64776); 1071 (10.0318, 2.80382); ]
    1640 (9.24248, 22.8075) -> [ 130 (8.72818, 21.4492); 221 (8.81785, 21.2403); 1268 (10.9802, 22.1584); 1278 (8.77483, 21.4043); ]
    1641 (0.0295386, 5.73179) -> [ 284 (0.97444, 4.16482); 1490 (-0.390751, 4.1755); 1707 (-1.50106, 4.65646); ]
    1642 (-6.9108, 21.1176) -> [ 395 (-7.37916, 22.8788); 1169 (-8.80271, 20.6201); ]
    1643 (6.34124, 1.1447) -> [ ]
    1644 (0.218182, -11.0099) -> [ 1457 (1.4472, -12.0304); ]
    1645 (-7.97451, 21.3274) -> [ ]
    1647 (13.142, -1.23937) -> [ ]
    1648 (-4.11226, 1.91026) -> [ 192 (-3.21572, 1.4231); 643 (-5.47105, 2.15748); 848 (-3.22356, 0.73134); 1288 (-3.68705, 3.75019); 1396 (-4.69581, 0.267902); ]
    1649 (8.51306, 23.8997) -> [ 962 (10.1356, 24.7316); 1262 (9.38251, 22.3968); ]
    1651 (-10.6947, 12.1102) -> [ 1004 (-12.1761, 13.0075); ]
    1656 (-7.84602, 22.6451) -> [ 1969 (-9.53771, 22.9681); ]
    1657 (-6.30938, 18.5236) -> [ 1972 (-7.62148, 18.7716); ]
    1660 (10.4239, 24.227) -> [ 865 (12.1501, 24.9396); 1379 (10.4908, 22.6035); 1449 (10.3529, 22.3642); ]
    1661 (22.3906, 23.7526) -> [ 910 (23.0903, 24.9651); 1140 (23.2291, 23.3723); 1285 (23.7499, 24.8636); 1350 (24.0986, 23.887); ]
    1663 (-0.395317, 6.9101) -> [ 1159 (-1.78389, 5.51513); 1453 (0.939685, 5.49839); 1952 (-0.610716, 5.09942); ]
    1664 (15.6198, 9.89851) -> [ 809 (14.9668, 11.0118); 1235 (14.7943, 11.4157); ]
    1665 (-9.47502, 3.33444) -> [ 830 (-10.7523, 2.118); ]
    1666 (-0.834208, 18.7109) -> [ 1378 (-2.15054, 17.5438); 1948 (-1.22328, 20.5764); ]
    1668 (14.2236, 18.4928) -> [ 120 (13.964, 16.5414); ]
    1669 (-5.87423, -6.20719) -> [ 262 (-7.66839, -6.16448); 288 (-7.54918, -6.86516); 1586 (-7.46808, -7.00334); ]
    1670 (-7.67319, 22.3675) -> [ 160 (-8.71409, 23.6179); 1314 (-8.58963, 23.5268); ]
    1671 (22.0824, 11.9056) -> [ 175 (20.7278, 13.2314); 1006 (20.7812, 12.6406); 1168 (22.3453, 13.7721); 1458 (21.3994, 13.3457); ]
    1672 (13.03, -1.83922) -> [ ]
    1673 (16.7128, 18.6787) -> [ ]
    1674 (-5.43815, 1.49484) -> [ 137 (-4.00783, 0.143771); ]
    1676 (1.57868, -5.54463) -> [ 984 (2.68425, -6.6742); 1010 (1.8701, -7.39779); ]
    1677 (21.0565, -2.7825) -> [ 421 (22.3982, -1.59838); 531 (21.325, -1.19951); 1466 (22.644, -2.45898); ]
    1678 (13.9378, 17.5283) -> [ 28 (13.4239, 15.6002); 846 (15.4116, 16.5656); 1764 (13.9476, 15.8096); ]
    1679 (-11.1292, 14.3025) -> [ ]
    1680 (20.2288, 18.1721) -> [ ]
    1682 (-1.75552, -8.31208) -> [ 246 (-3.26503, -9.52235); 257 (-1.12539, -10.0253); 625 (-3.30751, -7.69024); 640 (-0.108299, -8.52183); 1390 (-1.9712, -7.14088); 1721 (-2.35284, -10.1645); ]
    1685 (18.0165, 8.38162) -> [ 59 (19.0029, 9.45718); 300 (18.4088, 9.62729); 887 (17.1652, 10.1458); ]
    1687 (-4.51454, 9.82177) -> [ 1056 (-4.08547, 8.76869); 1291 (-5.18644, 8.22276); ]
    1688 (-11.7779, -9.21733) -> [ 786 (-10.2616, -10.1149); ]
    1689 (2.45531, 10.9978) -> [ 394 (3.61462, 9.7558); 1759 (4.20847, 10.5215); ]
    1692 (4.23201, -0.0738293) -> [ 649 (3.31169, -1.80929); ]
    1693 (20.1368, -8.45173) -> [ 172 (21.7563, -9.36201); 575 (21.7537, -8.89501); 743 (21.2466, -9.27612); 1964 (21.0686, -9.46645); ]
    1694 (4.46032, 19.4729) -> [ 205 (5.08729, 21.1185); 480 (5.87737, 18.4417); 917 (5.81465, 19.2077); 1508 (5.96855, 18.9217); 1739 (6.12079, 18.8173); ]
    1696 (-8.77101, 4.98261) -> [ 560 (-7.03008, 4.12608); 1504 (-10.7299, 4.64994); 1665 (-9.47502, 3.33444); ]
    1697 (-1.30592, 12.002) -> [ 549 (-0.514218, 10.3571); 639 (-2.26636, 13.4603); 1283 (-2.32806, 13.68); 1441 (-0.155594, 10.8612); 1734 (-2.36442, 13.584); 1803 (-3.18204, 12.4781); 1882 (-3.06301, 12.7136); ]
    1698 (13.556, 18.7566) -> [ 1211 (14.0219, 16.8127); ]
    1699 (19.0969, -8.60022) -> [ 557 (20.5676, -7.46638); ]
    1700 (19.6076, 5.21254) -> [ 314 (18.3926, 6.56475); 586 (20.2685, 6.60034); 761 (19.5406, 6.97613); 1228 (20.1158, 6.84453); ]
    1704 (15.9106, 20.4426) -> [ 182 (17.2835, 19.3954); 279 (17.3623, 19.6864); 849 (17.2227, 19.0503); 978 (16.8639, 19.2272); 1673 (16.7128, 18.6787); ]
    1706 (21.2481, 19.1956) -> [ 741 (22.4402, 18.6079); 909 (22.5409, 17.9422); ]
    1707 (-1.50106, 4.65646) -> [ 50 (-2.13503, 3.20236); 397 (-1.11372, 2.78159); ]
    1708 (22.2618, -9.25533) -> [ 868 (23.8993, -9.31367); 1427 (23.9242, -10.0244); ]
    1709 (8.95088, -9.3828) -> [ 1186 (10.7593, -10.0878); ]
    1710 (18.0786, 19.2902) -> [ ]
    1712 (10.3983, 22.9059) -> [ 556 (12.3137, 23.4175); 1101 (12.3039, 23.3428); ]
    1713 (14.6037, 18.798) -> [ 27 (13.0474, 17.5645); 460 (16.3139, 18.4064); 614 (16.2252, 19.9471); 634 (16.421, 18.668); 1722 (16.452, 19.1117); 1789 (14.5605, 17.3631); ]
    1716 (15.9046, 12.1301) -> [ 1256 (14.8247, 13.7253); ]
    1717 (18.6648, -1.48161) -> [ 772 (20.2791, -2.32175); 1013 (20.1566, -2.34619); 1875 (20.3868, -2.22443); ]
    1719 (6.69261, 3.80672) -> [ 1334 (7.97146, 2.41973); ]
    1720 (-2.73839, 21.9308) -> [ 1323 (-2.1408, 23.4963); 1339 (-2.414, 23.8298); ]
    1721 (-2.35284, -10.1645) -> [ 433 (-3.23497, -11.2164); 619 (-0.850128, -10.392); 747 (-3.78205, -10.8048); 1336 (-2.45904, -11.4095); 1348 (-0.779058, -10.6206); 1383 (-1.18521, -11.2982); ]
    1722 (16.452, 19.1117) -> [ 84 (17.0768, 18.387); 177 (16.6396, 17.6395); 1442 (17.7864, 19.6953); ]
    1723 (-11.1554, -11.012) -> [ 283 (-9.57325, -11.9477); 882 (-12.2631, -12.2172); 947 (-12.4873, -11.3512); 1098 (-10.9699, -12.353); 1360 (-9.37268, -10.9683); 1416 (-11.5625, -12.1117); 1492 (-10.0039, -12.1514); ]
    1725 (-1.15394, 15.1169) -> [ ]
    1726 (-10.0101, -0.869909) -> [ ]
    1727 (0.861333, 20.1795) -> [ 582 (1.92677, 21.7667); 1488 (1.56254, 21.4134); 1537 (-0.491994, 21.2256); ]
    1729 (-1.43031, 18.5665) -> [ 436 (-3.30946, 18.4737); ]
    1730 (11.8861, 5.98112) -> [ 445 (12.3229, 7.88953); 1111 (12.5895, 7.67057); ]
    1731 (4.32994, -10.4614) -> [ 371 (4.64665, -8.72638); 405 (4.84463, -9.13597); 449 (2.68125, -9.94797); 596 (5.38702, -11.5756); 852 (3.95213, -12.4031); 1307 (5.73489, -11.0167); 1812 (5.69188, -10.7051); ]
    1736 (14.945, 23.065) -> [ 164 (15.9038, 23.9117); 216 (16.2841, 22.1694); 302 (16.6289, 23.3418); 1002 (16.5162, 23.0235); 1601 (14.195, 21.2632); ]
    1737 (13.7338, -8.91299) -> [ 587 (14.3728, -10.137); 1791 (14.647, -10.4487); ]
    1738 (2.80656, 17.1618) -> [ 694 (3.76825, 18.1072); 930 (2.29359, 19.0306); 976 (3.77249, 18.8009); 1610 (4.2313, 16.3102); ]
    1739 (6.12079, 18.8173) -> [ 191 (6.8963, 20.2656); ]
    1740 (-2.53056, 17.1) -> [ 140 (-3.61777, 18.4442); 195 (-3.57019, 17.1555); 800 (-3.93413, 16.9044); 1203 (-3.54688, 17.3358); 1459 (-2.29398, 18.3972); ]
    1744 (-6.78754, 11.6884) -> [ 503 (-7.87995, 13.2639); 610 (-8.09917, 13.0895); 817 (-7.82057, 10.0415); 1541 (-8.70589, 11.8146); 1568 (-8.39757, 12.1179); ]
    1745 (-3.92076, 20.7226) -> [ 353 (-4.42616, 22.5063); 450 (-4.16726, 22.5662); 1308 (-3.58028, 22.5749); ]
    1747 (2.05648, 19.4703) -> [ 1414 (2.84473, 20.4984); ]
    1748 (-5.87201, -2.7672) -> [ 61 (-4.02194, -2.92745); 268 (-6.54926, -4.44148); 1277 (-4.78873, -3.16149); 1305 (-4.98062, -4.19623); 1395 (-4.53476, -3.63499); 1763 (-4.45194, -3.84002); ]
    1750 (9.46422, -2.15999) -> [ 264 (10.9815, -1.56547); 365 (11.4056, -2.56993); ]
    1751 (9.52281, 1.13988) -> [ 295 (11.3412, 1.90734); 591 (10.4806, 2.71136); ]
    1752 (3.28428, 18.0074) -> [ 287 (5.22211, 17.6923); 1321 (4.89936, 16.9382); 1694 (4.46032, 19.4729); ]
    1753 (22.089, 21.2409) -> [ 332 (23.8207, 21.8209); 950 (23.6835, 22.3333); 1418 (23.1087, 19.7882); 1538 (22.7652, 23.0249); ]
    1755 (18.6702, 10.613) -> [ 42 (17.3183, 11.8833); 73 (19.2675, 12.3311); 444 (18.709, 12.3591); 798 (17.5198, 12.2431); ]
    1756 (0.390083, 13.7532) -> [ 963 (2.2323, 13.0584); ]
    1757 (23.4543, -5.13335) -> [ 1658 (24.0995, -3.45002); ]
    1758 (17.614, 7.51533) -> [ 250 (18.6115, 8.67051); 702 (18.8303, 8.65346); 1026 (19.0738, 8.83658); ]
    1759 (4.20847, 10.5215) -> [ ]
    1760 (-6.5706, -12.1137) -> [ 1343 (-5.50306, -10.9632); ]
    1761 (-9.77754, 12.5064) -> [ 505 (-11.3396, 11.6895); 630 (-10.1152, 14.1088); 842 (-10.2578, 14.1397); 1040 (-9.9434, 14.3143); ]
    1762 (-3.13263, -3.61935) -> [ ]
    1763 (-4.45194, -3.84002) -> [ 63 (-4.52736, -4.86254); 484 (-2.52807, -3.72582); 671 (-5.45058, -4.73506); 881 (-5.13244, -5.01139); 1234 (-4.51836, -5.48919); 1898 (-4.39954, -5.49829); 1933 (-4.31151, -5.49533); ]
    1765 (-7.24125, -9.10589) -> [ 1223 (-8.31672, -10.5102); ]
    1766 (-1.84664, -6.96975) -> [ ]
    1767 (-5.23359, -0.198239) -> [ 110 (-4.23143, -1.71321); 170 (-6.23094, -1.6689); 920 (-6.04076, -1.86982); 1329 (-4.80089, -2.07683); ]
    1769 (-11.2724, -7.77214) -> [ 1107 (-11.8484, -9.51019); 1178 (-11.8772, -8.93784); 1244 (-9.69447, -8.82388); 1688 (-11.7779, -9.21733); ]
    1770 (-2.39823, 15.299) -> [ 20 (-4.12894, 16.0657); 323 (-1.75179, 17.1903); 1475 (-2.71647, 17.0694); 1553 (-4.03295, 14.9263); 1740 (-2.53056, 17.1); ]
    1771 (19.1903, -0.395498) -> [ 1816 (21.1338, -0.0375956); ]
    1772 (18.8909, 10.1168) -> [ 52 (17.4774, 10.7505); 446 (18.2786, 11.9815); 646 (17.3908, 10.8331); 720 (19.1512, 11.5667); 1029 (19.7972, 10.962); 1037 (17.1743, 10.9566); 1145 (17.7347, 11.1002); 1527 (19.2889, 11.6505); 1906 (17.1975, 11.0701); ]
    1774 (-11.1519, -6.58258) -> [ 428 (-11.3881, -8.32993); ]
    1776 (-8.89767, -8.88882) -> [ 834 (-9.25787, -10.6131); 1633 (-9.37945, -10.7822); ]
    1778 (16.9442, 24.9741) -> [ 1007 (18.0262, 23.8174); ]
    1779 (21.7516, 12.3239) -> [ 336 (23.7288, 12.5394); 399 (20.8124, 13.8534); 554 (20.82, 11.4864); 893 (23.0748, 13.0542); 1161 (23.2578, 11.8032); 1317 (23.1524, 13.3682); ]
    1780 (-9.37011, -9.94879) -> [ 847 (-8.84782, -11.7295); 1957 (-7.66128, -9.23446); ]
    1781 (-6.32996, 4.5578) -> [ 370 (-7.54077, 3.21503); ]
    1782 (23.5486, 6.47056) -> [ 126 (22.1285, 7.09167); 447 (22.9888, 7.11061); ]
    1783 (23.1495, -9.75866) -> [ 286 (23.5232, -11.0514); 956 (24.5371, -10.9134); ]
    1784 (-9.51797, 6.61378) -> [ 285 (-10.2686, 5.10966); ]
    1785 (19.04, 20.2057) -> [ 167 (20.7809, 21.1013); 615 (19.2401, 18.2749); 1409 (18.8107, 18.9355); 1838 (19.0984, 18.3264); 1980 (18.9963, 18.3672); ]
    1788 (5.69241, -2.64212) -> [ 1254 (7.40385, -3.09922); ]
    1789 (14.5605, 17.3631) -> [ 229 (13.2467, 16.047); ]
    1791 (14.647, -10.4487) -> [ 851 (16.5338, -10.4422); 1306 (15.6529, -11.9397); ]
    1792 (-7.86605, 15.8973) -> [ ]
    1793 (-7.63271, 3.68314) -> [ 999 (-9.0751, 4.26098); 1373 (-6.33813, 2.58112); ]
    1794 (-4.03727, 6.75819) -> [ 392 (-2.0507, 6.54688); 455 (-2.219, 6.61372); 961 (-2.17214, 6.14422); ]
    1796 (0.284093, 17.2496) -> [ 1666 (-0.834208, 18.7109); ]
    1797 (-8.0205, -1.81352) -> [ 291 (-6.75596, -1.61331); 470 (-8.54374, -2.44957); 489 (-8.95488, -3.47867); 571 (-9.33719, -0.811713); 783 (-6.81898, -2.41737); 1049 (-7.2557, -3.59134); 1328 (-9.2855, -3.06002); 1595 (-9.20269, -2.60803); ]
    1798 (-8.36512, 6.3817) -> [ 589 (-7.81317, 5.24924); 845 (-8.98956, 4.90237); 1406 (-7.82781, 5.31457); 1955 (-9.25059, 4.76366); ]
    1799 (2.12454, 24.3528) -> [ ]
    1801 (15.4751, 22.499) -> [ 142 (16.6963, 22.0755); ]
    1803 (-3.18204, 12.4781) -> [ 1959 (-4.51658, 11.0328); ]
    1804 (-7.47898, 16.1882) -> [ 185 (-7.28162, 14.3962); 1076 (-8.21373, 17.7602); ]
    1806 (14.8368, 0.137804) -> [ 335 (16.1259, 1.60542); ]
    1807 (-0.820643, 15.9203) -> [ 357 (-2.4589, 16.3404); ]
    1810 (3.25175, 1.28446) -> [ 603 (4.90937, 0.777538); 1024 (2.68372, -0.331818); ]
    1811 (13.7973, -3.20509) -> [ 631 (15.4822, -3.40715); 769 (15.1971, -2.46892); 1276 (14.9391, -2.0317); ]
    1813 (21.3168, 11.8133) -> [ ]
    1814 (17.2827, 24.1267) -> [ 179 (18.0695, 22.4969); 1000 (19.0486, 24.1492); ]
    1815 (-11.8326, 0.537733) -> [ 1843 (-12.0902, -1.43569); ]
    1816 (21.1338, -0.0375956) -> [ 453 (21.8292, 1.73526); 1828 (21.4872, 1.60035); ]
    1817 (-12.1021, -0.866637) -> [ ]
    1819 (-5.28634, 17.526) -> [ 62 (-5.22249, 19.0055); 312 (-6.63344, 16.3826); 1139 (-6.52357, 15.9675); 1296 (-7.06977, 18.1235); 1299 (-6.38492, 17.8441); 1485 (-6.72859, 18.5836); 1542 (-6.34434, 18.5733); 1657 (-6.30938, 18.5236); ]
    1820 (-9.83218, 10.2356) -> [ 204 (-11.6586, 9.78229); 351 (-10.0571, 12.0454); 387 (-8.7415, 9.01516); 1567 (-9.22181, 8.46838); 1902 (-10.8223, 11.5098); ]
    1823 (5.296, 5.32868) -> [ 114 (6.83995, 5.61671); 368 (6.97767, 5.92286); 811 (7.0359, 4.40766); 1367 (7.05347, 5.73253); 1962 (7.1982, 4.75436); ]
    1824 (-7.19937, 16.6753) -> [ 452 (-5.74871, 17.7922); 1248 (-7.93291, 15.2662); 1792 (-7.86605, 15.8973); ]
    1825 (17.4115, 11.715) -> [ 66 (15.9739, 12.8804); ]
    1826 (22.4613, 8.65176) -> [ 225 (24.4506, 8.73229); 343 (21.2214, 10.1346); ]
    1827 (-2.67637, 2.42864) -> [ 29 (-1.83118, 1.38465); 513 (-2.11723, 1.06483); 1237 (-1.71149, 1.61883); ]
    1828 (21.4872, 1.60035) -> [ 1025 (21.5064, 3.52313); ]
    1829 (4.18792, 10.1618) -> [ 1243 (4.38364, 8.55683); ]
    1830 (9.26232, -11.2157) -> [ ]
    1831 (21.9561, -7.89481) -> [ 548 (23.552, -8.48144); 821 (23.5522, -7.25207); 1251 (23.5834, -8.61641); 1266 (23.6436, -8.4945); 1376 (23.2351, -6.6868); 1616 (21.8333, -9.77334); 1870 (23.6116, -7.93972); ]
    1832 (10.7801, 3.74396) -> [ 777 (10.1676, 5.28913); 1184 (12.2102, 3.13834); 1337 (10.8336, 5.42514); ]
    1833 (13.9054, -1.31947) -> [ 1295 (15.6109, -0.386371); 1806 (14.8368, 0.137804); ]
    1834 (-7.38345, 8.25367) -> [ 178 (-8.19366, 7.03126); 458 (-9.06784, 7.27085); 647 (-9.00482, 9.25633); ]
    1837 (-10.1418, 16.32) -> [ 165 (-11.2499, 16.7672); 880 (-11.538, 15.0983); ]
    1838 (19.0984, 18.3264) -> [ 522 (20.2095, 16.7428); ]
    1840 (-8.36664, -0.0694836) -> [ 518 (-9.85947, -0.943301); 1212 (-7.50954, -1.30595); ]
    1841 (-6.9542, -8.32962) -> [ ]
    1843 (-12.0902, -1.43569) -> [ 564 (-11.2562, -2.59437); 599 (-10.3489, -2.2557); ]
    1847 (17.7901, 18.6053) -> [ 201 (19.1529, 17.4619); 597 (19.1748, 17.5486); 713 (19.04, 17.3427); 896 (19.3359, 17.9841); 1543 (19.6686, 18.1088); ]
    1848 (13.3174, 19.1209) -> [ 311 (14.2806, 17.3874); 487 (14.1651, 17.9115); ]
    1849 (5.08109, 24.1073) -> [ 519 (6.94739, 24.5507); ]
    1850 (-0.318179, -10.1356) -> [ 797 (0.912002, -8.60287); ]
    1851 (6.96704, 8.33335) -> [ 1287 (8.07008, 9.95566); ]
    1852 (9.23173, -3.14521) -> [ 652 (9.95172, -4.69429); 1435 (9.15588, -5.09902); 1742 (10.9117, -3.84544); 1884 (9.6683, -4.92892); ]
    1853 (23.7184, 13.863) -> [ 157 (21.8346, 14.2551); 462 (23.8524, 14.9219); 496 (24.7045, 13.7597); 612 (24.0341, 15.5975); 801 (22.3873, 14.5152); 1330 (22.1893, 13.6118); 1469 (24.6589, 12.3762); 1539 (24.8185, 12.7099); 1557 (23.0754, 14.7634); 1562 (21.9449, 13.1719); 1592 (22.7112, 14.4225); ]
    1856 (9.14805, -12.0674) -> [ 310 (11.0366, -11.6901); 1705 (10.4713, -11.3041); ]
    1858 (-10.2708, 22.7295) -> [ ]
    1859 (3.99382, 4.50126) -> [ 248 (5.61972, 3.46433); 1293 (4.92407, 3.02295); ]
    1860 (12.2903, -0.416505) -> [ 1324 (13.6889, -1.50356); ]
    1861 (-7.93483, -10.9186) -> [ 1131 (-6.31733, -11.8292); 1760 (-6.5706, -12.1137); ]
    1862 (9.7649, 8.17139) -> [ 840 (11.1079, 9.47817); ]
    1864 (4.92937, 8.25926) -> [ 1446 (6.67915, 7.42823); ]
    1869 (-6.95065, 18.7679) -> [ 763 (-7.23334, 20.6239); ]
    1870 (23.6116, -7.93972) -> [ 1743 (24.453, -9.17353); ]
    1871 (-1.77433, 2.05674) -> [ 754 (-1.93439, 0.245156); ]
    1873 (-11.0891, 5.24191) -> [ 329 (-11.1142, 3.29722); 724 (-12.2068, 4.56886); ]
    1874 (1.02784, -5.95796) -> [ 265 (0.86558, -7.64711); ]
    1875 (20.3868, -2.22443) -> [ 1355 (21.3981, -0.504794); ]
    1876 (6.71715, 23.9408) -> [ 218 (7.87304, 23.2572); 309 (8.09497, 22.5734); 611 (7.30802, 22.5159); 682 (8.50394, 23.8631); 1357 (7.87278, 22.7475); 1649 (8.51306, 23.8997); 1944 (8.36262, 24.1503); ]
    1878 (-1.35941, -9.29899) -> [ 1786 (-0.333446, -11.0061); ]
    1882 (-3.06301, 12.7136) -> [ 1421 (-3.41098, 11.5807); ]
    1883 (20.347, 23.6798) -> [ 668 (21.0341, 21.8383); 686 (20.7482, 22.3036); 806 (20.6926, 24.7611); 1912 (20.6239, 21.9549); ]
    1884 (9.6683, -4.92892) -> [ 1563 (10.7613, -5.97527); ]
    1885 (19.9642, 5.50019) -> [ 758 (20.1916, 7.46754); ]
    1886 (15.1803, 5.74346) -> [ 551 (15.9459, 7.34461); 1229 (16.9188, 6.39524); ]
    1887 (2.04332, -9.73768) -> [ 124 (2.9543, -9.15974); ]
    1888 (-10.033, -11.5935) -> [ 706 (-8.31222, -11.796); ]
    1890 (-8.86094, 20.2023) -> [ 870 (-10.6421, 20.7901); 1439 (-10.7958, 20.2625); 1645 (-7.97451, 21.3274); 1928 (-9.4232, 21.4964); ]
    1891 (20.4598, 2.79585) -> [ 621 (21.1339, 4.40276); 721 (21.7363, 3.96559); 903 (21.887, 4.03772); ]
    1892 (16.042, -10.6008) -> [ 670 (17.9489, -10.5345); 854 (18.0068, -10.4932); 1294 (17.5278, -10.2577); ]
    1894 (-1.23309, -7.38813) -> [ 871 (-2.51402, -7.49781); 1143 (0.553739, -7.378); 1394 (-3.01945, -8.05938); 1878 (-1.35941, -9.29899); ]
    1895 (-1.50123, 18.3231) -> [ ]
    1896 (-6.10698, 8.60796) -> [ 795 (-4.93655, 7.03891); ]
    1898 (-4.39954, -5.49829) -> [ 82 (-6.34155, -5.70439); 627 (-5.41148, -6.54068); 1428 (-3.57161, -6.92007); 1669 (-5.87423, -6.20719); ]
    1899 (6.67047, 19.6719) -> [ 779 (8.15497, 20.0219); ]
    1901 (-11.2849, -9.56117) -> [ 391 (-12.348, -10.6213); 862 (-11.621, -11.4581); 1780 (-9.37011, -9.94879); ]
    1903 (-0.958083, 3.99377) -> [ 730 (0.0814551, 2.3145); 856 (0.036471, 2.45961); 1080 (-2.43254, 3.135); 1088 (-2.92159, 3.71859); 1257 (-1.99079, 2.37395); 1353 (0.709126, 3.31148); 1419 (-2.32351, 2.77609); ]
    1904 (5.48925, 20.3342) -> [ 710 (6.75767, 21.0597); 1062 (6.90362, 18.9472); ]
    1906 (17.1975, 11.0701) -> [ 1716 (15.9046, 12.1301); ]
    1907 (1.55828, 16.5426) -> [ 516 (2.97654, 16.7274); 572 (2.81123, 16.6072); 1187 (3.20602, 16.4568); ]
    1908 (1.66272, 11.7296) -> [ 41 (2.84152, 10.8922); 653 (2.89321, 10.5951); ]
    1909 (23.3017, 24.4571) -> [ 938 (24.2346, 24.9139); ]
    1911 (-5.09176, -1.15285) -> [ 103 (-3.5446, -1.49064); 464 (-3.54394, -1.9959); 1035 (-6.96346, -1.83074); ]
    1912 (20.6239, 21.9549) -> [ 233 (21.0383, 23.8508); 477 (22.0994, 22.5998); 498 (20.948, 20.2211); 567 (22.4304, 21.2971); 641 (20.5939, 20.6828); 813 (22.3007, 22.8379); 839 (21.7077, 20.874); 997 (20.3578, 20.6032); 1144 (22.4494, 21.4856); 1412 (22.2482, 20.9216); 1638 (22.1692, 22.4979); ]
    1913 (-4.58166, -4.59202) -> [ 261 (-3.65889, -5.81974); ]
    1914 (6.4528, -2.7825) -> [ ]
    1915 (6.3259, -1.94438) -> [ 1070 (8.20554, -2.2592); 1083 (5.87065, -3.84404); 1104 (7.84422, -3.2345); 1194 (6.54037, -3.54761); 1289 (6.17082, -3.59384); 1471 (6.51063, -3.92018); ]
    1918 (17.4515, -1.96123) -> [ 1659 (17.2617, -0.0280201); ]
    1921 (0.0720622, 18.4806) -> [ 815 (-0.831762, 20.0276); 824 (-0.483529, 19.5035); 899 (-0.357957, 20.2751); 1048 (1.14936, 19.5015); 1132 (-1.44621, 19.0339); 1510 (-0.568467, 19.8033); 1613 (-0.741009, 19.6296); 1727 (0.861333, 20.1795); ]
    1924 (1.77542, 23.1824) -> [ 825 (3.50777, 22.7332); 1003 (1.8048, 24.4139); 1072 (2.05221, 24.4837); 1872 (3.31307, 23.9929); ]
    1925 (21.8743, -6.40895) -> [ 553 (23.5169, -5.28543); 1117 (23.5072, -5.55051); 1204 (23.2504, -5.40298); 1375 (23.0585, -5.23648); ]
    1926 (-5.77285, -8.19649) -> [ 158 (-6.20988, -9.83151); 1489 (-7.2879, -8.5479); 1765 (-7.24125, -9.10589); 1841 (-6.9542, -8.32962); ]
    1928 (-9.4232, 21.4964) -> [ 722 (-11.2821, 21.2746); 782 (-11.0802, 21.0661); 1079 (-10.9876, 20.7002); 1183 (-8.60281, 22.9886); ]
    1931 (5.86439, -8.01643) -> [ 1156 (6.71772, -9.04488); 1387 (7.18069, -8.30824); ]
    1932 (10.7054, -6.25768) -> [ ]
    1933 (-4.31151, -5.49533) -> [ 104 (-4.05408, -6.80573); 381 (-3.60215, -6.83413); 1500 (-3.03854, -6.24711); ]
    1934 (17.4306, 20.5038) -> [ 206 (18.7565, 19.4735); 230 (18.3197, 21.4606); 1130 (17.5104, 18.52); 1192 (17.4521, 18.8371); 1710 (18.0786, 19.2902); 1847 (17.7901, 18.6053); ]
    1935 (-1.68769, 23.8987) -> [ 213 (-0.984523, 24.5493); 918 (-3.31984, 24.2906); ]
    1938 (3.31261, -0.604919) -> [ 1271 (5.03626, 0.101202); ]
    1939 (0.992821, -4.3319) -> [ 239 (0.159039, -5.83599); 1897 (0.523344, -6.21865); ]
    1941 (22.4836, 9.37991) -> [ 99 (20.8062, 8.5922); 561 (24.2381, 9.97143); 1462 (23.8606, 10.3334); 1973 (23.6422, 8.92869); ]
    1942 (10.5355, -6.29301) -> [ 1399 (11.6733, -7.69199); ]
    1944 (8.36262, 24.1503) -> [ 457 (9.84199, 23.6844); 1078 (10.1554, 23.8735); ]
    1945 (-7.7236, 8.58019) -> [ 325 (-7.71278, 6.8885); ]
    1946 (-9.36788, 18.6613) -> [ 139 (-10.8152, 17.4434); 472 (-11.2306, 17.9601); 1163 (-10.8688, 19.3474); ]
    1949 (14.2155, 8.46009) -> [ 431 (15.5866, 9.84933); 771 (14.6445, 10.0072); ]
    1950 (21.1466, 16.7375) -> [ 254 (21.4386, 15.5693); 576 (20.5004, 15.1732); ]
    1951 (15.8958, 0.119792) -> [ 1795 (17.7279, -0.514097); ]
    1952 (-0.610716, 5.09942) -> [ 514 (-1.60709, 3.41148); 921 (-1.03416, 3.57967); ]
    1953 (-10.4312, 14.8857) -> [ 297 (-8.49139, 14.4194); 1361 (-10.0478, 16.513); 1754 (-10.5857, 16.0143); ]
    1954 (22.9965, 4.46764) -> [ 183 (23.8103, 6.0094); 313 (22.8381, 6.44167); ]
    1956 (-7.23054, 16.3177) -> [ 521 (-7.84086, 17.6864); 1258 (-8.11576, 16.8116); 1301 (-8.60333, 16.1551); 1450 (-8.94253, 15.6509); ]
    1957 (-7.66128, -9.23446) -> [ 364 (-9.09949, -10.3115); 1189 (-8.70781, -10.6099); 1554 (-8.54383, -10.2467); ]
    1959 (-4.51658, 11.0328) -> [ 234 (-5.87685, 11.9627); 259 (-5.89638, 10.6229); 308 (-6.24193, 10.2665); 337 (-3.88622, 9.93031); 398 (-6.2052, 10.4665); 402 (-3.2048, 9.94207); 692 (-3.07851, 9.97011); 977 (-6.28754, 10.2757); 1402 (-4.61631, 9.13428); 1451 (-4.96852, 9.482); 1534 (-3.89621, 9.53249); 1636 (-5.41395, 10.7713); ]
    1960 (-6.58372, -1.26246) -> [ 954 (-6.11049, -2.71541); 1748 (-5.87201, -2.7672); ]
    1961 (-3.03621, 6.60501) -> [ 227 (-2.15846, 5.12567); 523 (-2.89493, 4.77142); 1318 (-2.35974, 4.84116); ]
    1962 (7.1982, 4.75436) -> [ 486 (5.92018, 3.377); 1196 (7.77722, 3.44021); 1351 (7.63323, 3.21912); ]
    1965 (1.07949, -0.653481) -> [ 1292 (1.68566, -2.28994); 1970 (2.03859, -2.05612); ]
    1966 (11.5266, 19.6564) -> [ 407 (11.4472, 17.6813); 1848 (13.3174, 19.1209); ]
    1968 (17.5265, 12.3023) -> [ 76 (16.2458, 13.3643); ]
    1969 (-9.53771, 22.9681) -> [ 1272 (-11.3554, 23.1873); 1683 (-9.65045, 24.7456); ]
    1971 (7.47378, 6.80109) -> [ 1095 (8.62156, 8.28066); 1195 (9.19071, 7.17273); ]
    1972 (-7.62148, 18.7716) -> [ 125 (-9.48582, 18.9377); 298 (-9.16983, 17.9535); 1612 (-9.27023, 18.9601); ]
    1976 (11.0978, 4.23304) -> [ 569 (12.1155, 5.5725); 1730 (11.8861, 5.98112); ]
    1979 (0.0705872, 13.7155) -> [ 131 (-1.78196, 14.3624); 844 (-1.07359, 15.0042); 1153 (1.30371, 12.622); 1550 (0.496523, 11.803); 1637 (-1.75127, 14.4181); 1725 (-1.15394, 15.1169); ]
    1980 (18.9963, 18.3672) -> [ 803 (20.6824, 17.7142); 1284 (20.3587, 18.0887); 1680 (20.2288, 18.1721); ]
    1982 (5.55227, 20.3679) -> [ 538 (7.17176, 19.9506); ]
    1983 (8.29435, 0.319208) -> [ 48 (9.3254, -0.992407); 471 (9.41678, -1.25152); 1147 (9.49776, 1.91433); ]
    1984 (19.0733, 3.51512) -> [ 1891 (20.4598, 2.79585); ]
    1986 (-10.8824, 24.0529) -> [ 1503 (-12.3617, 24.8888); 1728 (-12.3748, 24.6439); ]
    1987 (21.1739, 20.8396) -> [ 330 (22.3677, 19.884); 334 (21.8797, 19.2684); 1087 (22.6026, 20.6106); 1556 (23.1672, 20.8827); 1706 (21.2481, 19.1956); ]
    1988 (-1.47782, 13.5661) -> [ 231 (-2.9348, 14.6567); 1603 (-2.82229, 14.8473); ]
    1989 (-4.30609, 8.99562) -> [ 604 (-3.19436, 7.35101); ]
    1990 (-11.3475, 7.79341) -> [ 1397 (-10.5486, 6.96821); ]
    1991 (5.41328, -0.532379) -> [ 946 (7.30014, -0.5227); ]
    1992 (12.5875, -1.32261) -> [ 92 (14.3915, -2.04807); ]
    1995 (3.33806, 22.9379) -> [ 423 (3.69993, 24.1873); 616 (4.95175, 23.8273); 850 (4.89636, 21.7245); 1064 (1.3819, 23.1052); 1084 (3.45361, 24.4623); 1093 (3.39319, 24.4124); 1363 (2.24951, 23.975); 1476 (2.53026, 23.8096); 1799 (2.12454, 24.3528); ]
    1996 (-9.2533, -4.57419) -> [ 236 (-8.30165, -5.3069); 600 (-10.2313, -5.76523); 1352 (-10.38, -5.912); ]
    1998 (-9.18632, -7.71217) -> [ 237 (-9.22886, -9.38808); 260 (-8.4844, -9.2164); 929 (-8.64056, -6.5971); 1566 (-8.04534, -7.46273); 1776 (-8.89767, -8.88882); ]
