Children Map for Subproblem Tree 33
======================================
Parent ID (x, y) -> [List of Children IDs (x, y)]
    0 (1, 15) -> [ 1 (1.7793, 14.3733); 491 (1.75715, 15.5876); 807 (0.69174, 14.3124); 842 (0.125448, 15.0698); 1137 (0.389929, 14.5237); 1223 (1.30471, 14.6095); 1674 (0.345044, 15.6473); 1714 (1.23374, 15.7551); 1964 (1.49734, 15.5835); ]
    1 (1.7793, 14.3733) -> [ 2 (2.61058, 13.8175); 931 (1.98983, 13.5145); ]
    2 (2.61058, 13.8175) -> [ 3 (3.30537, 14.5367); 1391 (3.06805, 13.3744); 1494 (3.05197, 14.0467); ]
    3 (3.30537, 14.5367) -> [ 967 (4.07374, 13.9933); ]
    4 (3.10288, 12.9471) -> [ 5 (4.00968, 12.5255); ]
    5 (4.00968, 12.5255) -> [ 6 (4.97558, 12.2666); 266 (3.95142, 12.3572); ]
    6 (4.97558, 12.2666) -> [ 10 (5.88414, 11.8489); 1285 (5.69609, 11.8974); ]
    7 (3.66397, 15.4702) -> [ 417 (4.31103, 15.2638); ]
    8 (3.52023, 16.4598) -> [ 9 (4.36605, 16.9933); 820 (4.16084, 17.1777); 1469 (4.02155, 16.9518); ]
    9 (4.36605, 16.9933) -> [ 12 (5.30037, 17.3497); 474 (4.57333, 17.2148); ]
    10 (5.88414, 11.8489) -> [ 879 (6.53763, 12.6058); ]
    11 (6.23148, 10.9111) -> [ 13 (7.15511, 10.5278); ]
    12 (5.30037, 17.3497) -> [ 17 (6.24185, 17.6868); 1167 (6.07084, 17.5679); ]
    13 (7.15511, 10.5278) -> [ 14 (7.89237, 9.85222); 615 (7.61971, 11.4134); 1855 (7.09088, 11.5255); 1918 (7.88258, 10.3388); ]
    14 (7.89237, 9.85222) -> [ 15 (8.87943, 10.0125); 516 (8.29126, 9.16315); ]
    15 (8.87943, 10.0125) -> [ 462 (9.11832, 9.72824); 964 (9.08239, 10.4204); ]
    16 (9.24416, 9.08142) -> [ ]
    17 (6.24185, 17.6868) -> [ 20 (7.23783, 17.7764); 219 (6.46437, 18.6379); ]
    18 (5.56962, 10.1615) -> [ ]
    19 (5.77453, 16.4693) -> [ 1583 (6.73602, 16.7292); ]
    20 (7.23783, 17.7764) -> [ 21 (8.18411, 17.4531); 90 (7.81733, 17.9952); ]
    21 (8.18411, 17.4531) -> [ 22 (9.17253, 17.3013); 493 (8.4237, 17.3833); ]
    22 (9.17253, 17.3013) -> [ 107 (9.9862, 16.72); 121 (9.72563, 17.5065); 472 (10.0527, 17.31); 591 (9.38065, 16.8351); 1580 (9.8602, 16.7736); 1839 (9.8975, 17.6822); ]
    23 (9.96499, 8.3883) -> [ 573 (10.467, 8.36098); 1849 (10.5584, 8.08967); 1903 (10.5458, 7.81654); ]
    24 (10.3611, 7.47011) -> [ ]
    25 (9.90328, 17.984) -> [ 247 (10.3592, 18.0969); 1691 (10.3768, 17.9908); ]
    26 (10.2969, 6.47218) -> [ 27 (10.7377, 5.57455); ]
    27 (10.7377, 5.57455) -> [ 42 (10.0489, 4.84959); 750 (10.8809, 5.04357); ]
    28 (10.7921, 18.4422) -> [ 29 (11.7271, 18.0875); ]
    29 (11.7271, 18.0875) -> [ 31 (12.7271, 18.0878); ]
    30 (5.0208, 18.3098) -> [ 670 (5.84876, 18.7176); 822 (5.82955, 18.4816); 837 (5.48237, 18.4854); ]
    31 (12.7271, 18.0878) -> [ 34 (13.5661, 17.5437); 968 (13.2655, 17.6556); 1038 (12.6909, 17.6542); 1039 (13.5554, 17.9168); 1124 (12.8145, 17.6868); 1242 (13.594, 18.0452); ]
    32 (5.08072, 9.28915) -> [ 57 (4.67303, 8.37603); 745 (5.92222, 8.88506); ]
    33 (11.7186, 5.38017) -> [ 37 (12.609, 5.83545); 987 (11.9739, 6.26984); 1018 (12.425, 5.39471); 1813 (12.4496, 5.20071); ]
    34 (13.5661, 17.5437) -> [ ]
    35 (14.2332, 18.2887) -> [ 47 (15.0108, 17.6599); 268 (14.5974, 18.4456); 1165 (15.2217, 18.4377); ]
    36 (14.7753, 19.1289) -> [ 44 (15.6341, 19.6414); ]
    37 (12.609, 5.83545) -> [ ]
    38 (13.5787, 5.59146) -> [ 46 (14.48, 6.0247); ]
    39 (4.46116, 19.1386) -> [ ]
    40 (4.45212, 20.1385) -> [ ]
    41 (10.2034, 19.2505) -> [ 1456 (10.4021, 19.758); ]
    42 (10.0489, 4.84959) -> [ 1475 (10.5452, 3.99251); ]
    43 (9.05008, 9.44299) -> [ 640 (9.67292, 9.99442); ]
    44 (15.6341, 19.6414) -> [ 45 (15.5823, 20.64); 65 (16.5673, 19.2821); 270 (15.8127, 19.547); 464 (16.3639, 20.1124); 1250 (16.2541, 19.0744); ]
    45 (15.5823, 20.64) -> [ 1064 (15.7808, 21.5845); 1480 (15.1679, 21.2768); 1667 (15.611, 21.0626); 1773 (15.9051, 20.6723); ]
    46 (14.48, 6.0247) -> [ 1447 (14.8874, 5.47835); ]
    47 (15.0108, 17.6599) -> [ 53 (15.9132, 17.229); 1457 (15.3129, 17.4485); ]
    48 (15.5622, 21.6398) -> [ 69 (14.9264, 22.4117); 1172 (15.2656, 22.4651); ]
    49 (7.31383, 18.7735) -> [ ]
    50 (9.26744, 4.22564) -> [ ]
    51 (16.3347, 22.2748) -> [ 60 (17.1805, 22.8083); ]
    52 (6.47258, 15.7532) -> [ 1796 (6.92338, 15.2547); ]
    53 (15.9132, 17.229) -> [ 658 (16.4334, 18.0831); ]
    54 (16.3742, 16.3416) -> [ 61 (16.7052, 15.398); 868 (16.4751, 15.5315); 1298 (16.682, 15.9959); 1366 (16.7747, 15.4373); ]
    55 (12.6068, 6.83544) -> [ ]
    56 (15.2844, 5.4306) -> [ 743 (15.4758, 6.21325); 1205 (15.9136, 5.2275); ]
    57 (4.67303, 8.37603) -> [ 68 (3.90991, 7.72978); 562 (5.15102, 7.68551); 634 (4.4336, 8.2536); 995 (4.71792, 7.70634); 1679 (4.61402, 7.74779); ]
    58 (9.75999, 20.1468) -> [ 1881 (10.6303, 20.6284); ]
    59 (16.0973, 4.84823) -> [ 71 (16.763, 4.10197); 138 (16.0959, 4.04979); 553 (15.6348, 4.25962); ]
    60 (17.1805, 22.8083) -> [ 1585 (17.2877, 23.3564); ]
    61 (16.7052, 15.398) -> [ ]
    62 (4.74704, 21.0941) -> [ 70 (4.96399, 22.0702); 1056 (4.20655, 21.8095); ]
    63 (8.49883, 3.58591) -> [ ]
    64 (16.6406, 5.6878) -> [ 67 (17.4312, 6.30007); 1342 (16.5872, 5.52387); 1725 (17.3896, 6.1753); ]
    65 (16.5673, 19.2821) -> [ 171 (17.4342, 18.7836); ]
    66 (18.1705, 22.9497) -> [ ]
    67 (17.4312, 6.30007) -> [ 215 (18.2541, 6.86834); ]
    68 (3.90991, 7.72978) -> [ 194 (3.10328, 7.13871); 1575 (3.50773, 7.16285); ]
    69 (14.9264, 22.4117) -> [ 1087 (14.3977, 22.9712); 1125 (14.3314, 22.8361); 1625 (14.5574, 22.6229); ]
    70 (4.96399, 22.0702) -> [ 78 (5.19898, 23.0422); 166 (4.63002, 22.9026); 719 (4.89886, 22.9834); 785 (4.68822, 22.2805); 887 (5.21024, 22.5822); 1543 (4.695, 22.7994); ]
    71 (16.763, 4.10197) -> [ 832 (17.3267, 4.27176); 1138 (16.8434, 3.85097); ]
    72 (19.0562, 23.4139) -> [ ]
    73 (1.90936, 13.1045) -> [ 309 (2.03919, 12.3717); 1276 (2.02647, 12.1695); 1470 (1.92778, 12.3194); ]
    74 (16.7951, 23.7311) -> [ ]
    75 (17.7052, 15.4029) -> [ 130 (18.5491, 15.9394); ]
    76 (7.69503, 2.99101) -> [ ]
    77 (8.31373, 2.20539) -> [ ]
    78 (5.19898, 23.0422) -> [ 1399 (5.14081, 23.1027); ]
    79 (6.82219, 2.50301) -> [ 457 (6.68264, 2.37073); ]
    80 (16.2914, 3.22014) -> [ 1829 (16.4373, 3.04817); ]
    81 (16.9207, 24.7232) -> [ 82 (16.4253, 25.5918); ]
    82 (16.4253, 25.5918) -> [ 98 (15.6383, 26.2088); 109 (17.3874, 25.8647); 361 (16.6584, 25.8717); 644 (15.7226, 25.7643); 1239 (17.2377, 26.0546); 1739 (15.8062, 25.9712); ]
    83 (6.06191, 3.15261) -> [ 122 (5.19877, 2.64766); 1611 (5.41263, 2.64049); ]
    84 (17.4788, 14.6949) -> [ ]
    85 (9.56355, 21.1273) -> [ 1295 (10.5099, 20.9402); ]
    86 (19.8996, 23.9512) -> [ 93 (20.6476, 24.6149); ]
    87 (8.21894, 1.20989) -> [ 91 (7.66341, 0.378388); ]
    88 (6.13884, 23.3838) -> [ 346 (6.37399, 24.0422); ]
    89 (6.05037, 4.15255) -> [ ]
    90 (7.81733, 17.9952) -> [ 511 (8.45301, 18.7671); 1852 (8.80013, 18.1532); ]
    91 (7.66341, 0.378388) -> [ 124 (8.23802, -0.440042); 1380 (7.72035, 0.526888); ]
    92 (8.92748, 21.899) -> [ ]
    93 (20.6476, 24.6149) -> [ 100 (21.6079, 24.8938); 494 (20.3422, 25.5671); 1369 (21.3922, 24.8793); ]
    94 (8.83605, 1.84012) -> [ 612 (9.43015, 1.79883); 1961 (9.5707, 1.99348); ]
    95 (13.544, 4.59206) -> [ 1713 (13.5374, 4.26125); ]
    96 (2.67363, 16.992) -> [ 834 (3.15033, 17.7779); 1383 (2.49661, 17.6088); 1765 (2.89379, 17.5435); ]
    97 (17.7311, 3.8514) -> [ 101 (18.6905, 4.13344); 858 (17.9036, 4.01819); 1454 (18.5809, 3.92057); 1981 (17.9602, 3.72276); ]
    98 (15.6383, 26.2088) -> [ 178 (14.7797, 26.7214); ]
    99 (5.96467, 24.3685) -> [ ]
    100 (21.6079, 24.8938) -> [ ]
    101 (18.6905, 4.13344) -> [ 106 (19.4751, 4.75339); ]
    102 (17.4645, 13.695) -> [ ]
    103 (18.0008, 12.851) -> [ 377 (18.751, 12.1898); ]
    104 (9.7414, 9.4827) -> [ ]
    105 (3.45721, 20.2393) -> [ ]
    106 (19.4751, 4.75339) -> [ ]
    107 (9.9862, 16.72) -> [ ]
    108 (16.6423, 20.2792) -> [ ]
    109 (17.3874, 25.8647) -> [ 1638 (18.0736, 25.9348); ]
    110 (13.8455, 3.63861) -> [ 817 (14.6882, 3.23787); 1663 (13.6005, 3.28008); 1718 (14.614, 3.94836); ]
    111 (15.9977, 2.26424) -> [ 112 (15.6954, 1.31103); 1431 (16.4269, 2.50877); 1439 (16.0124, 1.45245); ]
    112 (15.6954, 1.31103) -> [ 120 (15.7248, 0.311461); ]
    113 (6.39468, 18.8566) -> [ ]
    114 (6.64283, 4.95815) -> [ ]
    115 (3.56695, 13.0829) -> [ 1420 (4.19938, 13.2416); 1959 (4.25347, 13.4896); ]
    116 (5.62303, 25.3084) -> [ 186 (5.29429, 26.2528); 915 (5.99109, 26.15); 1016 (5.68745, 25.6171); ]
    117 (17.6672, 5.54921) -> [ 147 (18.467, 5.45596); ]
    119 (17.3325, 22.107) -> [ 1333 (17.5774, 22.8781); ]
    120 (15.7248, 0.311461) -> [ 148 (16.391, -0.434324); 243 (15.6269, -0.176444); 1413 (16.0282, -0.455336); 1745 (16.6002, 0.217765); ]
    121 (9.72563, 17.5065) -> [ 1287 (10.5831, 17.0364); ]
    122 (5.19877, 2.64766) -> [ 151 (4.28451, 2.24252); 250 (4.35516, 2.84057); ]
    123 (19.2776, 3.32395) -> [ 134 (20.084, 2.73257); 146 (19.4467, 3.05411); 1241 (20.1167, 2.8123); 1632 (19.4314, 3.01272); ]
    124 (8.23802, -0.440042) -> [ 156 (8.50663, -0.860784); 751 (8.72185, -0.558617); 1774 (8.10185, -0.977266); ]
    125 (7.67339, 0.167467) -> [ 150 (6.86633, -0.423003); ]
    126 (20.4826, 23.6988) -> [ 129 (20.8776, 22.7801); 621 (21.0325, 23.5034); 1069 (21.0899, 23.3607); 1990 (21.1721, 23.0193); ]
    127 (8.25996, 22.6436) -> [ ]
    129 (20.8776, 22.7801) -> [ ]
    130 (18.5491, 15.9394) -> [ 200 (19.1807, 15.1641); 301 (19.2474, 16.075); 413 (18.8976, 16.2652); 415 (18.9224, 16.2511); 1174 (19.1967, 16.2038); 1243 (18.8992, 16.2303); 1363 (19.114, 15.2813); 1916 (19.4071, 15.9476); ]
    131 (2.81078, 21.0023) -> [ 188 (2.14268, 21.7464); 580 (2.16213, 21.6201); 778 (2.97019, 21.912); ]
    132 (6.53414, 25.7205) -> [ 265 (6.83749, 26.6734); 1235 (6.74105, 25.7872); ]
    133 (13.7004, 16.8459) -> [ 1372 (13.6605, 15.9195); ]
    134 (20.084, 2.73257) -> [ 199 (20.7678, 2.00292); ]
    136 (17.9024, 26.7219) -> [ 529 (18.4655, 27.4665); ]
    137 (19.8319, 5.6876) -> [ 1482 (20.5209, 5.35663); ]
    138 (16.0959, 4.04979) -> [ 80 (16.2914, 3.22014); ]
    139 (8.06593, 23.2648) -> [ 1265 (7.48219, 23.8655); 1308 (8.41389, 24.0498); 1313 (8.01858, 23.898); ]
    140 (8.10113, 2.92055) -> [ ]
    141 (14.8978, -0.250639) -> [ 149 (14.2037, -0.970546); 498 (14.496, -0.913302); ]
    142 (20.5116, 6.421) -> [ 329 (21.3227, 6.44294); 421 (20.8485, 6.31282); 903 (20.9964, 6.25447); 1377 (20.9549, 6.32615); ]
    143 (14.847, 1.40925) -> [ ]
    144 (13.1568, 7.67066) -> [ ]
    145 (9.77806, 22.4248) -> [ 894 (9.75727, 23.4105); 1365 (9.47764, 23.1124); ]
    146 (19.4467, 3.05411) -> [ ]
    147 (18.467, 5.45596) -> [ 316 (19.4412, 5.54396); ]
    148 (16.391, -0.434324) -> [ 175 (17.2241, -0.987469); 1753 (16.868, -0.431015); ]
    149 (14.2037, -0.970546) -> [ 1775 (13.5343, -1.66944); 1812 (13.8325, -0.676606); 1819 (13.8669, -0.930501); ]
    150 (6.86633, -0.423003) -> [ 1354 (6.72618, -0.392464); ]
    151 (4.28451, 2.24252) -> [ 437 (4.13958, 1.75844); 1986 (4.20368, 2.00089); ]
    154 (20.781, 21.7848) -> [ ]
    155 (17.618, 20.4981) -> [ 1505 (18.2063, 20.4012); 1570 (18.2185, 21.1963); ]
    156 (8.50663, -0.860784) -> [ 742 (8.79355, -0.71333); ]
    157 (21.1482, 7.19226) -> [ ]
    158 (3.53981, 2.90991) -> [ 161 (2.76732, 2.27488); ]
    159 (5.69038, 20.7622) -> [ 1854 (5.62693, 21.566); ]
    160 (21.2817, 20.9192) -> [ 241 (22.1173, 20.3699); 333 (21.8389, 20.242); 349 (21.854, 20.7982); ]
    161 (2.76732, 2.27488) -> [ ]
    162 (4.21426, 23.2163) -> [ 468 (3.58999, 23.3366); 1026 (4.123, 24.1911); ]
    163 (2.99885, 1.30206) -> [ ]
    164 (2.08158, 0.903792) -> [ 334 (1.66536, 0.874499); 680 (1.52361, 0.995023); ]
    165 (4.73123, 7.15931) -> [ ]
    166 (4.63002, 22.9026) -> [ ]
    167 (10.2728, 23.2939) -> [ ]
    168 (4.62958, 6.46439) -> [ ]
    169 (4.70904, 7.32026) -> [ ]
    170 (17.2921, 12.1455) -> [ ]
    171 (17.4342, 18.7836) -> [ 352 (18.044, 17.991); 514 (17.9626, 18.4372); 1648 (17.7443, 19.368); ]
    172 (5.7946, 21.2615) -> [ ]
    173 (9.50922, 5.69146) -> [ ]
    174 (17.2254, 27.4579) -> [ 943 (17.8995, 27.932); 970 (18.052, 27.8927); ]
    175 (17.2241, -0.987469) -> [ 218 (18.1746, -1.16168); 252 (16.9914, -1.96002); 1254 (17.2342, -1.61718); ]
    176 (9.83377, 1.90755) -> [ ]
    177 (20.6728, 8.07206) -> [ ]
    178 (14.7797, 26.7214) -> [ 593 (14.5973, 27.7046); 1261 (14.3684, 27.2347); 1569 (14.6561, 27.0583); ]
    179 (18.9168, 3.28695) -> [ 1488 (19.0174, 2.63857); ]
    180 (10.6316, 4.0369) -> [ ]
    181 (14.1521, 21.7789) -> [ 337 (13.5411, 22.5705); ]
    182 (11.5602, 3.66578) -> [ 382 (11.8705, 3.6039); 936 (11.7278, 2.93362); 1375 (11.5544, 3.06041); 1609 (12.1391, 3.02259); ]
    183 (8.37919, -1.85263) -> [ 192 (8.01793, -2.78509); 1227 (8.60603, -2.01314); ]
    185 (12.5207, 8.4423) -> [ 1861 (13.3262, 8.9957); ]
    186 (5.29429, 26.2528) -> [ 193 (4.94618, 27.1902); 467 (5.47917, 26.7416); 772 (5.2031, 26.71); 1020 (5.48702, 27.1403); ]
    187 (9.36646, -1.69356) -> [ 324 (9.89593, -2.5419); 1820 (9.97473, -2.27191); ]
    188 (2.14268, 21.7464) -> [ 1318 (2.08418, 22.6776); ]
    189 (14.0857, 8.04088) -> [ 312 (14.3566, 9.00348); ]
    190 (9.68561, 24.1033) -> [ 203 (9.74473, 25.1016); ]
    191 (22.0371, 6.73416) -> [ 254 (22.8599, 7.30243); 331 (22.3395, 5.78099); ]
    192 (8.01793, -2.78509) -> [ 237 (7.81563, -3.76442); 1786 (8.00519, -3.27483); ]
    193 (4.94618, 27.1902) -> [ 1985 (4.57825, 27.5166); ]
    194 (3.10328, 7.13871) -> [ 204 (2.78864, 6.1895); 870 (2.55584, 6.41386); 1869 (2.74945, 6.40791); ]
    195 (9.31873, 3.19775) -> [ 1992 (10.1344, 3.29659); ]
    196 (1.9944, -0.0924002) -> [ ]
    197 (19.5394, 22.9269) -> [ 749 (19.884, 22.4273); 1427 (19.8819, 22.9879); ]
    198 (10.3574, 1.05563) -> [ ]
    199 (20.7678, 2.00292) -> [ 212 (21.6013, 1.4504); 463 (19.9998, 1.67396); 1286 (21.4857, 1.39319); 1767 (21.1826, 1.91862); ]
    200 (19.1807, 15.1641) -> [ 764 (19.2682, 14.9959); 1572 (20.1206, 15.1991); ]
    201 (5.20938, 2.16307) -> [ 339 (4.48834, 1.59058); 650 (4.67677, 1.44931); ]
    202 (22.5191, 24.4819) -> [ 224 (23.3778, 23.9694); ]
    203 (9.74473, 25.1016) -> [ 521 (9.6124, 26.0928); 878 (9.61292, 25.7579); 1945 (9.85218, 25.1901); ]
    204 (2.78864, 6.1895) -> [ ]
    205 (1.9258, 6.51312) -> [ 351 (1.07632, 7.04075); 609 (1.58342, 6.94225); 1880 (1.63476, 7.12339); ]
    207 (20.156, 15.3852) -> [ ]
    208 (10.8159, 19.4167) -> [ 411 (11.5363, 20.1103); 691 (11.4522, 19.6887); 780 (11.7759, 19.2832); 1994 (11.655, 18.9827); ]
    209 (19.0049, 16.8295) -> [ 216 (19.6215, 17.6167); 898 (19.6103, 17.2087); ]
    210 (1.36426, 21.1186) -> [ 684 (1.39574, 20.3412); 1368 (1.55928, 20.5394); 1412 (1.27057, 20.6865); 1900 (0.625043, 20.6991); ]
    211 (0.995468, -0.0461199) -> [ ]
    212 (21.6013, 1.4504) -> [ 262 (22.6013, 1.45227); 884 (21.6262, 1.41404); 1558 (22.229, 1.38318); ]
    213 (18.9023, 26.7105) -> [ 828 (19.5847, 27.3783); 1353 (19.1641, 26.7518); 1504 (18.9607, 27.1499); ]
    214 (6.54671, 1.60958) -> [ 1381 (6.23843, 0.736536); ]
    215 (18.2541, 6.86834) -> [ 354 (19.1106, 7.02086); 495 (18.5087, 6.47394); 732 (18.7063, 6.70153); ]
    216 (19.6215, 17.6167) -> [ 228 (19.5209, 18.6116); 238 (20.6196, 17.6797); 1327 (20.0107, 18.4095); 1332 (19.6892, 18.4008); ]
    217 (7.45497, 19.7635) -> [ 1370 (8.03988, 19.5473); ]
    218 (18.1746, -1.16168) -> [ 430 (18.6798, -1.67337); 470 (18.5875, -1.43629); 589 (18.6726, -0.611804); 755 (18.3947, -1.9281); 1284 (18.3788, -1.94619); ]
    219 (6.46437, 18.6379) -> [ 49 (7.31383, 18.7735); ]
    220 (8.56416, 2.70695) -> [ ]
    221 (3.99465, 27.4978) -> [ ]
    222 (5.80682, 21.5105) -> [ ]
    223 (17.754, 3.27262) -> [ ]
    224 (23.3778, 23.9694) -> [ 232 (23.6282, 24.7267); 1750 (23.6193, 24.7103); ]
    225 (19.1305, -1.45564) -> [ 229 (19.9708, -1.99772); ]
    226 (14.1262, 20.7949) -> [ ]
    227 (16.4254, 12.6341) -> [ ]
    229 (19.9708, -1.99772) -> [ 233 (19.5701, -2.91395); 277 (20.9502, -2.19935); 537 (20.2133, -2.6809); ]
    230 (12.4508, 9.43986) -> [ 602 (12.9482, 10.3074); 1131 (12.47, 10.0944); ]
    231 (15.4298, 12.5405) -> [ 909 (14.5946, 11.9905); ]
    232 (23.6282, 24.7267) -> [ 274 (23.077, 25.561); ]
    233 (19.5701, -2.91395) -> [ 578 (19.8462, -3.87507); 1050 (19.5517, -3.83856); 1486 (19.9853, -3.78424); ]
    234 (17.0341, 13.7396) -> [ ]
    235 (21.3835, 25.8683) -> [ ]
    236 (2.5681, 2.69348) -> [ 1873 (2.20041, 2.42622); ]
    237 (7.81563, -3.76442) -> [ 287 (6.82705, -3.91511); 291 (7.18221, -4.40275); 1452 (7.65189, -4.46215); 1525 (7.61534, -3.9964); ]
    238 (20.6196, 17.6797) -> [ 1149 (21.2336, 18.2319); ]
    239 (7.51984, 3.25536) -> [ ]
    240 (21.1427, 15.2226) -> [ 245 (21.995, 14.6995); 1132 (21.9254, 15.6285); 1279 (21.7438, 15.0094); 1673 (21.8039, 15.032); 1781 (21.9655, 15.251); ]
    241 (22.1173, 20.3699) -> [ 384 (23.1113, 20.2599); 1041 (22.8158, 19.7171); ]
    242 (6.90926, 0.948862) -> [ ]
    243 (15.6269, -0.176444) -> [ 1146 (15.2452, -0.852101); ]
    244 (22.0423, 24.5384) -> [ 340 (22.5989, 24.586); ]
    245 (21.995, 14.6995) -> [ 259 (21.4437, 13.8652); 318 (22.3539, 14.3646); ]
    246 (6.24248, -1.20455) -> [ ]
    249 (6.29393, 17.8791) -> [ ]
    250 (4.35516, 2.84057) -> [ ]
    251 (8.74174, 6.10106) -> [ 1983 (8.75143, 5.99874); ]
    252 (16.9914, -1.96002) -> [ ]
    254 (22.8599, 7.30243) -> [ 341 (23.8556, 7.20934); 568 (23.6528, 7.71248); 637 (23.754, 6.92943); 1126 (23.7201, 7.79232); ]
    255 (10.131, 8.5717) -> [ ]
    256 (3.24084, 15.7258) -> [ 1268 (4.16113, 16.0168); ]
    257 (6.46333, 21.649) -> [ ]
    258 (22.622, 15.4785) -> [ 314 (23.0486, 16.3829); 375 (23.2553, 16.1377); 1567 (23.0759, 15.464); 1657 (23.3884, 15.1957); ]
    259 (21.4437, 13.8652) -> [ 536 (21.5198, 13.2105); 1202 (21.026, 13.2837); 1446 (20.9629, 13.5873); ]
    260 (17.1885, 11.1509) -> [ 1323 (17.8375, 11.5372); ]
    261 (6.58739, 4.5086) -> [ 1409 (6.79795, 4.01852); 1826 (7.27442, 4.17799); ]
    262 (22.6013, 1.45227) -> [ 480 (23.4711, 1.94569); 679 (23.5069, 1.49901); ]
    263 (10.0035, 23.9747) -> [ 396 (10.6298, 24.392); 1527 (10.1197, 24.835); ]
    264 (16.0877, 23.8148) -> [ ]
    265 (6.83749, 26.6734) -> [ 330 (7.0012, 27.6599); 1416 (7.68421, 26.9786); ]
    266 (3.95142, 12.3572) -> [ 1055 (4.8443, 11.9445); ]
    267 (19.2077, 27.6628) -> [ 276 (20.0843, 28.144); ]
    268 (14.5974, 18.4456) -> [ 1943 (15.3, 18.0892); ]
    271 (8.65473, 8.28358) -> [ 694 (8.37406, 7.57685); 1908 (8.63317, 7.99195); ]
    272 (10.5686, 23.0287) -> [ 1582 (11.1186, 23.8585); ]
    274 (23.077, 25.561) -> [ 311 (23.1007, 26.5608); 802 (23.814, 26.1066); 1096 (22.681, 25.8202); 1425 (23.3947, 25.8312); ]
    275 (17.5886, 12.2393) -> [ ]
    276 (20.0843, 28.144) -> [ 863 (20.6073, 28.3869); ]
    277 (20.9502, -2.19935) -> [ 299 (21.3324, -3.12347); 876 (21.1459, -2.4148); 999 (21.4749, -2.73405); 1936 (21.8281, -1.85787); ]
    278 (17.6156, 10.7072) -> [ 954 (18.6052, 10.6625); ]
    279 (23.1487, 8.25982) -> [ ]
    280 (9.73197, 3.86647) -> [ ]
    281 (14.3005, 25.8437) -> [ ]
    282 (13.1939, 8.03363) -> [ ]
    283 (10.8444, 16.958) -> [ 332 (11.0084, 16.0162); ]
    284 (6.12638, 24.0066) -> [ 716 (6.29046, 24.8763); ]
    287 (6.82705, -3.91511) -> [ 420 (5.8437, -4.09686); 840 (6.86138, -3.90914); ]
    288 (17.1491, 5.46032) -> [ 117 (17.6672, 5.54921); 1521 (17.3843, 4.88775); ]
    289 (20.9435, -1.2028) -> [ ]
    292 (3.55448, 18.7168) -> [ 1208 (3.49862, 19.0289); 1526 (4.21111, 19.4266); ]
    293 (19.6532, 23.2103) -> [ ]
    294 (13.3056, 25.7423) -> [ ]
    295 (16.9991, 12.7191) -> [ 1709 (17.3408, 13.5399); ]
    297 (21.0774, 8.98658) -> [ 322 (21.996, 9.3816); ]
    299 (21.3324, -3.12347) -> [ ]
    301 (19.2474, 16.075) -> [ ]
    302 (12.869, 7.14254) -> [ ]
    303 (16.6697, -2.90685) -> [ 714 (16.6899, -3.58787); ]
    304 (7.72843, 7.90678) -> [ ]
    306 (16.2763, 10.7411) -> [ 1030 (16.7513, 11.5177); ]
    307 (14.8544, 21.6328) -> [ ]
    309 (2.03919, 12.3717) -> [ 572 (2.62671, 11.5654); ]
    311 (23.1007, 26.5608) -> [ ]
    312 (14.3566, 9.00348) -> [ 731 (15.0336, 8.66646); 797 (14.6532, 9.03522); 1193 (15.0825, 8.9574); ]
    313 (23.4756, 9.2049) -> [ 371 (23.9939, 10.0601); 712 (23.615, 9.22902); ]
    314 (23.0486, 16.3829) -> [ 425 (23.788, 17.0562); 481 (23.295, 17.3096); ]
    316 (19.4412, 5.54396) -> [ 137 (19.8319, 5.6876); 501 (19.498, 5.37235); 947 (19.7964, 6.11145); 1114 (19.65, 5.22325); 1687 (19.614, 5.6826); ]
    317 (8.81887, 21.2336) -> [ 1252 (9.6054, 21.6911); ]
    318 (22.3539, 14.3646) -> [ 1784 (21.8171, 13.6141); ]
    319 (22.1885, 23.5382) -> [ 510 (22.427, 23.0134); 959 (22.6808, 22.8329); ]
    320 (23.8133, 26.2991) -> [ ]
    321 (16.6202, -3.90563) -> [ ]
    322 (21.996, 9.3816) -> [ 477 (21.5738, 10.2881); ]
    323 (9.92559, 21.9365) -> [ 1616 (10.8566, 22.2194); 1680 (10.3371, 22.7384); ]
    324 (9.89593, -2.5419) -> [ 1518 (10.0377, -3.27085); ]
    325 (21.2199, 23.9512) -> [ 1778 (21.4904, 24.2808); ]
    326 (15.0936, 8.54726) -> [ ]
    327 (8.53837, 9.03684) -> [ 1468 (9.14716, 8.85353); 1712 (9.40319, 8.7174); 1821 (9.40865, 9.23285); ]
    328 (21.505, 19.5793) -> [ ]
    329 (21.3227, 6.44294) -> [ ]
    330 (7.0012, 27.6599) -> [ 678 (7.87581, 28.1448); ]
    331 (22.3395, 5.78099) -> [ 343 (23.2172, 5.3017); 885 (23.3102, 5.65708); ]
    332 (11.0084, 16.0162) -> [ ]
    333 (21.8389, 20.242) -> [ ]
    334 (1.66536, 0.874499) -> [ ]
    335 (20.0975, 9.18626) -> [ ]
    337 (13.5411, 22.5705) -> [ ]
    338 (5.29927, 5.89603) -> [ 1345 (6.0826, 5.34591); 1357 (5.98494, 5.93914); 1822 (6.11342, 5.70519); ]
    339 (4.48834, 1.59058) -> [ 587 (4.4491, 1.70588); 990 (3.78143, 1.01768); ]
    341 (23.8556, 7.20934) -> [ 1319 (24.2069, 8.06158); ]
    343 (23.2172, 5.3017) -> [ 1157 (24.1755, 5.016); 1426 (22.6283, 4.66422); ]
    344 (12.9596, 26.6805) -> [ ]
    345 (21.4521, -1.08357) -> [ 598 (22.3772, -0.82541); ]
    346 (6.37399, 24.0422) -> [ 709 (6.80703, 24.7305); ]
    349 (21.854, 20.7982) -> [ 546 (22.6089, 21.4187); 725 (22.5862, 20.9898); ]
    350 (11.9257, 7.32675) -> [ ]
    351 (1.07632, 7.04075) -> [ 574 (0.190545, 6.65844); 1529 (0.93585, 7.06792); 1951 (0.911231, 7.95647); ]
    352 (18.044, 17.991) -> [ ]
    353 (8.30233, 1.1431) -> [ ]
    354 (19.1106, 7.02086) -> [ 941 (19.6333, 7.5342); 1704 (19.5522, 6.9381); ]
    355 (17.6545, 12.4489) -> [ ]
    357 (4.31076, 28.4465) -> [ 359 (5.19384, 28.9157); 567 (3.37327, 28.7946); 1024 (3.90376, 29.3444); 1201 (4.2737, 29.1359); ]
    359 (5.19384, 28.9157) -> [ 376 (5.16883, 29.1146); 846 (5.69748, 29.5483); ]
    361 (16.6584, 25.8717) -> [ 423 (16.8002, 26.8356); ]
    362 (3.54329, 11.4442) -> [ 665 (4.21092, 11.2803); ]
    363 (19.0504, 2.13597) -> [ ]
    364 (22.3057, -2.89419) -> [ 379 (23.1132, -2.30437); 839 (22.6682, -3.30399); 892 (23.0726, -3.23602); 958 (22.9245, -2.39119); 1221 (22.8831, -2.35079); ]
    365 (16.9922, -4.25082) -> [ 969 (17.2494, -4.44319); 1282 (16.4401, -4.67145); 1473 (17.6113, -4.10461); ]
    366 (20.505, 19.5699) -> [ ]
    367 (15.9276, 19.3468) -> [ 703 (16.2712, 18.8203); ]
    368 (2.24329, 15.7958) -> [ 1098 (3.09543, 16.3107); ]
    369 (14.943, 13.414) -> [ 1141 (14.448, 13.2498); ]
    370 (8.70706, -4.21757) -> [ ]
    371 (23.9939, 10.0601) -> [ 419 (24.6247, 10.3744); 435 (23.3518, 10.8267); 1004 (23.7967, 10.453); 1627 (24.8328, 10.3097); 1879 (23.7208, 10.6318); ]
    374 (20.8617, 28.773) -> [ ]
    376 (5.16883, 29.1146) -> [ ]
    377 (18.751, 12.1898) -> [ 1865 (19.208, 12.6924); ]
    378 (5.19036, 13.2433) -> [ 1182 (5.77294, 13.9886); ]
    379 (23.1132, -2.30437) -> [ ]
    380 (1.26759, 21.3951) -> [ 1476 (0.533842, 21.5336); ]
    381 (9.12465, 6.97991) -> [ 1939 (9.64997, 7.17205); ]
    382 (11.8705, 3.6039) -> [ 1051 (12.0423, 3.57271); ]
    383 (6.14208, 26.6775) -> [ 1322 (6.45147, 27.5899); ]
    384 (23.1113, 20.2599) -> [ 900 (23.6588, 20.1931); 1283 (23.8097, 20.3315); ]
    386 (0.781374, 22.2689) -> [ 1127 (0.421021, 22.4022); ]
    388 (5.53648, -1.91276) -> [ 686 (5.97751, -2.48269); 897 (4.8853, -2.44707); 1057 (5.58609, -2.28885); 1248 (5.02095, -2.50622); 1441 (5.3563, -2.58386); 1770 (6.03607, -2.49748); ]
    391 (23.9617, -1.7751) -> [ ]
    392 (13.4965, -0.263531) -> [ 1617 (12.5877, -0.676019); 1845 (12.938, -0.179594); ]
    393 (4.35414, 19.91) -> [ ]
    395 (4.96921, 20.9926) -> [ 172 (5.7946, 21.2615); ]
    396 (10.6298, 24.392) -> [ 812 (11.3244, 25.1114); 1012 (10.7303, 24.8039); ]
    397 (17.5758, 28.3945) -> [ 1104 (17.4289, 29.3836); ]
    398 (23.7139, 21.0579) -> [ 1669 (24.434, 21.5047); ]
    402 (6.88667, 2.43847) -> [ 980 (7.29317, 1.57361); ]
    403 (8.8143, -4.47076) -> [ ]
    405 (2.05637, -1.09048) -> [ ]
    406 (15.3661, 8.42) -> [ ]
    407 (10.1924, -2.27601) -> [ 1046 (10.7073, -2.15635); ]
    408 (1.81852, 17.5105) -> [ 549 (1.50671, 18.4606); ]
    410 (1.23829, 23.1584) -> [ 1917 (0.863273, 24.0706); ]
    411 (11.5363, 20.1103) -> [ 438 (11.5367, 21.1103); ]
    412 (12.0459, 7.69381) -> [ ]
    414 (4.69444, 18.4857) -> [ 1305 (5.24088, 18.8916); 1510 (4.86717, 18.9756); ]
    416 (13.9942, -1.68708) -> [ 427 (13.9848, -2.68704); 1646 (13.8767, -2.51442); 1976 (13.5676, -2.00745); ]
    417 (4.31103, 15.2638) -> [ 638 (4.80349, 14.5599); 1825 (4.88906, 14.9815); ]
    418 (1.35254, 6.12388) -> [ 434 (0.719199, 5.47145); ]
    419 (24.6247, 10.3744) -> [ 432 (24.7076, 11.371); ]
    420 (5.8437, -4.09686) -> [ 759 (5.76259, -4.39896); ]
    421 (20.8485, 6.31282) -> [ ]
    422 (23.53, 27.4639) -> [ ]
    423 (16.8002, 26.8356) -> [ 174 (17.2254, 27.4579); 372 (16.3432, 26.8714); 1660 (17.1382, 27.6405); 1731 (16.2915, 27.23); ]
    424 (21.5988, 5.10915) -> [ ]
    425 (23.788, 17.0562) -> [ 616 (23.771, 17.2965); 619 (24.1686, 17.4228); 1592 (24.6008, 16.984); ]
    426 (16.6, 28.3133) -> [ ]
    427 (13.9848, -2.68704) -> [ ]
    429 (13.1874, 21.5155) -> [ ]
    430 (18.6798, -1.67337) -> [ 806 (18.805, -2.24311); 1358 (18.9721, -1.66026); ]
    431 (16.4486, 10.1831) -> [ 1434 (17.0812, 10.0005); ]
    432 (24.7076, 11.371) -> [ ]
    433 (9.80769, -4.35595) -> [ ]
    434 (0.719199, 5.47145) -> [ 1565 (0.26127, 5.17564); 1996 (0.113453, 4.88852); ]
    435 (23.3518, 10.8267) -> [ ]
    436 (5.9569, 21.8653) -> [ ]
    437 (4.13958, 1.75844) -> [ ]
    438 (11.5367, 21.1103) -> [ 1110 (12.0948, 21.5993); ]
    439 (16.9056, 20.786) -> [ 1195 (16.9459, 21.3252); 1723 (17.3848, 21.1808); 1742 (17.018, 21.6899); ]
    440 (6.29697, 23.158) -> [ ]
    442 (5.39205, -0.678471) -> [ ]
    443 (1.60108, -1.98082) -> [ 629 (0.976694, -2.76194); ]
    444 (15.7179, 15.239) -> [ ]
    445 (18.8773, 27.6333) -> [ 1155 (19.4136, 28.4499); ]
    446 (3.69683, 27.0121) -> [ 485 (2.80934, 26.5513); ]
    447 (23.442, 28.46) -> [ 603 (24.0638, 29.2432); 754 (23.4868, 28.8469); 1554 (23.9556, 28.5275); ]
    448 (1.97705, 21.7695) -> [ 1748 (1.50019, 22.5135); ]
    449 (21.2689, 7.47019) -> [ ]
    450 (8.17193, 20.1404) -> [ 920 (8.5181, 20.9609); 1568 (9.00615, 19.9098); ]
    452 (6.4679, 19.3916) -> [ ]
    453 (14.8199, 2.40888) -> [ 1237 (14.1809, 1.7226); ]
    454 (9.68126, 8.63025) -> [ 1005 (10.1595, 7.82422); 1429 (10.3614, 9.05701); 1649 (10.2885, 8.7574); ]
    455 (23.3808, 14.8271) -> [ 1883 (23.5842, 14.4729); ]
    456 (8.97493, -4.17504) -> [ 1343 (9.2485, -4.19167); ]
    457 (6.68264, 2.37073) -> [ 539 (6.52971, 1.91127); ]
    459 (5.28137, 6.80882) -> [ 1550 (6.21249, 6.81935); ]
    460 (19.6998, 8.75983) -> [ 1885 (19.1094, 9.07429); ]
    462 (9.11832, 9.72824) -> [ ]
    463 (19.9998, 1.67396) -> [ 535 (19.7355, 0.709543); 1641 (19.9805, 1.07112); ]
    464 (16.3639, 20.1124) -> [ 108 (16.6423, 20.2792); 439 (16.9056, 20.786); 864 (17.0464, 20.7142); 890 (16.7328, 20.2936); ]
    466 (17.4745, 14.9095) -> [ ]
    472 (10.0527, 17.31) -> [ 283 (10.8444, 16.958); 509 (10.3613, 16.8584); 1492 (10.8446, 17.0365); ]
    473 (16.5191, 28.4848) -> [ 475 (16.3067, 29.295); ]
    476 (12.3515, 8.09172) -> [ 1700 (12.7305, 7.4383); 1866 (12.4989, 7.36678); ]
    477 (21.5738, 10.2881) -> [ 1256 (22.1235, 11.1235); 1612 (21.3195, 11.0742); 1787 (20.7889, 10.8275); 1788 (20.6558, 10.0984); 1907 (20.7316, 10.3295); ]
    478 (5.82374, 15.3924) -> [ ]
    479 (4.87284, -4.33651) -> [ 1606 (4.12869, -4.21776); ]
    480 (23.4711, 1.94569) -> [ 627 (23.2031, 2.9091); 1637 (22.6891, 2.52869); ]
    481 (23.295, 17.3096) -> [ 777 (23.9352, 17.9758); 862 (22.7039, 17.4243); 1048 (22.7809, 18.0032); 1546 (23.7307, 18.129); ]
    483 (10.8002, -4.23411) -> [ ]
    484 (3.0558, -1.05676) -> [ 727 (2.95165, -2.02266); 1163 (3.57563, -1.17279); ]
    485 (2.80934, 26.5513) -> [ 519 (1.87914, 26.1842); 1455 (2.35911, 26.9332); ]
    486 (24.204, 1.47038) -> [ 594 (24.8855, 0.754599); 1539 (24.5826, 2.39593); ]
    488 (2.76352, 1.06702) -> [ ]
    489 (4.19154, 3.59889) -> [ ]
    490 (1.08965, 16.8258) -> [ 1374 (0.584172, 17.6048); ]
    491 (1.75715, 15.5876) -> [ 368 (2.24329, 15.7958); 623 (2.36418, 15.5665); 718 (2.54732, 15.4059); ]
    493 (8.4237, 17.3833) -> [ 1092 (9.02768, 16.7266); ]
    494 (20.3422, 25.5671) -> [ 646 (19.4114, 25.2016); 674 (20.8897, 26.046); 975 (20.2615, 25.7966); 982 (20.278, 25.6179); 1805 (20.4292, 26.1226); 1886 (19.3529, 25.435); ]
    496 (22.5639, 14.5457) -> [ 455 (23.3808, 14.8271); ]
    497 (17.9095, 21.7851) -> [ 1827 (18.581, 22.3956); ]
    498 (14.496, -0.913302) -> [ 416 (13.9942, -1.68708); ]
    500 (17.1569, 0.208623) -> [ ]
    502 (7.88926, -1.69035) -> [ ]
    503 (21.4199, 5.29163) -> [ ]
    504 (1.29198, 8.01721) -> [ 604 (1.63048, 8.95818); ]
    505 (23.2096, 21.2631) -> [ 566 (23.6734, 22.149); ]
    506 (16.7996, 23.8334) -> [ ]
    511 (8.45301, 18.7671) -> [ ]
    512 (9.60051, 18.2153) -> [ 977 (10.1776, 18.3474); ]
    513 (14.6432, 0.884463) -> [ 1671 (14.5754, 0.958097); 1891 (14.6605, 0.535507); ]
    514 (17.9626, 18.4372) -> [ ]
    515 (4.92858, 3.28228) -> [ ]
    516 (8.29126, 9.16315) -> [ 16 (9.24416, 9.08142); 43 (9.05008, 9.44299); 271 (8.65473, 8.28358); 327 (8.53837, 9.03684); 387 (9.14286, 9.32335); ]
    517 (7.03921, 20.8315) -> [ 1244 (6.90411, 21.0027); ]
    518 (3.17922, 10.7562) -> [ 1032 (2.92383, 10.1086); ]
    519 (1.87914, 26.1842) -> [ 547 (1.27145, 25.5443); 652 (1.71033, 25.2068); 1655 (1.24585, 25.5919); ]
    520 (2.994, 15.475) -> [ 7 (3.66397, 15.4702); 561 (3.89246, 15.5111); 872 (3.63299, 14.9445); ]
    521 (9.6124, 26.0928) -> [ ]
    522 (5.14425, 19.3978) -> [ 1259 (5.31827, 19.9343); ]
    523 (23.8127, 0.550093) -> [ 687 (23.8392, 0.249901); 934 (23.6607, -0.272991); ]
    524 (0.873509, 1.48522) -> [ ]
    525 (11.6654, -3.73266) -> [ 655 (12.3635, -4.44873); ]
    526 (19.2204, 3.90361) -> [ 1809 (20.0095, 4.30286); ]
    527 (12.8235, 25.0502) -> [ 550 (12.2313, 24.2444); ]
    529 (18.4655, 27.4665) -> [ 267 (19.2077, 27.6628); 445 (18.8773, 27.6333); 689 (19.2187, 27.6258); 1418 (18.6789, 28.3385); ]
    531 (21.0867, 5.57568) -> [ 424 (21.5988, 5.10915); ]
    532 (20.275, 8.22441) -> [ 1596 (21.2285, 8.13838); 1963 (20.899, 8.98467); ]
    533 (2.26344, 25.261) -> [ ]
    534 (15.4563, 9.00096) -> [ ]
    537 (20.2133, -2.6809) -> [ 1419 (20.4075, -3.17281); 1472 (20.4932, -3.01956); ]
    538 (23.534, -3.21155) -> [ ]
    539 (6.52971, 1.91127) -> [ 214 (6.54671, 1.60958); ]
    540 (15.1318, 24.1084) -> [ 1036 (14.9901, 24.8957); ]
    541 (6.97622, 7.53865) -> [ ]
    542 (4.2466, 1.22531) -> [ 1078 (3.71195, 0.696054); 1734 (4.07103, 0.452611); ]
    545 (5.02669, 10.5905) -> [ 610 (4.45454, 10.0451); 1145 (5.06608, 10.0118); 1816 (4.89946, 9.8524); ]
    546 (22.6089, 21.4187) -> [ 1164 (22.3251, 22.0123); 1604 (22.142, 21.9216); ]
    547 (1.27145, 25.5443) -> [ ]
    548 (11.0666, -3.24927) -> [ 1697 (11.4154, -3.32996); ]
    549 (1.50671, 18.4606) -> [ 1144 (0.623037, 18.1003); 1524 (0.954028, 18.21); ]
    551 (7.62131, 24.1605) -> [ ]
    554 (13.056, 5.46905) -> [ 1927 (13.4736, 5.31779); ]
    555 (5.09437, 6.75234) -> [ 338 (5.29927, 5.89603); ]
    556 (7.24943, 19.9929) -> [ 450 (8.17193, 20.1404); 517 (7.03921, 20.8315); 1517 (7.02517, 20.8782); ]
    558 (18.2728, 9.95354) -> [ ]
    559 (17.8788, 9.03444) -> [ 1937 (17.9194, 8.84695); ]
    562 (5.15102, 7.68551) -> [ 459 (5.28137, 6.80882); 555 (5.09437, 6.75234); 662 (6.06029, 7.77716); 1310 (5.65541, 7.80817); 1371 (5.2975, 7.41888); ]
    563 (1.15099, 11.9123) -> [ 789 (1.31626, 10.926); 1219 (0.47044, 11.5587); 1956 (0.959543, 11.4943); 1988 (1.07312, 11.2333); ]
    564 (11.8611, 7.90541) -> [ ]
    565 (6.02697, 27.8855) -> [ ]
    566 (23.6734, 22.149) -> [ 1180 (24.1999, 22.447); 1653 (23.6861, 22.2953); ]
    567 (3.37327, 28.7946) -> [ 1292 (2.90986, 28.5697); ]
    568 (23.6528, 7.71248) -> [ 688 (24.4154, 7.84059); ]
    569 (10.2346, 22.4927) -> [ 167 (10.2728, 23.2939); 272 (10.5686, 23.0287); ]
    570 (0.696259, 4.47172) -> [ 988 (1.13412, 3.6892); ]
    571 (10.9407, 5.7006) -> [ 1762 (11.1035, 5.25006); ]
    572 (2.62671, 11.5654) -> [ 518 (3.17922, 10.7562); 1105 (2.04625, 10.8591); 1859 (3.13765, 11.4161); ]
    575 (12.8988, 26.7199) -> [ ]
    576 (1.76083, 14.0448) -> [ 1842 (2.53444, 13.6041); ]
    578 (19.8462, -3.87507) -> [ ]
    579 (9.12896, 6.44997) -> [ ]
    580 (2.16213, 21.6201) -> [ 210 (1.36426, 21.1186); 380 (1.26759, 21.3951); 448 (1.97705, 21.7695); ]
    581 (5.65561, 22.7884) -> [ 88 (6.13884, 23.3838); 440 (6.29697, 23.158); 1121 (5.93876, 23.6082); 1433 (5.8624, 23.1234); ]
    582 (3.703, 1.14703) -> [ ]
    583 (17.992, -4.26938) -> [ ]
    584 (7.83743, 25.1369) -> [ 1052 (8.26853, 25.6771); ]
    585 (14.7821, -3.2906) -> [ ]
    586 (4.38631, 26.6847) -> [ 1367 (3.99115, 26.8824); ]
    587 (4.4491, 1.70588) -> [ ]
    589 (18.6726, -0.611804) -> [ 957 (19.2035, -0.223312); ]
    590 (22.1203, 7.8033) -> [ 300 (22.8125, 7.69698); ]
    591 (9.38065, 16.8351) -> [ 1325 (9.79555, 16.0443); ]
    593 (14.5973, 27.7046) -> [ ]
    594 (24.8855, 0.754599) -> [ 735 (24.8855, 0.0790814); ]
    595 (9.34031, 15.8359) -> [ ]
    596 (15.4434, -2.97095) -> [ ]
    598 (22.3772, -0.82541) -> [ 620 (23.0571, -1.22517); 741 (22.238, 0.164861); 1898 (23.1259, -0.832666); 1955 (22.5177, 0.109955); ]
    600 (21.7361, 28.2878) -> [ 671 (21.9031, 29.2738); ]
    602 (12.9482, 10.3074) -> [ ]
    603 (24.0638, 29.2432) -> [ 1897 (24.2649, 29.2855); ]
    604 (1.63048, 8.95818) -> [ 1811 (0.689964, 9.16589); 1915 (2.1383, 9.06378); ]
    606 (5.07442, 11.383) -> [ 545 (5.02669, 10.5905); 1438 (5.67022, 11.1554); 1695 (5.54425, 10.8211); 1978 (5.40242, 10.682); ]
    607 (15.9748, 28.2945) -> [ ]
    608 (11.2023, 20.8452) -> [ ]
    610 (4.45454, 10.0451) -> [ 1153 (3.93662, 10.0862); 1264 (4.27059, 9.28761); ]
    611 (3.27404, 19.6987) -> [ 1544 (3.29023, 20.4204); ]
    612 (9.43015, 1.79883) -> [ 176 (9.83377, 1.90755); 763 (9.58875, 1.10432); 1491 (9.54364, 1.02071); 1843 (10.2263, 1.74161); ]
    613 (6.50945, 5.60651) -> [ ]
    614 (23.8058, 15.1762) -> [ 950 (24.441, 15.4386); ]
    617 (1.96458, 3.36259) -> [ 1277 (2.12711, 3.20209); ]
    619 (24.1686, 17.4228) -> [ 1690 (24.9932, 17.7323); ]
    621 (21.0325, 23.5034) -> [ 1803 (21.924, 23.907); ]
    623 (2.36418, 15.5665) -> [ 256 (3.24084, 15.7258); 520 (2.994, 15.475); ]
    624 (7.64871, 2.72536) -> [ 1677 (8.30222, 2.10573); ]
    627 (23.2031, 2.9091) -> [ ]
    628 (9.41827, 3.76026) -> [ ]
    629 (0.976694, -2.76194) -> [ 756 (0.791042, -3.74455); ]
    631 (11.9427, 27.0127) -> [ 781 (11.8969, 28.0116); 1721 (12.417, 27.5051); ]
    632 (4.4622, 5.55187) -> [ 912 (4.85777, 4.83127); 1080 (4.59648, 4.87074); 1738 (4.72639, 5.12476); 1875 (4.57934, 4.77691); 1930 (4.34509, 4.76609); ]
    633 (19.9761, 15.5329) -> [ 1218 (20.7211, 15.3181); ]
    634 (4.4336, 8.2536) -> [ 1645 (3.66855, 7.74993); ]
    636 (15.2394, 25.875) -> [ ]
    637 (23.754, 6.92943) -> [ 1233 (24.2013, 7.09912); 1392 (23.7286, 6.64682); ]
    638 (4.80349, 14.5599) -> [ ]
    639 (6.75019, 17.2116) -> [ ]
    641 (0.835219, 13.6663) -> [ 1906 (1.0165, 13.3206); ]
    642 (23.2523, -4.17106) -> [ 913 (24.1777, -4.55006); ]
    643 (16.0921, 15.4543) -> [ ]
    644 (15.7226, 25.7643) -> [ 636 (15.2394, 25.875); ]
    645 (14.609, 19.0081) -> [ ]
    646 (19.4114, 25.2016) -> [ ]
    648 (6.49406, 3.92516) -> [ ]
    649 (16.6942, 2.89806) -> [ ]
    650 (4.67677, 1.44931) -> [ 542 (4.2466, 1.22531); 1338 (4.53226, 1.39875); ]
    651 (6.65477, 7.38775) -> [ 1837 (7.21265, 6.95578); ]
    652 (1.71033, 25.2068) -> [ ]
    653 (20.4229, 8.41481) -> [ 335 (20.0975, 9.18626); ]
    655 (12.3635, -4.44873) -> [ 702 (12.9357, -4.40392); 952 (12.6772, -3.89392); 1152 (12.3569, -4.74327); ]
    657 (7.57903, 2.956) -> [ ]
    658 (16.4334, 18.0831) -> [ 944 (16.9582, 18.2964); 1213 (16.9528, 17.5228); ]
    659 (8.39798, 15.5013) -> [ 724 (7.91567, 14.6253); 1605 (8.62135, 15.314); ]
    660 (1.78472, -1.59234) -> [ 1684 (1.78476, -2.55068); ]
    661 (16.3858, 23.3783) -> [ 128 (16.4017, 23.7207); 264 (16.0877, 23.8148); 758 (16.3548, 23.8702); 1694 (16.4406, 23.8256); ]
    662 (6.06029, 7.77716) -> [ 541 (6.97622, 7.53865); 544 (6.66574, 7.65243); 651 (6.65477, 7.38775); 1536 (6.62304, 8.02161); ]
    663 (6.33296, 3.80604) -> [ ]
    664 (21.4455, 20.5) -> [ ]
    666 (14.8571, 15.0185) -> [ ]
    667 (1.35246, -1.14837) -> [ 1336 (0.40471, -1.42788); ]
    668 (24.4772, 12.0963) -> [ 960 (24.9574, 12.936); ]
    669 (21.2411, 26.8581) -> [ 935 (21.3507, 27.6534); ]
    670 (5.84876, 18.7176) -> [ 860 (6.43315, 19.126); 1417 (6.39062, 19.5277); 1440 (6.23982, 19.0315); ]
    671 (21.9031, 29.2738) -> [ ]
    672 (18.056, 21.9415) -> [ ]
    673 (13.2081, 7.15756) -> [ 1158 (13.8781, 7.02309); ]
    674 (20.8897, 26.046) -> [ 669 (21.2411, 26.8581); ]
    677 (12.0275, 8.27997) -> [ ]
    678 (7.87581, 28.1448) -> [ 791 (8.36479, 29.0171); 1315 (8.48242, 28.3757); ]
    679 (23.5069, 1.49901) -> [ 486 (24.204, 1.47038); 523 (23.8127, 0.550093); ]
    680 (1.52361, 0.995023) -> [ ]
    682 (13.3575, -4.55757) -> [ 1979 (13.8843, -4.72523); ]
    683 (20.6268, 19.1234) -> [ ]
    684 (1.39574, 20.3412) -> [ 1619 (1.3871, 19.4941); ]
    685 (18.7058, 22.4973) -> [ 197 (19.5394, 22.9269); ]
    686 (5.97751, -2.48269) -> [ 492 (6.05834, -3.1905); ]
    687 (23.8392, 0.249901) -> [ 1449 (23.8653, -0.609129); ]
    691 (11.4522, 19.6887) -> [ 1764 (12.2803, 19.7225); ]
    692 (18.6662, 16.8935) -> [ ]
    694 (8.37406, 7.57685) -> [ 381 (9.12465, 6.97991); 1321 (8.38685, 7.28797); 1926 (8.7237, 6.94416); ]
    695 (4.86425, 3.05206) -> [ 469 (4.23429, 3.12247); ]
    696 (14.3143, 14.5757) -> [ ]
    697 (15.484, 28.3951) -> [ ]
    701 (5.71463, 16.3678) -> [ 1652 (6.1086, 15.9555); ]
    702 (12.9357, -4.40392) -> [ 682 (13.3575, -4.55757); 1001 (13.5295, -4.51458); ]
    704 (16.2284, 22.2063) -> [ 757 (16.2487, 22.4744); 916 (16.1573, 22.6689); 1350 (16.2032, 22.591); ]
    705 (7.39129, 3.88709) -> [ 1587 (7.94908, 3.16689); ]
    706 (17.3084, 12.816) -> [ ]
    707 (24.8849, 12.4869) -> [ ]
    709 (6.80703, 24.7305) -> [ 551 (7.62131, 24.1605); 1290 (7.42246, 24.6583); ]
    711 (3.2516, 16.1445) -> [ ]
    713 (13.3962, 20.1114) -> [ ]
    714 (16.6899, -3.58787) -> [ 365 (16.9922, -4.25082); 805 (17.5426, -3.95935); ]
    715 (23.0927, 21.2205) -> [ 398 (23.7139, 21.0579); 1991 (23.7521, 20.5189); ]
    716 (6.29046, 24.8763) -> [ 132 (6.53414, 25.7205); 1644 (6.94736, 25.6039); ]
    717 (15.1424, 9.95039) -> [ 740 (15.5899, 10.6821); ]
    719 (4.89886, 22.9834) -> [ 1716 (4.88904, 23.811); 1810 (5.06858, 23.2497); ]
    720 (11.5038, 8.85802) -> [ 1540 (12.2216, 8.43891); 1998 (11.9126, 8.71166); ]
    721 (4.9215, 6.80137) -> [ 168 (4.62958, 6.46439); 1967 (4.79473, 6.14613); ]
    722 (13.5313, 3.53646) -> [ ]
    723 (7.13859, 2.92031) -> [ ]
    724 (7.91567, 14.6253) -> [ 1432 (7.96345, 14.0901); ]
    725 (22.5862, 20.9898) -> [ 505 (23.2096, 21.2631); 715 (23.0927, 21.2205); ]
    726 (12.9264, 0.558043) -> [ 882 (11.9608, 0.81822); ]
    727 (2.95165, -2.02266) -> [ 1497 (3.53679, -2.29389); 1708 (3.48999, -2.69795); ]
    728 (21.7085, 7.53522) -> [ 1973 (22.5024, 8.058); ]
    730 (12.7441, 7.35103) -> [ ]
    731 (15.0336, 8.66646) -> [ 530 (15.4849, 8.67183); 1058 (15.7354, 8.61908); ]
    732 (18.7063, 6.70153) -> [ 1448 (19.1736, 6.72996); ]
    733 (17.807, 24.2601) -> [ 1799 (17.9784, 24.6454); ]
    735 (24.8855, 0.0790814) -> [ 1477 (24.987, -0.650803); ]
    736 (15.2507, -4.17403) -> [ 1905 (15.6954, -3.88815); ]
    738 (0.899829, 0.824238) -> [ 1220 (0.408647, 0.299868); 1846 (0.626832, 0.190859); ]
    739 (0.945249, 0.86646) -> [ ]
    740 (15.5899, 10.6821) -> [ 306 (16.2763, 10.7411); 431 (16.4486, 10.1831); 848 (16.1904, 10.2731); 925 (15.9877, 10.5817); 1173 (15.468, 11.0792); 1982 (15.3206, 11.0606); ]
    741 (22.238, 0.164861) -> [ 1245 (21.8247, 0.244505); 1795 (21.8913, 0.198714); ]
    743 (15.4758, 6.21325) -> [ 290 (16.2037, 6.58733); 1231 (16.2564, 6.38247); 1406 (15.9647, 6.62877); ]
    745 (5.92222, 8.88506) -> [ 1654 (6.62952, 9.45257); ]
    746 (6.42706, 2.98046) -> [ ]
    747 (3.23434, 0.184784) -> [ ]
    749 (19.884, 22.4273) -> [ ]
    750 (10.8809, 5.04357) -> [ 1542 (11.2595, 4.50142); ]
    751 (8.72185, -0.558617) -> [ 974 (9.14449, -1.44104); 1508 (9.42794, -1.22098); ]
    752 (3.03518, 24.747) -> [ ]
    754 (23.4868, 28.8469) -> [ 962 (23.3171, 29.5889); ]
    755 (18.3947, -1.9281) -> [ 1779 (18.5643, -2.51359); ]
    756 (0.791042, -3.74455) -> [ 1023 (1.68599, -4.19072); 1071 (0.535123, -4.71125); 1547 (0.965721, -3.81285); 1707 (1.10909, -4.65501); ]
    757 (16.2487, 22.4744) -> [ 661 (16.3858, 23.3783); ]
    758 (16.3548, 23.8702) -> [ ]
    759 (5.76259, -4.39896) -> [ 479 (4.87284, -4.33651); ]
    760 (18.8975, 21.4012) -> [ 1860 (19.1892, 21.4638); ]
    761 (14.5295, 18.8638) -> [ ]
    762 (3.30791, 19.0739) -> [ 1199 (2.79826, 19.6897); ]
    763 (9.58875, 1.10432) -> [ 198 (10.3574, 1.05563); 465 (10.16, 0.510144); ]
    764 (19.2682, 14.9959) -> [ 1260 (20.0183, 14.4582); ]
    765 (18.8806, 20.6193) -> [ 1571 (19.8074, 20.4888); 1997 (19.6885, 20.3434); ]
    766 (5.52318, 4.39512) -> [ 1960 (6.05057, 3.94922); ]
    770 (17.5624, 9.82147) -> [ 559 (17.8788, 9.03444); 1954 (17.8656, 8.90019); ]
    772 (5.2031, 26.71) -> [ 586 (4.38631, 26.6847); 919 (4.53861, 27.43); ]
    773 (20.847, 6.87905) -> [ 1771 (21.7897, 7.07279); ]
    775 (16.0483, 11.9125) -> [ 1952 (16.0681, 12.6022); ]
    777 (23.9352, 17.9758) -> [ ]
    778 (2.97019, 21.912) -> [ ]
    781 (11.8969, 28.0116) -> [ 886 (12.6175, 28.7049); 1009 (12.2261, 28.5866); 1136 (11.4715, 28.472); 1940 (11.8014, 28.1717); ]
    782 (5.88755, 11.3813) -> [ ]
    783 (2.46072, 29.2035) -> [ 1013 (1.49878, 29.1932); ]
    784 (22.9759, 11.7534) -> [ 1379 (23.7186, 12.1036); 1548 (23.6033, 12.0482); ]
    786 (18.2784, 1.74894) -> [ ]
    789 (1.31626, 10.926) -> [ 1853 (1.29434, 10.2138); ]
    790 (22.0668, 27.7372) -> [ 1044 (22.2752, 27.0144); 1117 (22.6814, 28.0249); ]
    791 (8.36479, 29.0171) -> [ 808 (7.49036, 29.5022); 918 (9.25678, 29.4691); 1662 (8.69842, 29.7843); 1817 (8.91976, 29.2355); ]
    793 (24.682, 18.5101) -> [ ]
    795 (23.5831, 8.35694) -> [ 1316 (23.7428, 8.73139); 1639 (24.1719, 8.65865); ]
    797 (14.6532, 9.03522) -> [ 910 (15.1042, 9.29858); 1634 (14.6819, 10.024); ]
    799 (17.8261, 10.4692) -> [ 558 (18.2728, 9.95354); 1068 (18.6835, 10.2386); ]
    801 (8.83913, 18.2265) -> [ ]
    802 (23.814, 26.1066) -> [ ]
    803 (21.5121, 8.71147) -> [ 1161 (22.2289, 9.00792); ]
    804 (10.5153, 7.31509) -> [ 1588 (10.4462, 6.45419); ]
    805 (17.5426, -3.95935) -> [ 1658 (17.8705, -3.38374); 1682 (17.8619, -3.88951); 1948 (17.8126, -4.27898); ]
    806 (18.805, -2.24311) -> [ 507 (19.354, -2.6856); ]
    807 (0.69174, 14.3124) -> [ 641 (0.835219, 13.6663); ]
    808 (7.49036, 29.5022) -> [ 821 (7.14519, 29.2701); 1729 (7.7003, 29.8947); 1737 (6.92121, 29.8072); ]
    809 (22.2595, -4.29095) -> [ ]
    810 (20.5884, 16.1378) -> [ 647 (21.3201, 16.2067); ]
    811 (22.9339, -3.70071) -> [ 1133 (23.0278, -4.34853); ]
    813 (13.6943, 3.64136) -> [ 722 (13.5313, 3.53646); ]
    814 (16.0129, 15.8003) -> [ 444 (15.7179, 15.239); ]
    817 (14.6882, 3.23787) -> [ 453 (14.8199, 2.40888); 1436 (15.2524, 2.62695); 1818 (15.2588, 3.03788); ]
    818 (19.7199, 21.2033) -> [ 690 (20.2666, 21.677); 1035 (20.1494, 21.1911); ]
    819 (9.49793, 21.0515) -> [ ]
    820 (4.16084, 17.1777) -> [ ]
    824 (13.3604, 18.669) -> [ 1686 (14.2621, 18.8895); ]
    828 (19.5847, 27.3783) -> [ 1642 (20.3138, 27.78); ]
    831 (17.1035, 24.5574) -> [ ]
    832 (17.3267, 4.27176) -> [ ]
    833 (14.2136, 4.73599) -> [ 135 (14.6114, 4.07857); ]
    835 (2.90094, 27.9811) -> [ 871 (1.98926, 27.9743); 1711 (2.35414, 28.5856); ]
    837 (5.48237, 18.4854) -> [ ]
    839 (22.6682, -3.30399) -> [ 811 (22.9339, -3.70071); ]
    841 (24.1157, -2.31937) -> [ 1034 (24.8598, -2.78422); ]
    842 (0.125448, 15.0698) -> [ ]
    844 (12.0299, 8.31994) -> [ ]
    848 (16.1904, 10.2731) -> [ 1175 (16.1988, 9.84726); ]
    850 (2.45617, 1.53148) -> [ ]
    851 (22.5142, 8.47239) -> [ ]
    852 (0.530881, 2.21142) -> [ 1797 (0.535898, 1.45608); ]
    854 (4.3162, 17.6925) -> [ 30 (5.0208, 18.3098); 414 (4.69444, 18.4857); ]
    855 (17.479, 13.716) -> [ ]
    856 (6.83854, 4.41124) -> [ ]
    860 (6.43315, 19.126) -> [ ]
    861 (10.2711, -2.80765) -> [ 548 (11.0666, -3.24927); 893 (10.7903, -3.64569); ]
    863 (20.6073, 28.3869) -> [ ]
    867 (14.2163, 21.6303) -> [ ]
    869 (14.9352, 22.8185) -> [ 1320 (14.4827, 23.3965); ]
    870 (2.55584, 6.41386) -> [ 205 (1.9258, 6.51312); 908 (2.28506, 5.80679); 1405 (1.83259, 6.16259); ]
    874 (4.25925, 16.201) -> [ ]
    875 (4.29497, 29.4517) -> [ 1533 (4.33117, 29.7924); ]
    877 (13.9122, 8.66563) -> [ ]
    879 (6.53763, 12.6058) -> [ 1535 (7.27971, 12.2018); ]
    880 (16.0728, -1.21193) -> [ 1230 (15.9919, -2.12136); 1267 (16.0881, -1.79555); ]
    881 (6.03306, 26.5819) -> [ 1754 (6.3019, 27.5359); ]
    882 (11.9608, 0.81822) -> [ 1647 (11.8739, 0.422053); ]
    885 (23.3102, 5.65708) -> [ 1741 (23.7253, 5.5915); 1919 (23.9237, 5.58277); ]
    886 (12.6175, 28.7049) -> [ 1414 (12.74, 29.5591); ]
    889 (0.980762, 2.72623) -> [ 1300 (0.059596, 2.37684); ]
    890 (16.7328, 20.2936) -> [ 155 (17.618, 20.4981); ]
    892 (23.0726, -3.23602) -> [ 538 (23.534, -3.21155); 1280 (23.8465, -3.58445); ]
    893 (10.7903, -3.64569) -> [ 483 (10.8002, -4.23411); 1209 (10.5287, -4.35445); 1783 (11.2526, -4.34364); ]
    894 (9.75727, 23.4105) -> [ 190 (9.68561, 24.1033); 263 (10.0035, 23.9747); 1597 (9.56081, 24.2656); 1608 (9.78296, 23.495); ]
    895 (15.0332, 29.2878) -> [ 1031 (15.0835, 29.8563); ]
    896 (23.3656, 22.5562) -> [ ]
    897 (4.8853, -2.44707) -> [ 1965 (4.11802, -2.1235); ]
    899 (6.8307, -0.987792) -> [ 246 (6.24248, -1.20455); ]
    900 (23.6588, 20.1931) -> [ 1836 (24.4553, 19.7977); ]
    904 (6.16322, 26.838) -> [ ]
    905 (16.0428, 16.3688) -> [ 643 (16.0921, 15.4543); 814 (16.0129, 15.8003); 1378 (15.9917, 15.6581); ]
    908 (2.28506, 5.80679) -> [ 1017 (1.58316, 5.30582); ]
    909 (14.5946, 11.9905) -> [ 1143 (14.3883, 11.6884); ]
    910 (15.1042, 9.29858) -> [ 717 (15.1424, 9.95039); ]
    911 (14.0246, 22.8632) -> [ ]
    912 (4.85777, 4.83127) -> [ ]
    913 (24.1777, -4.55006) -> [ 1118 (24.5189, -4.785); ]
    914 (5.13396, 21.3044) -> [ ]
    915 (5.99109, 26.15) -> [ 383 (6.14208, 26.6775); 881 (6.03306, 26.5819); 904 (6.16322, 26.838); 1941 (5.99729, 26.8028); ]
    918 (9.25678, 29.4691) -> [ 1203 (10.2211, 29.548); ]
    919 (4.53861, 27.43) -> [ 221 (3.99465, 27.4978); 1382 (3.56047, 27.6255); 1499 (3.82368, 27.6037); ]
    920 (8.5181, 20.9609) -> [ 317 (8.81887, 21.2336); 399 (9.39064, 21.3247); 819 (9.49793, 21.0515); 1123 (9.36057, 20.9891); 1129 (8.92923, 21.192); 1512 (8.39748, 21.8792); 1736 (8.62988, 21.3697); 1953 (8.47938, 21.4666); ]
    922 (8.91053, -3.05679) -> [ 1229 (8.67531, -3.63002); ]
    924 (13.1684, 5.67277) -> [ 38 (13.5787, 5.59146); ]
    925 (15.9877, 10.5817) -> [ 1100 (16.6035, 10.4223); ]
    927 (2.19139, -0.989806) -> [ ]
    930 (17.5174, 10.426) -> [ 1717 (17.614, 11.086); ]
    935 (21.3507, 27.6534) -> [ 600 (21.7361, 28.2878); 790 (22.0668, 27.7372); 1650 (21.448, 28.5813); 1962 (21.1364, 28.628); ]
    937 (19.6481, 10.0746) -> [ ]
    938 (24.1622, 24.9441) -> [ ]
    939 (6.81041, -4.39414) -> [ 698 (5.95373, -4.87147); ]
    940 (24.4793, 25.4737) -> [ 1312 (24.6157, 26.2012); ]
    941 (19.6333, 7.5342) -> [ 532 (20.275, 8.22441); 961 (20.0379, 7.8244); ]
    942 (13.8217, 26.7182) -> [ ]
    943 (17.8995, 27.932) -> [ 1093 (18.2849, 28.6356); 1933 (18.0214, 28.0643); ]
    947 (19.7964, 6.11145) -> [ ]
    949 (8.33048, 27.2541) -> [ 1871 (8.81084, 28.1139); ]
    950 (24.441, 15.4386) -> [ 976 (24.3464, 16.2302); ]
    951 (1.31656, -0.545541) -> [ 1944 (2.1444, -0.699909); ]
    953 (19.4777, 9.87196) -> [ 1935 (19.5986, 10.2474); ]
    959 (22.6808, 22.8329) -> [ ]
    961 (20.0379, 7.8244) -> [ 177 (20.6728, 8.07206); 460 (19.6998, 8.75983); 653 (20.4229, 8.41481); ]
    965 (10.1165, 6.45405) -> [ ]
    967 (4.07374, 13.9933) -> [ 458 (4.61299, 14.0598); ]
    968 (13.2655, 17.6556) -> [ 133 (13.7004, 16.8459); ]
    969 (17.2494, -4.44319) -> [ 1911 (17.8815, -4.81956); ]
    971 (5.37912, 27.8036) -> [ ]
    972 (0.3032, -0.546116) -> [ 1373 (0.284751, -0.779787); 1633 (0.147406, -0.810119); ]
    973 (3.35023, 24.8576) -> [ 1701 (2.83938, 25.3706); ]
    974 (9.14449, -1.44104) -> [ 187 (9.36646, -1.69356); ]
    977 (10.1776, 18.3474) -> [ 28 (10.7921, 18.4422); 41 (10.2034, 19.2505); 1557 (10.4777, 19.1064); ]
    980 (7.29317, 1.57361) -> [ 1749 (7.40163, 1.56528); ]
    986 (0.433825, -2.56491) -> [ 1977 (0.0351027, -3.32092); ]
    987 (11.9739, 6.26984) -> [ 55 (12.6068, 6.83544); 1559 (11.8899, 6.46082); 1578 (12.3695, 6.82234); 1651 (12.2837, 6.26163); ]
    988 (1.13412, 3.6892) -> [ 617 (1.96458, 3.36259); 889 (0.980762, 2.72623); 1194 (1.14844, 2.89506); 1271 (1.9328, 3.17636); 1912 (1.64079, 3.57151); ]
    989 (5.82711, 20.6053) -> [ ]
    990 (3.78143, 1.01768) -> [ 163 (2.99885, 1.30206); 1460 (3.01549, 0.882004); ]
    992 (17.7162, 15.5577) -> [ 1629 (18.0902, 15.4581); ]
    993 (11.7664, 29.2299) -> [ ]
    994 (7.66344, 1.19198) -> [ ]
    995 (4.71792, 7.70634) -> [ 721 (4.9215, 6.80137); ]
    997 (21.5135, 8.06062) -> [ ]
    998 (20.9938, 20.0473) -> [ ]
    999 (21.4749, -2.73405) -> [ 364 (22.3057, -2.89419); ]
    1000 (5.02753, 16.4172) -> [ 19 (5.77453, 16.4693); 1107 (5.95274, 16.3673); ]
    1001 (13.5295, -4.51458) -> [ 1485 (14.1053, -4.49204); 1672 (14.3134, -4.2745); 1887 (14.1559, -3.98516); ]
    1002 (9.6676, -2.29496) -> [ ]
    1003 (13.2467, 7.32605) -> [ ]
    1005 (10.1595, 7.82422) -> [ ]
    1006 (14.0555, 0.0718111) -> [ 392 (13.4965, -0.263531); 956 (13.193, 0.340491); ]
    1007 (17.3115, 2.23172) -> [ 1792 (17.7217, 1.36823); ]
    1008 (18.798, 23.5765) -> [ 1393 (19.0046, 24.1571); ]
    1009 (12.2261, 28.5866) -> [ ]
    1010 (14.7779, 13.6494) -> [ ]
    1012 (10.7303, 24.8039) -> [ ]
    1013 (1.49878, 29.1932) -> [ 1214 (1.38101, 29.6593); 1251 (0.644201, 29.6265); ]
    1014 (9.05054, 15.9737) -> [ 659 (8.39798, 15.5013); 1493 (9.33377, 15.6668); ]
    1017 (1.58316, 5.30582) -> [ 1217 (2.37378, 4.69351); 1623 (0.880701, 5.21681); ]
    1018 (12.425, 5.39471) -> [ 554 (13.056, 5.46905); 924 (13.1684, 5.67277); ]
    1019 (3.4802, 20.3043) -> [ ]
    1020 (5.48702, 27.1403) -> [ 971 (5.37912, 27.8036); 1931 (5.58679, 27.8628); ]
    1022 (9.43381, -0.626734) -> [ 1613 (9.97666, -1.38103); 1828 (10.2798, -0.985075); ]
    1023 (1.68599, -4.19072) -> [ 1061 (2.68599, -4.18811); 1720 (2.23774, -4.97243); ]
    1024 (3.90376, 29.3444) -> [ 1066 (3.65982, 29.3299); 1968 (3.30626, 29.6428); ]
    1025 (18.474, -3.39317) -> [ ]
    1026 (4.123, 24.1911) -> [ 1415 (3.74081, 24.3611); ]
    1030 (16.7513, 11.5177) -> [ 170 (17.2921, 12.1455); 775 (16.0483, 11.9125); ]
    1033 (0.976172, 10.2469) -> [ ]
    1035 (20.1494, 21.1911) -> [ 154 (20.781, 21.7848); 373 (20.8397, 21.4977); ]
    1036 (14.9901, 24.8957) -> [ ]
    1038 (12.6909, 17.6542) -> [ 1808 (12.3108, 16.8034); ]
    1039 (13.5554, 17.9168) -> [ ]
    1040 (9.56195, 20.6707) -> [ 734 (10.1974, 20.2188); 1168 (10.0775, 20.2497); ]
    1042 (1.12371, 2.52584) -> [ ]
    1044 (22.2752, 27.0144) -> [ 1683 (23.2362, 26.8966); 1895 (23.1867, 26.6983); ]
    1045 (24.3009, 13.1379) -> [ ]
    1046 (10.7073, -2.15635) -> [ 1428 (11.5985, -1.70274); ]
    1048 (22.7809, 18.0032) -> [ 1139 (22.8176, 18.648); ]
    1049 (13.4717, -0.628182) -> [ ]
    1050 (19.5517, -3.83856) -> [ ]
    1051 (12.0423, 3.57271) -> [ 471 (12.2136, 4.00169); ]
    1052 (8.26853, 25.6771) -> [ 1972 (8.26365, 26.6117); ]
    1053 (17.7332, 17.302) -> [ 1984 (18.5643, 17.0885); ]
    1055 (4.8443, 11.9445) -> [ 606 (5.07442, 11.383); ]
    1056 (4.20655, 21.8095) -> [ 656 (3.40681, 21.8053); 1581 (3.81846, 21.561); ]
    1061 (2.68599, -4.18811) -> [ ]
    1063 (22.0544, 7.79077) -> [ ]
    1064 (15.7808, 21.5845) -> [ 51 (16.3347, 22.2748); 704 (16.2284, 22.2063); 1693 (16.3333, 21.8521); ]
    1068 (18.6835, 10.2386) -> [ ]
    1071 (0.535123, -4.71125) -> [ 1296 (0.192365, -4.99673); ]
    1075 (16.0084, 12.7319) -> [ ]
    1076 (10.4437, 26.5006) -> [ 1599 (10.0838, 27.3239); ]
    1077 (6.82554, 17.8157) -> [ 932 (7.30156, 17.9081); ]
    1078 (3.71195, 0.696054) -> [ 747 (3.23434, 0.184784); ]
    1079 (1.63258, 26.7704) -> [ 1326 (0.819506, 26.7574); ]
    1080 (4.59648, 4.87074) -> [ ]
    1083 (13.3315, 2.76078) -> [ 1688 (13.1879, 2.37274); ]
    1087 (14.3977, 22.9712) -> [ ]
    1088 (1.07129, -0.100904) -> [ ]
    1089 (16.5074, -2.45828) -> [ 303 (16.6697, -2.90685); 400 (16.5853, -3.19325); ]
    1092 (9.02768, 16.7266) -> [ 595 (9.34031, 15.8359); 843 (9.18881, 15.7572); 1014 (9.05054, 15.9737); ]
    1093 (18.2849, 28.6356) -> [ ]
    1094 (17.171, 27.8568) -> [ ]
    1097 (9.43809, 28.8117) -> [ 1234 (9.64102, 29.0146); ]
    1098 (3.09543, 16.3107) -> [ 8 (3.52023, 16.4598); 711 (3.2516, 16.1445); ]
    1100 (16.6035, 10.4223) -> [ 260 (17.1885, 11.1509); 930 (17.5174, 10.426); ]
    1104 (17.4289, 29.3836) -> [ 1142 (17.4962, 29.8195); ]
    1105 (2.04625, 10.8591) -> [ 1685 (2.26564, 10.233); ]
    1106 (14.2758, 23.7342) -> [ 1464 (14.0746, 24.6848); ]
    1107 (5.95274, 16.3673) -> [ ]
    1109 (17.1033, 14.5135) -> [ ]
    1110 (12.0948, 21.5993) -> [ 1715 (12.5389, 21.034); 1806 (12.414, 22.5247); 1921 (12.4615, 21.6804); ]
    1111 (6.50899, 27.603) -> [ ]
    1113 (18.4673, -4.29438) -> [ ]
    1115 (3.99691, 17.8887) -> [ 292 (3.55448, 18.7168); ]
    1116 (13.6709, 26.4771) -> [ ]
    1117 (22.6814, 28.0249) -> [ 447 (23.442, 28.46); 622 (23.2515, 27.7338); 873 (23.0816, 27.7317); 926 (23.0161, 28.9398); 1364 (23.4122, 28.0726); ]
    1121 (5.93876, 23.6082) -> [ 99 (5.96467, 24.3685); 284 (6.12638, 24.0066); 1108 (6.11456, 24.5635); 1156 (6.33021, 24.2895); ]
    1123 (9.36057, 20.9891) -> [ 85 (9.56355, 21.1273); ]
    1124 (12.8145, 17.6868) -> [ 118 (13.1667, 17.106); ]
    1125 (14.3314, 22.8361) -> [ 984 (13.6628, 23.4667); 1289 (13.6633, 23.297); ]
    1129 (8.92923, 21.192) -> [ 1622 (9.70417, 21.3441); 1692 (9.35981, 22.0876); ]
    1130 (18.4209, 19.321) -> [ ]
    1132 (21.9254, 15.6285) -> [ ]
    1133 (23.0278, -4.34853) -> [ 642 (23.2523, -4.17106); ]
    1134 (15.1618, 28.3561) -> [ 895 (15.0332, 29.2878); 1759 (14.9351, 28.6679); 1922 (14.5912, 28.9698); ]
    1135 (13.0353, 27.2491) -> [ ]
    1136 (11.4715, 28.472) -> [ 993 (11.7664, 29.2299); ]
    1138 (16.8434, 3.85097) -> [ 97 (17.7311, 3.8514); 1291 (16.6845, 3.83456); 1636 (17.4071, 3.19578); ]
    1140 (9.61423, 17.9044) -> [ ]
    1145 (5.06608, 10.0118) -> [ ]
    1146 (15.2452, -0.852101) -> [ 676 (14.3546, -1.13014); 891 (14.9927, -0.79267); 1481 (14.9816, -1.00221); ]
    1147 (9.06805, 6.01986) -> [ ]
    1149 (21.2336, 18.2319) -> [ 552 (21.6274, 18.5868); ]
    1150 (23.9495, 24.8558) -> [ 940 (24.4793, 25.4737); ]
    1154 (8.83107, 3.54588) -> [ ]
    1157 (24.1755, 5.016) -> [ 1744 (24.3485, 4.77754); 1989 (24.6502, 4.77519); ]
    1159 (6.76799, 3.75708) -> [ 1435 (7.34288, 3.08478); ]
    1161 (22.2289, 9.00792) -> [ 358 (22.3061, 9.35087); 1676 (23.1575, 9.25441); ]
    1166 (17.4511, 24.4147) -> [ ]
    1167 (6.07084, 17.5679) -> [ 249 (6.29393, 17.8791); 639 (6.75019, 17.2116); 1077 (6.82554, 17.8157); 1189 (7.05231, 17.4991); ]
    1169 (16.7363, 28.1705) -> [ 473 (16.5191, 28.4848); 827 (16.2594, 29.034); ]
    1172 (15.2656, 22.4651) -> [ 869 (14.9352, 22.8185); 1756 (15.3639, 23.229); 1884 (15.0999, 22.8244); ]
    1176 (23.9683, 23.0646) -> [ 1334 (24.609, 23.6453); ]
    1177 (15.5502, 23.7371) -> [ ]
    1179 (10.7399, 25.5719) -> [ 1421 (11.3763, 26.3245); 1422 (11.2122, 26.1116); 1785 (11.4757, 26.1644); ]
    1182 (5.77294, 13.9886) -> [ ]
    1183 (12.151, 18.5901) -> [ 1656 (12.8945, 18.2544); ]
    1184 (20.9781, 11.0913) -> [ ]
    1185 (0.879565, 22.3596) -> [ 1949 (0.366414, 22.3122); ]
    1187 (10.8373, 9.18646) -> [ 720 (11.5038, 8.85802); 1593 (11.6085, 9.56442); ]
    1188 (10.5651, 28.7202) -> [ 1706 (11.1592, 29.0217); ]
    1190 (21.0198, 6.55749) -> [ 557 (21.5222, 6.84741); ]
    1191 (22.9595, 8.40874) -> [ 313 (23.4756, 9.2049); ]
    1193 (15.0825, 8.9574) -> [ 534 (15.4563, 9.00096); ]
    1194 (1.14844, 2.89506) -> [ 852 (0.530881, 2.21142); 1042 (1.12371, 2.52584); 1074 (0.220158, 3.00041); ]
    1195 (16.9459, 21.3252) -> [ 119 (17.3325, 22.107); 1913 (17.3737, 21.82); ]
    1197 (6.9647, 19.58) -> [ 217 (7.45497, 19.7635); 556 (7.24943, 19.9929); ]
    1198 (22.7368, 8.3197) -> [ 795 (23.5831, 8.35694); ]
    1199 (2.79826, 19.6897) -> [ 286 (3.22386, 20.2392); ]
    1200 (2.64718, 0.872507) -> [ ]
    1201 (4.2737, 29.1359) -> [ 875 (4.29497, 29.4517); ]
    1202 (21.026, 13.2837) -> [ 1889 (20.7038, 12.9686); ]
    1203 (10.2211, 29.548) -> [ ]
    1205 (15.9136, 5.2275) -> [ 59 (16.0973, 4.84823); 64 (16.6406, 5.6878); 983 (16.3553, 5.87889); 1471 (16.118, 4.79561); ]
    1206 (8.65488, 28.8056) -> [ ]
    1207 (18.0306, 14.126) -> [ 1211 (18.8879, 13.7372); 1626 (18.7067, 13.8094); ]
    1208 (3.49862, 19.0289) -> [ 611 (3.27404, 19.6987); 1462 (4.12804, 19.7456); ]
    1209 (10.5287, -4.35445) -> [ ]
    1210 (22.1903, 8.086) -> [ 851 (22.5142, 8.47239); 1198 (22.7368, 8.3197); 1247 (22.6026, 8.98743); ]
    1212 (6.81882, 21.8122) -> [ 1148 (6.71669, 22.6921); 1798 (7.44415, 22.302); ]
    1213 (16.9528, 17.5228) -> [ 1053 (17.7332, 17.302); ]
    1216 (15.8585, 3.83161) -> [ 1834 (15.8417, 3.78266); ]
    1217 (2.37378, 4.69351) -> [ 1500 (2.97775, 4.21151); ]
    1218 (20.7211, 15.3181) -> [ 240 (21.1427, 15.2226); ]
    1219 (0.47044, 11.5587) -> [ 1355 (0.0171288, 10.971); 1532 (0.249571, 11.2263); ]
    1220 (0.408647, 0.299868) -> [ 253 (4.94066e-324, 6.95283e-310); 269 (4.94066e-324, 6.95283e-310); 296 (4.94066e-324, 6.95283e-310); 310 (4.94066e-324, 6.95283e-310); 336 (4.94066e-324, 6.95283e-310); 356 (4.94066e-324, 6.95283e-310); 360 (4.94066e-324, 6.95283e-310); 385 (4.94066e-324, 6.95283e-310); 390 (4.94066e-324, 6.95283e-310); 451 (4.94066e-324, 6.95283e-310); 508 (4.94066e-324, 6.95283e-310); 626 (4.94066e-324, 6.95283e-310); 710 (4.94066e-324, 6.95283e-310); 768 (4.94066e-324, 6.95283e-310); 771 (4.94066e-324, 6.95283e-310); 774 (4.94066e-324, 6.95283e-310); 776 (4.94066e-324, 6.95283e-310); 796 (4.94066e-324, 6.95283e-310); 816 (4.94066e-324, 6.95283e-310); 830 (4.94066e-324, 6.95283e-310); 866 (4.94066e-324, 6.95283e-310); 902 (4.94066e-324, 6.95283e-310); 933 (4.94066e-324, 6.95283e-310); 963 (4.94066e-324, 6.95283e-310); 991 (4.94066e-324, 6.95283e-310); 1011 (4.94066e-324, 6.95283e-310); 1029 (4.94066e-324, 6.95283e-310); 1047 (4.94066e-324, 6.95283e-310); 1060 (4.94066e-324, 6.95283e-310); 1067 (4.94066e-324, 6.95283e-310); 1082 (4.94066e-324, 6.95283e-310); 1091 (4.94066e-324, 6.95283e-310); 1171 (4.94066e-324, 6.95283e-310); 1281 (4.94066e-324, 6.95283e-310); 1299 (4.94066e-324, 6.95283e-310); 1339 (4.94066e-324, 6.95283e-310); 1344 (4.94066e-324, 6.95283e-310); 1346 (4.94066e-324, 6.95283e-310); 1349 (4.94066e-324, 6.95283e-310); 1387 (4.94066e-324, 6.95283e-310); 1389 (4.94066e-324, 6.95283e-310); 1484 (4.94066e-324, 6.95283e-310); 1506 (4.94066e-324, 6.95283e-310); 1519 (4.94066e-324, 6.95283e-310); 1563 (4.94066e-324, 6.95283e-310); 1574 (4.94066e-324, 6.95283e-310); 1576 (4.94066e-324, 6.95283e-310); 1594 (4.94066e-324, 6.95283e-310); 1603 (4.94066e-324, 6.95283e-310); 1614 (4.94066e-324, 6.95283e-310); 1615 (4.94066e-324, 6.95283e-310); 1726 (4.94066e-324, 6.95283e-310); 1747 (4.94066e-324, 6.95283e-310); 1751 (4.94066e-324, 6.95283e-310); 1760 (4.94066e-324, 6.95283e-310); 1769 (4.94066e-324, 6.95283e-310); 1793 (4.94066e-324, 6.95283e-310); 1802 (4.94066e-324, 6.95283e-310); 1830 (4.94066e-324, 6.95283e-310); 1831 (4.94066e-324, 6.95283e-310); 1856 (4.94066e-324, 6.95283e-310); 1896 (4.94066e-324, 6.95283e-310); 1904 (4.94066e-324, 6.95283e-310); 1938 (4.94066e-324, 6.95283e-310); 1995 (4.94066e-324, 6.95283e-310); ]
    1222 (5.88744, 21.7255) -> [ ]
    1223 (1.30471, 14.6095) -> [ 482 (2.08407, 14.6743); 576 (1.76083, 14.0448); 1556 (1.39627, 13.7953); ]
    1225 (14.9285, 24.5151) -> [ ]
    1227 (8.60603, -2.01314) -> [ 1309 (8.73613, -2.69548); 1404 (8.87678, -1.87548); ]
    1228 (10.5014, 27.9624) -> [ 1643 (11.2146, 28.1542); ]
    1229 (8.67531, -3.63002) -> [ ]
    1230 (15.9919, -2.12136) -> [ 857 (15.3248, -2.78213); ]
    1232 (20.259, 23.8994) -> [ 325 (21.2199, 23.9512); ]
    1233 (24.2013, 7.09912) -> [ 1128 (24.6081, 6.80691); ]
    1234 (9.64102, 29.0146) -> [ ]
    1237 (14.1809, 1.7226) -> [ 143 (14.847, 1.40925); 513 (14.6432, 0.884463); 675 (14.27, 1.53762); 1894 (14.0023, 1.57001); ]
    1239 (17.2377, 26.0546) -> [ 136 (17.9024, 26.7219); 1564 (17.836, 26.2263); 1800 (17.9698, 26.5174); ]
    1241 (20.1167, 2.8123) -> [ 729 (21.0619, 2.77059); 1975 (20.4352, 3.28031); ]
    1242 (13.594, 18.0452) -> [ 35 (14.2332, 18.2887); ]
    1244 (6.90411, 21.0027) -> [ ]
    1247 (22.6026, 8.98743) -> [ 794 (22.7773, 9.15089); ]
    1248 (5.02095, -2.50622) -> [ 1437 (4.70278, -2.77847); ]
    1249 (12.5996, 20.3035) -> [ 1844 (12.9384, 20.9924); ]
    1251 (0.644201, 29.6265) -> [ 1257 (0.349716, 29.3244); ]
    1252 (9.6054, 21.6911) -> [ 323 (9.92559, 21.9365); ]
    1253 (13.7188, 7.68596) -> [ ]
    1254 (17.2342, -1.61718) -> [ 1946 (17.1671, -2.43155); ]
    1255 (2.6245, 0.361054) -> [ 1095 (2.21438, 0.0763202); ]
    1256 (22.1235, 11.1235) -> [ 1266 (22.2385, 11.78); 1851 (22.2146, 11.8571); ]
    1259 (5.31827, 19.9343) -> [ 159 (5.69038, 20.7622); 989 (5.82711, 20.6053); ]
    1260 (20.0183, 14.4582) -> [ 1442 (20.3111, 14.6124); ]
    1266 (22.2385, 11.78) -> [ 784 (22.9759, 11.7534); ]
    1267 (16.0881, -1.79555) -> [ 1089 (16.5074, -2.45828); 1589 (15.6137, -2.58844); ]
    1268 (4.16113, 16.0168) -> [ 874 (4.25925, 16.201); 1000 (5.02753, 16.4172); 1942 (4.78644, 16.2383); ]
    1269 (6.92047, 0.83848) -> [ ]
    1270 (4.30205, 24.6023) -> [ 1780 (4.13677, 25.0117); 1790 (3.93173, 25.3814); ]
    1271 (1.9328, 3.17636) -> [ ]
    1272 (13.7831, 15.003) -> [ 1531 (13.9564, 14.818); 1772 (14.489, 14.6601); 1980 (13.7337, 14.5903); ]
    1273 (11.2233, 4.18457) -> [ 348 (11.2415, 3.28416); ]
    1274 (20.483, 29.1622) -> [ 1566 (20.3279, 29.5561); ]
    1276 (2.02647, 12.1695) -> [ 1423 (2.01873, 11.9828); ]
    1278 (15.7931, 26.912) -> [ 1101 (15.9413, 27.2049); 1444 (15.5312, 27.8174); ]
    1279 (21.7438, 15.0094) -> [ 496 (22.5639, 14.5457); ]
    1280 (23.8465, -3.58445) -> [ 1263 (24.643, -4.13312); ]
    1283 (23.8097, 20.3315) -> [ 1755 (24.8056, 20.2403); ]
    1285 (5.69609, 11.8974) -> [ 153 (6.09805, 11.2888); 782 (5.88755, 11.3813); 1661 (6.15587, 12.7132); ]
    1288 (9.12913, -2.16813) -> [ 1498 (9.22533, -2.9665); ]
    1290 (7.42246, 24.6583) -> [ 584 (7.83743, 25.1369); 978 (7.91149, 24.6068); 1511 (7.80823, 24.3373); ]
    1291 (16.6845, 3.83456) -> [ ]
    1293 (11.1973, 5.1333) -> [ ]
    1295 (10.5099, 20.9402) -> [ 441 (10.9466, 21.4033); 1275 (11.3603, 21.4439); ]
    1297 (6.24287, -0.719713) -> [ 442 (5.39205, -0.678471); 1969 (5.64964, -1.11728); ]
    1301 (18.2901, 22.1567) -> [ ]
    1302 (9.04762, 0.774106) -> [ ]
    1303 (13.5151, 15.205) -> [ 1848 (13.508, 14.8292); ]
    1305 (5.24088, 18.8916) -> [ ]
    1308 (8.41389, 24.0498) -> [ 1329 (8.58033, 24.5677); ]
    1309 (8.73613, -2.69548) -> [ 922 (8.91053, -3.05679); 1483 (9.07783, -3.20051); ]
    1312 (24.6157, 26.2012) -> [ 1112 (24.745, 26.472); ]
    1314 (19.7367, 23.5013) -> [ 86 (19.8996, 23.9512); 1232 (20.259, 23.8994); ]
    1315 (8.48242, 28.3757) -> [ 1206 (8.65488, 28.8056); ]
    1318 (2.08418, 22.6776) -> [ 981 (1.64531, 23.4046); 1246 (2.14492, 23.0111); 1610 (2.46324, 23.1719); 1878 (2.04432, 22.8525); ]
    1320 (14.4827, 23.3965) -> [ 1106 (14.2758, 23.7342); ]
    1322 (6.45147, 27.5899) -> [ ]
    1323 (17.8375, 11.5372) -> [ 275 (17.5886, 12.2393); 355 (17.6545, 12.4489); ]
    1327 (20.0107, 18.4095) -> [ 577 (20.3277, 19.2851); 683 (20.6268, 19.1234); ]
    1328 (14.143, 7.48352) -> [ 1888 (14.7832, 7.64045); ]
    1330 (13.7587, -0.9812) -> [ ]
    1333 (17.5774, 22.8781) -> [ 66 (18.1705, 22.9497); 1640 (17.9089, 23.3276); ]
    1334 (24.609, 23.6453) -> [ 1681 (24.6087, 24.0405); ]
    1335 (21.0385, 7.21685) -> [ 449 (21.2689, 7.47019); 728 (21.7085, 7.53522); 1028 (21.6521, 7.04577); 1857 (21.621, 7.6181); ]
    1338 (4.53226, 1.39875) -> [ ]
    1340 (14.8837, 14.4476) -> [ ]
    1342 (16.5872, 5.52387) -> [ 288 (17.1491, 5.46032); ]
    1343 (9.2485, -4.19167) -> [ 433 (9.80769, -4.35595); ]
    1345 (6.0826, 5.34591) -> [ 114 (6.64283, 4.95815); 261 (6.58739, 4.5086); ]
    1347 (8.41788, 22.6406) -> [ 139 (8.06593, 23.2648); 1103 (8.72424, 23.2986); ]
    1351 (18.4734, -3.86734) -> [ ]
    1354 (6.72618, -0.392464) -> [ 899 (6.8307, -0.987792); 1297 (6.24287, -0.719713); ]
    1355 (0.0171288, 10.971) -> [ ]
    1357 (5.98494, 5.93914) -> [ ]
    1358 (18.9721, -1.66026) -> [ 225 (19.1305, -1.45564); 1577 (19.5828, -1.03565); ]
    1359 (12.5116, 8.19348) -> [ 1740 (13.0015, 7.97118); ]
    1360 (15.086, 2.47909) -> [ 111 (15.9977, 2.26424); ]
    1361 (11.1004, 5.16603) -> [ ]
    1362 (5.63256, 14.8707) -> [ 478 (5.82374, 15.3924); 985 (5.96413, 14.4023); ]
    1363 (19.114, 15.2813) -> [ 1407 (19.0657, 14.9615); ]
    1364 (23.4122, 28.0726) -> [ 422 (23.53, 27.4639); ]
    1366 (16.7747, 15.4373) -> [ 75 (17.7052, 15.4029); 992 (17.7162, 15.5577); ]
    1367 (3.99115, 26.8824) -> [ 446 (3.69683, 27.0121); ]
    1368 (1.55928, 20.5394) -> [ 865 (1.80465, 19.9854); ]
    1369 (21.3922, 24.8793) -> [ 235 (21.3835, 25.8683); 1262 (21.7408, 25.3416); ]
    1372 (13.6605, 15.9195) -> [ 1272 (13.7831, 15.003); 1303 (13.5151, 15.205); 1394 (12.7329, 15.8499); ]
    1373 (0.284751, -0.779787) -> [ 1971 (0.968216, -1.47977); ]
    1379 (23.7186, 12.1036) -> [ ]
    1380 (7.72035, 0.526888) -> [ 125 (7.67339, 0.167467); ]
    1381 (6.23843, 0.736536) -> [ 753 (5.95311, 0.656014); 1666 (5.59875, 0.589315); ]
    1382 (3.56047, 27.6255) -> [ ]
    1383 (2.49661, 17.6088) -> [ 1085 (2.09486, 18.1628); 1573 (2.68781, 18.2958); 1689 (2.18965, 18.2972); ]
    1385 (5.27246, 20.3804) -> [ 914 (5.13396, 21.3044); ]
    1386 (5.44431, 4.15883) -> [ ]
    1388 (17.5526, 0.460283) -> [ ]
    1390 (4.86893, -0.0371946) -> [ 1752 (4.67884, 0.187673); ]
    1391 (3.06805, 13.3744) -> [ 115 (3.56695, 13.0829); 461 (3.6562, 13.0583); ]
    1397 (13.485, 24.9972) -> [ 1520 (13.381, 25.7182); ]
    1398 (3.02942, 7.33436) -> [ 1081 (2.57984, 7.92856); ]
    1405 (1.83259, 6.16259) -> [ 418 (1.35254, 6.12388); ]
    1406 (15.9647, 6.62877) -> [ 1086 (15.9554, 7.61501); ]
    1409 (6.79795, 4.01852) -> [ 394 (6.6073, 4.25811); 648 (6.49406, 3.92516); 856 (6.83854, 4.41124); 1159 (6.76799, 3.75708); ]
    1410 (17.5207, 0.847676) -> [ ]
    1412 (1.27057, 20.6865) -> [ 1170 (0.777665, 20.2321); 1196 (1.23377, 20.0404); ]
    1413 (16.0282, -0.455336) -> [ 880 (16.0728, -1.21193); ]
    1415 (3.74081, 24.3611) -> [ 752 (3.03518, 24.747); 973 (3.35023, 24.8576); ]
    1416 (7.68421, 26.9786) -> [ 949 (8.33048, 27.2541); 1021 (7.93517, 27.2914); ]
    1417 (6.39062, 19.5277) -> [ 1503 (6.41231, 19.6596); ]
    1418 (18.6789, 28.3385) -> [ 404 (18.9805, 28.6337); ]
    1419 (20.4075, -3.17281) -> [ 592 (20.4615, -3.98108); 599 (20.1844, -3.72624); 1553 (20.1686, -3.96061); ]
    1420 (4.19938, 13.2416) -> [ 378 (5.19036, 13.2433); ]
    1421 (11.3763, 26.3245) -> [ 631 (11.9427, 27.0127); 1348 (11.858, 27.0494); ]
    1425 (23.3947, 25.8312) -> [ 320 (23.8133, 26.2991); 788 (23.7276, 26.4604); ]
    1426 (22.6283, 4.66422) -> [ 1027 (22.9594, 3.7608); ]
    1427 (19.8819, 22.9879) -> [ 126 (20.4826, 23.6988); ]
    1429 (10.3614, 9.05701) -> [ 955 (10.6828, 9.64782); 1187 (10.8373, 9.18646); 1224 (10.9505, 9.43224); ]
    1430 (13.8143, 0.258118) -> [ 726 (12.9264, 0.558043); ]
    1431 (16.4269, 2.50877) -> [ 1007 (17.3115, 2.23172); 1868 (17.1577, 2.21981); ]
    1434 (17.0812, 10.0005) -> [ 278 (17.6156, 10.7072); 770 (17.5624, 9.82147); 799 (17.8261, 10.4692); 1618 (17.0926, 9.15106); ]
    1435 (7.34288, 3.08478) -> [ 76 (7.69503, 2.99101); 79 (6.82219, 2.50301); 402 (6.88667, 2.43847); 624 (7.64871, 2.72536); 657 (7.57903, 2.956); 723 (7.13859, 2.92031); 744 (7.66351, 2.73265); 746 (6.42706, 2.98046); 1099 (7.22902, 2.95666); 1294 (6.58965, 2.78858); ]
    1436 (15.2524, 2.62695) -> [ 1360 (15.086, 2.47909); ]
    1438 (5.67022, 11.1554) -> [ 11 (6.23148, 10.9111); ]
    1440 (6.23982, 19.0315) -> [ 113 (6.39468, 18.8566); 452 (6.4679, 19.3916); 1197 (6.9647, 19.58); ]
    1444 (15.5312, 27.8174) -> [ 607 (15.9748, 28.2945); 697 (15.484, 28.3951); 923 (16.0057, 28.5044); 1134 (15.1618, 28.3561); 1958 (15.3555, 27.8333); ]
    1445 (23.2437, -1.22603) -> [ 1467 (23.57, -2.03702); ]
    1447 (14.8874, 5.47835) -> [ 56 (15.2844, 5.4306); ]
    1448 (19.1736, 6.72996) -> [ 1451 (20.1022, 6.76214); 1892 (19.8352, 6.25944); ]
    1449 (23.8653, -0.609129) -> [ 1925 (24.7938, -0.947541); ]
    1450 (19.8505, 6.45633) -> [ ]
    1451 (20.1022, 6.76214) -> [ 654 (20.3014, 6.73905); 773 (20.847, 6.87905); 1190 (21.0198, 6.55749); ]
    1453 (20.2451, 7.07451) -> [ 157 (21.1482, 7.19226); 1335 (21.0385, 7.21685); ]
    1454 (18.5809, 3.92057) -> [ 123 (19.2776, 3.32395); 179 (18.9168, 3.28695); 526 (19.2204, 3.90361); 1932 (19.233, 3.75649); ]
    1455 (2.35911, 26.9332) -> [ 1079 (1.63258, 26.7704); ]
    1457 (15.3129, 17.4485) -> [ 1777 (15.9952, 16.8698); ]
    1459 (13.8724, 22.7702) -> [ ]
    1460 (3.01549, 0.882004) -> [ 164 (2.08158, 0.903792); 488 (2.76352, 1.06702); 1200 (2.64718, 0.872507); 1255 (2.6245, 0.361054); 1987 (2.48644, 0.523792); ]
    1462 (4.12804, 19.7456) -> [ ]
    1463 (8.3327, -1.59512) -> [ 1288 (9.12913, -2.16813); ]
    1464 (14.0746, 24.6848) -> [ 917 (14.8814, 25.1412); 1397 (13.485, 24.9972); 1586 (13.8321, 24.7529); ]
    1467 (23.57, -2.03702) -> [ 391 (23.9617, -1.7751); 838 (24.253, -1.84962); 841 (24.1157, -2.31937); 1065 (23.8782, -1.67446); 1728 (24.4367, -2.46063); 1732 (24.4105, -1.64532); ]
    1468 (9.14716, 8.85353) -> [ ]
    1469 (4.02155, 16.9518) -> [ 854 (4.3162, 17.6925); 1115 (3.99691, 17.8887); 1411 (4.08669, 17.5065); 1502 (4.57854, 17.3435); ]
    1470 (1.92778, 12.3194) -> [ ]
    1471 (16.118, 4.79561) -> [ 1216 (15.8585, 3.83161); ]
    1472 (20.4932, -3.01956) -> [ 1478 (21.3585, -3.16483); ]
    1473 (17.6113, -4.10461) -> [ ]
    1475 (10.5452, 3.99251) -> [ 280 (9.73197, 3.86647); ]
    1478 (21.3585, -3.16483) -> [ 1665 (21.6845, -4.08623); ]
    1479 (13.5038, 8.67481) -> [ 635 (14.0027, 9.09862); ]
    1480 (15.1679, 21.2768) -> [ 307 (14.8544, 21.6328); 1870 (14.5838, 21.6824); ]
    1481 (14.9816, -1.00221) -> [ 1863 (15.1331, -1.87419); ]
    1482 (20.5209, 5.35663) -> [ 503 (21.4199, 5.29163); 531 (21.0867, 5.57568); ]
    1483 (9.07783, -3.20051) -> [ 456 (8.97493, -4.17504); ]
    1485 (14.1053, -4.49204) -> [ 1489 (14.687, -4.71228); ]
    1486 (19.9853, -3.78424) -> [ ]
    1487 (15.0897, 18.8219) -> [ 367 (15.9276, 19.3468); ]
    1488 (19.0174, 2.63857) -> [ ]
    1491 (9.54364, 1.02071) -> [ 1302 (9.04762, 0.774106); 1516 (9.12761, 0.278944); ]
    1492 (10.8446, 17.0365) -> [ 1874 (11.3333, 16.7454); ]
    1495 (19.8151, 16.0119) -> [ 810 (20.5884, 16.1378); ]
    1497 (3.53679, -2.29389) -> [ ]
    1498 (9.22533, -2.9665) -> [ 1833 (9.55897, -3.30338); ]
    1499 (3.82368, 27.6037) -> [ 835 (2.90094, 27.9811); ]
    1500 (2.97775, 4.21151) -> [ 1591 (3.04319, 3.26024); ]
    1501 (7.26868, 16.4903) -> [ 1490 (8.16251, 16.2246); ]
    1505 (18.2063, 20.4012) -> [ 765 (18.8806, 20.6193); 845 (18.5819, 20.1777); 1514 (18.8581, 20.7903); ]
    1507 (1.44841, 0.605413) -> [ ]
    1508 (9.42794, -1.22098) -> [ ]
    1510 (4.86717, 18.9756) -> [ 39 (4.46116, 19.1386); 522 (5.14425, 19.3978); 1675 (4.98207, 19.5769); ]
    1512 (8.39748, 21.8792) -> [ 1347 (8.41788, 22.6406); ]
    1514 (18.8581, 20.7903) -> [ 818 (19.7199, 21.2033); ]
    1515 (7.15583, 5.3418) -> [ 1835 (7.94383, 5.31084); ]
    1516 (9.12761, 0.278944) -> [ 625 (8.61471, -0.112587); 1022 (9.43381, -0.626734); 1070 (9.02714, -0.406627); 1782 (9.08027, 0.103814); ]
    1517 (7.02517, 20.8782) -> [ 630 (6.36653, 20.6852); ]
    1520 (13.381, 25.7182) -> [ 281 (14.3005, 25.8437); 294 (13.3056, 25.7423); 527 (12.8235, 25.0502); ]
    1521 (17.3843, 4.88775) -> [ 1054 (17.7954, 4.91416); ]
    1522 (16.9557, 14.2783) -> [ ]
    1523 (6.49308, 5.45535) -> [ ]
    1524 (0.954028, 18.21) -> [ 1678 (0.456005, 18.8245); ]
    1525 (7.61534, -3.9964) -> [ 939 (6.81041, -4.39414); ]
    1526 (4.21111, 19.4266) -> [ 40 (4.45212, 20.1385); 393 (4.35414, 19.91); ]
    1527 (10.1197, 24.835) -> [ 1179 (10.7399, 25.5719); 1341 (10.3645, 25.48); 1719 (10.5727, 25.6302); ]
    1528 (14.203, 22.4257) -> [ ]
    1529 (0.93585, 7.06792) -> [ 1876 (0.423963, 7.81328); ]
    1531 (13.9564, 14.818) -> [ 666 (14.8571, 15.0185); 696 (14.3143, 14.5757); 815 (13.9049, 14.7018); ]
    1532 (0.249571, 11.2263) -> [ 1162 (0.124433, 10.5447); ]
    1534 (12.5535, 28.0317) -> [ ]
    1536 (6.62304, 8.02161) -> [ 1552 (7.1984, 8.15708); ]
    1538 (21.3874, 20.164) -> [ 328 (21.505, 19.5793); 1757 (21.3769, 19.4241); ]
    1540 (12.2216, 8.43891) -> [ 185 (12.5207, 8.4423); 412 (12.0459, 7.69381); 476 (12.3515, 8.09172); 1359 (12.5116, 8.19348); ]
    1542 (11.2595, 4.50142) -> [ 180 (10.6316, 4.0369); 182 (11.5602, 3.66578); 1273 (11.2233, 4.18457); ]
    1543 (4.695, 22.7994) -> [ 162 (4.21426, 23.2163); ]
    1544 (3.29023, 20.4204) -> [ 105 (3.45721, 20.2393); 131 (2.81078, 21.0023); 1019 (3.4802, 20.3043); ]
    1545 (15.5977, 23.9259) -> [ 1225 (14.9285, 24.5151); ]
    1548 (23.6033, 12.0482) -> [ 668 (24.4772, 12.0963); 1408 (23.8739, 11.7378); 1910 (23.8433, 12.7907); 1966 (24.0446, 12.3511); ]
    1550 (6.21249, 6.81935) -> [ 152 (6.33077, 5.90821); ]
    1551 (3.36158, -4.34584) -> [ 1858 (3.19578, -4.72267); ]
    1552 (7.1984, 8.15708) -> [ 304 (7.72843, 7.90678); ]
    1553 (20.1686, -3.96061) -> [ 996 (20.4187, -4.34921); ]
    1555 (0.747528, 22.9071) -> [ 1761 (0.470047, 23.1471); ]
    1556 (1.39627, 13.7953) -> [ 73 (1.90936, 13.1045); 1561 (1.65156, 13.6207); ]
    1557 (10.4777, 19.1064) -> [ 208 (10.8159, 19.4167); 1670 (10.7167, 19.4536); ]
    1559 (11.8899, 6.46082) -> [ ]
    1562 (18.107, 2.49077) -> [ 1768 (18.6446, 2.07099); ]
    1564 (17.836, 26.2263) -> [ 906 (18.219, 26.4477); ]
    1567 (23.0759, 15.464) -> [ 614 (23.8058, 15.1762); ]
    1568 (9.00615, 19.9098) -> [ 58 (9.75999, 20.1468); 888 (9.42966, 19.5568); 1040 (9.56195, 20.6707); ]
    1570 (18.2185, 21.1963) -> [ 760 (18.8975, 21.4012); ]
    1571 (19.8074, 20.4888) -> [ 1794 (20.6175, 20.4562); ]
    1573 (2.68781, 18.2958) -> [ 762 (3.30791, 19.0739); ]
    1575 (3.50773, 7.16285) -> [ 618 (3.43451, 6.44278); 966 (3.35623, 6.31276); ]
    1577 (19.5828, -1.03565) -> [ 787 (20.0194, -0.820758); 1838 (20.4033, -0.905752); ]
    1578 (12.3695, 6.82234) -> [ ]
    1579 (9.43247, 3.71709) -> [ ]
    1580 (9.8602, 16.7736) -> [ 792 (9.94917, 16.4927); ]
    1581 (3.81846, 21.561) -> [ 1306 (3.42949, 21.9968); ]
    1582 (11.1186, 23.8585) -> [ 1867 (11.5872, 23.2662); ]
    1583 (6.73602, 16.7292) -> [ 1501 (7.26868, 16.4903); ]
    1584 (15.9373, -4.55685) -> [ 829 (15.3803, -4.95711); ]
    1585 (17.2877, 23.3564) -> [ ]
    1587 (7.94908, 3.16689) -> [ 63 (8.49883, 3.58591); 140 (8.10113, 2.92055); 220 (8.56416, 2.70695); 1154 (8.83107, 3.54588); 1735 (8.85781, 2.9725); ]
    1588 (10.4462, 6.45419) -> [ 571 (10.9407, 5.7006); ]
    1589 (15.6137, -2.58844) -> [ ]
    1591 (3.04319, 3.26024) -> [ 158 (3.53981, 2.90991); 236 (2.5681, 2.69348); 1384 (2.38544, 3.3541); ]
    1596 (21.2285, 8.13838) -> [ 803 (21.5121, 8.71147); 997 (21.5135, 8.06062); ]
    1597 (9.56081, 24.2656) -> [ 1400 (9.26246, 24.3581); ]
    1598 (14.5292, -3.48522) -> [ ]
    1599 (10.0838, 27.3239) -> [ 1228 (10.5014, 27.9624); 1698 (10.1956, 28.2345); 1801 (10.2564, 27.657); ]
    1601 (15.4373, -3.57798) -> [ ]
    1602 (17.0816, 24.5112) -> [ ]
    1606 (4.12869, -4.21776) -> [ 1551 (3.36158, -4.34584); 1710 (3.79378, -4.94013); ]
    1607 (13.1302, 20.6924) -> [ ]
    1610 (2.46324, 23.1719) -> [ 1791 (2.80584, 23.3986); ]
    1611 (5.41263, 2.64049) -> [ 201 (5.20938, 2.16307); 515 (4.92858, 3.28228); 695 (4.86425, 3.05206); ]
    1612 (21.3195, 11.0742) -> [ 1184 (20.9781, 11.0913); 1304 (21.5204, 11.352); ]
    1613 (9.97666, -1.38103) -> [ 206 (10.3324, -1.43464); 407 (10.1924, -2.27601); 1002 (9.6676, -2.29496); ]
    1617 (12.5877, -0.676019) -> [ 1090 (12.5696, -0.634147); ]
    1618 (17.0926, 9.15106) -> [ 1043 (17.173, 8.32605); ]
    1620 (0.862712, -1.89878) -> [ 986 (0.433825, -2.56491); 1850 (0.00930694, -2.19341); ]
    1621 (7.99949, 6.7397) -> [ 251 (8.74174, 6.10106); ]
    1623 (0.880701, 5.21681) -> [ 570 (0.696259, 4.47172); ]
    1625 (14.5574, 22.6229) -> [ 911 (14.0246, 22.8632); 1459 (13.8724, 22.7702); ]
    1628 (15.7773, 15.9982) -> [ 1864 (15.4767, 15.9445); ]
    1631 (12.6684, 28.5488) -> [ ]
    1634 (14.6819, 10.024) -> [ 1635 (13.6975, 10.0582); 1974 (14.519, 10.0555); ]
    1635 (13.6975, 10.0582) -> [ 1730 (13.4475, 10.4501); ]
    1636 (17.4071, 3.19578) -> [ 223 (17.754, 3.27262); ]
    1637 (22.6891, 2.52869) -> [ 929 (22.7501, 2.70942); ]
    1639 (24.1719, 8.65865) -> [ 1807 (24.9729, 9.0961); ]
    1640 (17.9089, 23.3276) -> [ 733 (17.807, 24.2601); ]
    1642 (20.3138, 27.78) -> [ 1403 (20.6692, 27.8941); ]
    1645 (3.66855, 7.74993) -> [ 1398 (3.02942, 7.33436); ]
    1646 (13.8767, -2.51442) -> [ ]
    1648 (17.7443, 19.368) -> [ 1130 (18.4209, 19.321); ]
    1650 (21.448, 28.5813) -> [ 1376 (21.6606, 29.5089); ]
    1652 (6.1086, 15.9555) -> [ 52 (6.47258, 15.7532); 1924 (6.54353, 15.7653); ]
    1653 (23.6861, 22.2953) -> [ 896 (23.3656, 22.5562); 1176 (23.9683, 23.0646); ]
    1655 (1.24585, 25.5919) -> [ 1402 (0.820327, 25.0903); ]
    1656 (12.8945, 18.2544) -> [ 824 (13.3604, 18.669); ]
    1657 (23.3884, 15.1957) -> [ 1331 (23.9472, 14.9203); ]
    1658 (17.8705, -3.38374) -> [ ]
    1659 (17.2439, 24.3023) -> [ 1166 (17.4511, 24.4147); ]
    1660 (17.1382, 27.6405) -> [ 397 (17.5758, 28.3945); 426 (16.6, 28.3133); 1094 (17.171, 27.8568); 1169 (16.7363, 28.1705); 1317 (17.1915, 27.7634); ]
    1661 (6.15587, 12.7132) -> [ 1015 (6.15327, 13.2748); ]
    1662 (8.69842, 29.7843) -> [ 1530 (8.9254, 29.8995); ]
    1663 (13.6005, 3.28008) -> [ 767 (14.2678, 2.72793); 1083 (13.3315, 2.76078); ]
    1665 (21.6845, -4.08623) -> [ 809 (22.2595, -4.29095); 1073 (21.6122, -4.48769); ]
    1666 (5.59875, 0.589315) -> [ 1390 (4.86893, -0.0371946); 1560 (5.19478, -0.00917035); ]
    1667 (15.611, 21.0626) -> [ 48 (15.5622, 21.6398); ]
    1668 (13.146, 27.1804) -> [ 942 (13.8217, 26.7182); ]
    1672 (14.3134, -4.2745) -> [ 736 (15.2507, -4.17403); 1178 (15.1751, -4.31096); ]
    1674 (0.345044, 15.6473) -> [ 1352 (0.133475, 15.7876); ]
    1675 (4.98207, 19.5769) -> [ 1385 (5.27246, 20.3804); 1872 (4.62403, 20.1173); ]
    1677 (8.30222, 2.10573) -> [ 77 (8.31373, 2.20539); 87 (8.21894, 1.20989); 94 (8.83605, 1.84012); 353 (8.30233, 1.1431); 389 (8.5986, 1.67247); 1928 (8.26906, 1.5274); ]
    1679 (4.61402, 7.74779) -> [ 165 (4.73123, 7.15931); 169 (4.70904, 7.32026); ]
    1682 (17.8619, -3.88951) -> [ 1351 (18.4734, -3.86734); ]
    1683 (23.2362, 26.8966) -> [ 945 (24.1211, 26.7893); 1401 (23.7799, 26.8151); ]
    1686 (14.2621, 18.8895) -> [ 36 (14.7753, 19.1289); 347 (14.7904, 19.7045); 645 (14.609, 19.0081); 761 (14.5295, 18.8638); 1474 (14.6543, 19.3296); 1487 (15.0897, 18.8219); ]
    1687 (19.614, 5.6826) -> [ ]
    1692 (9.35981, 22.0876) -> [ 145 (9.77806, 22.4248); 569 (10.2346, 22.4927); ]
    1693 (16.3333, 21.8521) -> [ ]
    1694 (16.4406, 23.8256) -> [ 74 (16.7951, 23.7311); 506 (16.7996, 23.8334); 831 (17.1035, 24.5574); 1602 (17.0816, 24.5112); 1659 (17.2439, 24.3023); 1840 (16.7508, 24.451); ]
    1695 (5.54425, 10.8211) -> [ ]
    1696 (4.48866, 4.28757) -> [ 489 (4.19154, 3.59889); ]
    1697 (11.4154, -3.32996) -> [ 525 (11.6654, -3.73266); ]
    1698 (10.1956, 28.2345) -> [ 1188 (10.5651, 28.7202); 1458 (10.6347, 28.9084); ]
    1699 (1.92129, 16.0018) -> [ 1763 (2.57546, 16.524); ]
    1700 (12.7305, 7.4383) -> [ 302 (12.869, 7.14254); 673 (13.2081, 7.15756); 730 (12.7441, 7.35103); 1003 (13.2467, 7.32605); 1901 (13.1766, 7.35862); ]
    1701 (2.83938, 25.3706) -> [ 533 (2.26344, 25.261); 1236 (2.77201, 26.3183); ]
    1702 (10.8166, 1.03815) -> [ 946 (11.1707, 0.34046); ]
    1704 (19.5522, 6.9381) -> [ 401 (20.2476, 7.0637); 1453 (20.2451, 7.07451); ]
    1705 (15.4582, 13.3323) -> [ 369 (14.943, 13.414); 853 (16.3637, 13.7083); 1010 (14.7779, 13.6494); 1204 (14.9187, 13.4465); 1727 (15.0128, 13.8406); ]
    1706 (11.1592, 29.0217) -> [ 1509 (11.6921, 29.6199); ]
    1709 (17.3408, 13.5399) -> [ 102 (17.4645, 13.695); 103 (18.0008, 12.851); 234 (17.0341, 13.7396); 706 (17.3084, 12.816); 855 (17.479, 13.716); 1207 (18.0306, 14.126); 1522 (16.9557, 14.2783); 1950 (17.6715, 14.1271); ]
    1711 (2.35414, 28.5856) -> [ 783 (2.46072, 29.2035); ]
    1712 (9.40319, 8.7174) -> [ 23 (9.96499, 8.3883); 255 (10.131, 8.5717); 454 (9.68126, 8.63025); ]
    1713 (13.5374, 4.26125) -> [ 110 (13.8455, 3.63861); 813 (13.6943, 3.64136); ]
    1715 (12.5389, 21.034) -> [ ]
    1716 (4.88904, 23.811) -> [ 298 (4.83728, 24.6898); 1037 (5.44359, 24.2215); 1270 (4.30205, 24.6023); 1877 (5.50998, 24.3401); ]
    1719 (10.5727, 25.6302) -> [ 1076 (10.4437, 26.5006); 1590 (11.064, 26.2459); 1766 (10.7826, 26.0697); ]
    1720 (2.23774, -4.97243) -> [ 1337 (2.7007, -4.76659); ]
    1721 (12.417, 27.5051) -> [ 344 (12.9596, 26.6805); 575 (12.8988, 26.7199); 1135 (13.0353, 27.2491); 1534 (12.5535, 28.0317); 1668 (13.146, 27.1804); 1758 (13.1841, 26.8966); 1789 (12.7128, 27.7464); ]
    1723 (17.3848, 21.1808) -> [ 497 (17.9095, 21.7851); ]
    1724 (8.84539, 5.56277) -> [ ]
    1727 (15.0128, 13.8406) -> [ 1340 (14.8837, 14.4476); ]
    1730 (13.4475, 10.4501) -> [ 1062 (13.4532, 11.0473); ]
    1735 (8.85781, 2.9725) -> [ 195 (9.31873, 3.19775); 628 (9.41827, 3.76026); 1579 (9.43247, 3.71709); ]
    1736 (8.62988, 21.3697) -> [ 92 (8.92748, 21.899); ]
    1739 (15.8062, 25.9712) -> [ 1278 (15.7931, 26.912); ]
    1740 (13.0015, 7.97118) -> [ 144 (13.1568, 7.67066); 282 (13.1939, 8.03363); 1253 (13.7188, 7.68596); 1479 (13.5038, 8.67481); 1595 (13.3964, 7.6495); 1804 (13.216, 7.96257); ]
    1742 (17.018, 21.6899) -> [ 1258 (16.8372, 22.3939); 1356 (17.0487, 22.4326); ]
    1745 (16.6002, 0.217765) -> [ 500 (17.1569, 0.208623); ]
    1746 (13.108, -1.87009) -> [ ]
    1748 (1.50019, 22.5135) -> [ 386 (0.781374, 22.2689); 410 (1.23829, 23.1584); 1185 (0.879565, 22.3596); 1465 (1.09705, 23.1211); 1555 (0.747528, 22.9071); 1841 (1.52848, 22.8024); 1957 (0.999877, 23.3715); ]
    1749 (7.40163, 1.56528) -> [ 242 (6.90926, 0.948862); 994 (7.66344, 1.19198); 1269 (6.92047, 0.83848); ]
    1750 (23.6193, 24.7103) -> [ 938 (24.1622, 24.9441); 1150 (23.9495, 24.8558); ]
    1752 (4.67884, 0.187673) -> [ 693 (4.87934, -0.772335); ]
    1754 (6.3019, 27.5359) -> [ 565 (6.02697, 27.8855); 699 (6.0573, 28.3674); ]
    1755 (24.8056, 20.2403) -> [ 1823 (24.8925, 20.435); ]
    1756 (15.3639, 23.229) -> [ 540 (15.1318, 24.1084); 1177 (15.5502, 23.7371); 1545 (15.5977, 23.9259); ]
    1758 (13.1841, 26.8966) -> [ 605 (13.3676, 26.3328); 1116 (13.6709, 26.4771); ]
    1761 (0.470047, 23.1471) -> [ 1537 (0.321995, 23.5407); ]
    1762 (11.1035, 5.25006) -> [ 33 (11.7186, 5.38017); 1293 (11.1973, 5.1333); 1361 (11.1004, 5.16603); ]
    1763 (2.57546, 16.524) -> [ 96 (2.67363, 16.992); 1815 (1.87049, 17.109); ]
    1764 (12.2803, 19.7225) -> [ 1249 (12.5996, 20.3035); ]
    1765 (2.89379, 17.5435) -> [ 1119 (3.26612, 17.3305); 1466 (3.8757, 17.6928); ]
    1768 (18.6446, 2.07099) -> [ 363 (19.0504, 2.13597); ]
    1771 (21.7897, 7.07279) -> [ 191 (22.0371, 6.73416); 800 (21.9577, 7.09533); ]
    1774 (8.10185, -0.977266) -> [ 183 (8.37919, -1.85263); 502 (7.88926, -1.69035); 928 (7.68706, -1.68318); 1463 (8.3327, -1.59512); ]
    1775 (13.5343, -1.66944) -> [ 1746 (13.108, -1.87009); ]
    1776 (1.28658, 12.4508) -> [ 563 (1.15099, 11.9123); 1847 (0.477976, 12.2331); ]
    1777 (15.9952, 16.8698) -> [ 54 (16.3742, 16.3416); 905 (16.0428, 16.3688); 1628 (15.7773, 15.9982); ]
    1778 (21.4904, 24.2808) -> [ 244 (22.0423, 24.5384); ]
    1779 (18.5643, -2.51359) -> [ 1025 (18.474, -3.39317); ]
    1781 (21.9655, 15.251) -> [ 258 (22.622, 15.4785); ]
    1783 (11.2526, -4.34364) -> [ 1703 (12.0717, -4.82912); ]
    1785 (11.4757, 26.1644) -> [ 681 (12.2368, 26.1295); ]
    1786 (8.00519, -3.27483) -> [ 1832 (8.10978, -4.14207); ]
    1787 (20.7889, 10.8275) -> [ 1215 (20.4071, 11.1323); ]
    1789 (12.7128, 27.7464) -> [ 1084 (13.5256, 28.2862); 1631 (12.6684, 28.5488); ]
    1791 (2.80584, 23.3986) -> [ 409 (3.30258, 23.6273); ]
    1792 (17.7217, 1.36823) -> [ 786 (18.2784, 1.74894); 823 (18.3991, 1.87986); 979 (17.8396, 1.20467); 1388 (17.5526, 0.460283); 1410 (17.5207, 0.847676); 1496 (18.0387, 0.498055); 1541 (17.3749, 0.711892); ]
    1794 (20.6175, 20.4562) -> [ 160 (21.2817, 20.9192); 366 (20.505, 19.5699); 664 (21.4455, 20.5); 998 (20.9938, 20.0473); 1538 (21.3874, 20.164); ]
    1796 (6.92338, 15.2547) -> [ 1443 (6.9277, 14.7799); ]
    1797 (0.535898, 1.45608) -> [ 524 (0.873509, 1.48522); 738 (0.899829, 0.824238); 739 (0.945249, 0.86646); 825 (0.159749, 1.11181); ]
    1798 (7.44415, 22.302) -> [ 127 (8.25996, 22.6436); 342 (7.73296, 22.4423); ]
    1799 (17.9784, 24.6454) -> [ 1059 (17.8637, 25.4601); ]
    1800 (17.9698, 26.5174) -> [ 213 (18.9023, 26.7105); ]
    1802 (4.94066e-324, 6.95283e-310) -> [ ]
    1803 (21.924, 23.907) -> [ 202 (22.5191, 24.4819); 319 (22.1885, 23.5382); ]
    1804 (13.216, 7.96257) -> [ 189 (14.0857, 8.04088); 877 (13.9122, 8.66563); ]
    1806 (12.414, 22.5247) -> [ ]
    1807 (24.9729, 9.0961) -> [ 560 (24.881, 9.40784); ]
    1809 (20.0095, 4.30286) -> [ 1226 (20.7497, 4.6179); ]
    1812 (13.8325, -0.676606) -> [ ]
    1815 (1.87049, 17.109) -> [ 408 (1.81852, 17.5105); 490 (1.08965, 16.8258); ]
    1816 (4.89946, 9.8524) -> [ 32 (5.08072, 9.28915); 588 (4.88345, 9.19064); ]
    1817 (8.91976, 29.2355) -> [ 1549 (9.50224, 29.3398); ]
    1819 (13.8669, -0.930501) -> [ 1049 (13.4717, -0.628182); 1192 (13.367, -1.22401); 1330 (13.7587, -0.9812); ]
    1820 (9.97473, -2.27191) -> [ 861 (10.2711, -2.80765); ]
    1821 (9.40865, 9.23285) -> [ 104 (9.7414, 9.4827); 428 (9.4705, 9.63136); ]
    1822 (6.11342, 5.70519) -> [ 613 (6.50945, 5.60651); 1523 (6.49308, 5.45535); 1934 (6.51298, 5.61325); ]
    1825 (4.88906, 14.9815) -> [ 1362 (5.63256, 14.8707); ]
    1826 (7.27442, 4.17799) -> [ 239 (7.51984, 3.25536); 705 (7.39129, 3.88709); ]
    1827 (18.581, 22.3956) -> [ 685 (18.7058, 22.4973); 1920 (18.9103, 23.0816); ]
    1829 (16.4373, 3.04817) -> [ ]
    1832 (8.10978, -4.14207) -> [ 370 (8.70706, -4.21757); 403 (8.8143, -4.47076); ]
    1835 (7.94383, 5.31084) -> [ 1893 (8.5102, 4.61687); ]
    1836 (24.4553, 19.7977) -> [ 1914 (24.8388, 19.1364); ]
    1837 (7.21265, 6.95578) -> [ 597 (7.26519, 7.16136); 1621 (7.99949, 6.7397); ]
    1838 (20.4033, -0.905752) -> [ 289 (20.9435, -1.2028); 1902 (20.9987, -1.12864); ]
    1840 (16.7508, 24.451) -> [ 81 (16.9207, 24.7232); 1630 (16.3647, 24.887); ]
    1841 (1.52848, 22.8024) -> [ 1862 (1.42543, 23.5923); ]
    1842 (2.53444, 13.6041) -> [ 4 (3.10288, 12.9471); ]
    1843 (10.2263, 1.74161) -> [ 1702 (10.8166, 1.03815); ]
    1844 (12.9384, 20.9924) -> [ 713 (13.3962, 20.1114); 1607 (13.1302, 20.6924); ]
    1846 (0.626832, 0.190859) -> [ 211 (0.995468, -0.0461199); 972 (0.3032, -0.546116); 1088 (1.07129, -0.100904); 1507 (1.44841, 0.605413); 1923 (1.1626, -0.484007); ]
    1849 (10.5584, 8.08967) -> [ ]
    1852 (8.80013, 18.1532) -> [ 801 (8.83913, 18.2265); 1140 (9.61423, 17.9044); 1890 (9.07215, 18.2477); ]
    1853 (1.29434, 10.2138) -> [ 1909 (1.245, 10.2225); ]
    1854 (5.62693, 21.566) -> [ 222 (5.80682, 21.5105); 257 (6.46333, 21.649); 315 (5.83135, 22.0654); 436 (5.9569, 21.8653); 1222 (5.88744, 21.7255); 1993 (5.86232, 21.9185); ]
    1857 (21.621, 7.6181) -> [ 590 (22.1203, 7.8033); 1063 (22.0544, 7.79077); 1210 (22.1903, 8.086); ]
    1859 (3.13765, 11.4161) -> [ 362 (3.54329, 11.4442); ]
    1860 (19.1892, 21.4638) -> [ 273 (20.145, 21.597); ]
    1862 (1.42543, 23.5923) -> [ 700 (1.15893, 24.5557); ]
    1863 (15.1331, -1.87419) -> [ 1733 (14.8386, -2.40669); ]
    1864 (15.4767, 15.9445) -> [ 1722 (15.3134, 15.6298); ]
    1866 (12.4989, 7.36678) -> [ 350 (11.9257, 7.32675); ]
    1867 (11.5872, 23.2662) -> [ 1899 (12.2533, 23.1913); ]
    1868 (17.1577, 2.21981) -> [ 184 (16.9911, 2.98038); 285 (16.8191, 2.97538); 649 (16.6942, 2.89806); 1562 (18.107, 2.49077); 1600 (16.9818, 2.48471); ]
    1870 (14.5838, 21.6824) -> [ 181 (14.1521, 21.7789); 226 (14.1262, 20.7949); 867 (14.2163, 21.6303); 1528 (14.203, 22.4257); ]
    1871 (8.81084, 28.1139) -> [ 1097 (9.43809, 28.8117); 1311 (9.37363, 28.4549); ]
    1872 (4.62403, 20.1173) -> [ 62 (4.74704, 21.0941); 395 (4.96921, 20.9926); ]
    1873 (2.20041, 2.42622) -> [ 248 (2.12244, 2.33217); 850 (2.45617, 1.53148); ]
    1874 (11.3333, 16.7454) -> [ 847 (11.5864, 15.9944); ]
    1875 (4.57934, 4.77691) -> [ 1696 (4.48866, 4.28757); ]
    1876 (0.423963, 7.81328) -> [ 1181 (0.438225, 8.08258); ]
    1877 (5.50998, 24.3401) -> [ 116 (5.62303, 25.3084); ]
    1879 (23.7208, 10.6318) -> [ 1424 (22.8243, 10.2809); ]
    1880 (1.63476, 7.12339) -> [ 504 (1.29198, 8.01721); ]
    1881 (10.6303, 20.6284) -> [ 608 (11.2023, 20.8452); 883 (11.227, 21.1491); ]
    1885 (19.1094, 9.07429) -> [ 953 (19.4777, 9.87196); ]
    1886 (19.3529, 25.435) -> [ 1664 (19.2118, 25.9367); ]
    1887 (14.1559, -3.98516) -> [ 585 (14.7821, -3.2906); 737 (13.6628, -3.57603); 1160 (14.377, -3.60644); 1461 (13.6922, -3.54998); 1598 (14.5292, -3.48522); ]
    1888 (14.7832, 7.64045) -> [ 326 (15.0936, 8.54726); 406 (15.3661, 8.42); ]
    1890 (9.07215, 18.2477) -> [ 25 (9.90328, 17.984); 512 (9.60051, 18.2153); ]
    1891 (14.6605, 0.535507) -> [ 141 (14.8978, -0.250639); 1006 (14.0555, 0.0718111); 1430 (13.8143, 0.258118); ]
    1892 (19.8352, 6.25944) -> [ 142 (20.5116, 6.421); 1450 (19.8505, 6.45633); ]
    1893 (8.5102, 4.61687) -> [ 50 (9.26744, 4.22564); ]
    1898 (23.1259, -0.832666) -> [ 1445 (23.2437, -1.22603); ]
    1899 (12.2533, 23.1913) -> [ 826 (12.9959, 23.1006); 1238 (12.9194, 22.9905); ]
    1901 (13.1766, 7.35862) -> [ 1328 (14.143, 7.48352); ]
    1902 (20.9987, -1.12864) -> [ 345 (21.4521, -1.08357); ]
    1903 (10.5458, 7.81654) -> [ 748 (10.9012, 7.45008); 798 (10.547, 7.76469); ]
    1905 (15.6954, -3.88815) -> [ 321 (16.6202, -3.90563); 596 (15.4434, -2.97095); 1584 (15.9373, -4.55685); 1601 (15.4373, -3.57798); ]
    1906 (1.0165, 13.3206) -> [ 1776 (1.28658, 12.4508); ]
    1910 (23.8433, 12.7907) -> [ 1045 (24.3009, 13.1379); 1151 (24.1672, 13.2265); ]
    1913 (17.3737, 21.82) -> [ 672 (18.056, 21.9415); 1301 (18.2901, 22.1567); ]
    1914 (24.8388, 19.1364) -> [ 793 (24.682, 18.5101); 1307 (24.7985, 18.5171); 1395 (24.3777, 18.7007); ]
    1916 (19.4071, 15.9476) -> [ 207 (20.156, 15.3852); 633 (19.9761, 15.5329); 1072 (19.5328, 15.5063); 1495 (19.8151, 16.0119); ]
    1917 (0.863273, 24.0706) -> [ 1743 (0.883748, 24.8623); ]
    1918 (7.88258, 10.3388) -> [ 1122 (8.74914, 10.362); ]
    1920 (18.9103, 23.0816) -> [ 72 (19.0562, 23.4139); 293 (19.6532, 23.2103); 948 (18.7676, 23.7929); 1008 (18.798, 23.5765); 1314 (19.7367, 23.5013); ]
    1921 (12.4615, 21.6804) -> [ 429 (13.1874, 21.5155); 1102 (12.8808, 21.7556); ]
    1923 (1.1626, -0.484007) -> [ 667 (1.35246, -1.14837); 951 (1.31656, -0.545541); ]
    1926 (8.7237, 6.94416) -> [ 579 (9.12896, 6.44997); ]
    1927 (13.4736, 5.31779) -> [ 95 (13.544, 4.59206); 833 (14.2136, 4.73599); ]
    1929 (5.24762, 5.42848) -> [ 1970 (5.48208, 4.90832); ]
    1930 (4.34509, 4.76609) -> [ 499 (3.61742, 4.41767); 528 (4.4895, 3.92091); ]
    1934 (6.51298, 5.61325) -> [ 1515 (7.15583, 5.3418); ]
    1935 (19.5986, 10.2474) -> [ 937 (19.6481, 10.0746); 1814 (20.0858, 10.5248); ]
    1939 (9.64997, 7.17205) -> [ 24 (10.3611, 7.47011); 26 (10.2969, 6.47218); 804 (10.5153, 7.31509); 965 (10.1165, 6.45405); ]
    1941 (5.99729, 26.8028) -> [ 708 (5.91855, 27.6886); 1111 (6.50899, 27.603); ]
    1942 (4.78644, 16.2383) -> [ 701 (5.71463, 16.3678); ]
    1944 (2.1444, -0.699909) -> [ 405 (2.05637, -1.09048); 484 (3.0558, -1.05676); 660 (1.78472, -1.59234); 927 (2.19139, -0.989806); 1324 (1.78256, -1.48405); ]
    1946 (17.1671, -2.43155) -> [ 1624 (17.8203, -2.84908); ]
    1948 (17.8126, -4.27898) -> [ 583 (17.992, -4.26938); 1113 (18.4673, -4.29438); ]
    1950 (17.6715, 14.1271) -> [ 84 (17.4788, 14.6949); 308 (18.0334, 14.5604); 466 (17.4745, 14.9095); 1109 (17.1033, 14.5135); ]
    1952 (16.0681, 12.6022) -> [ 227 (16.4254, 12.6341); 231 (15.4298, 12.5405); 295 (16.9991, 12.7191); 305 (16.0918, 12.6009); 1075 (16.0084, 12.7319); 1705 (15.4582, 13.3323); ]
    1960 (6.05057, 3.94922) -> [ 83 (6.06191, 3.15261); 663 (6.33296, 3.80604); ]
    1962 (21.1364, 28.628) -> [ 374 (20.8617, 28.773); 1274 (20.483, 29.1622); 1513 (21.0116, 29.5036); ]
    1963 (20.899, 8.98467) -> [ 297 (21.0774, 8.98658); ]
    1964 (1.49734, 15.5835) -> [ 1699 (1.92129, 16.0018); ]
    1965 (4.11802, -2.1235) -> [ 921 (4.33531, -2.73179); ]
    1966 (24.0446, 12.3511) -> [ 707 (24.8849, 12.4869); 779 (24.86, 12.8104); 1120 (24.3372, 13.1247); ]
    1967 (4.79473, 6.14613) -> [ 632 (4.4622, 5.55187); 1929 (5.24762, 5.42848); ]
    1969 (5.64964, -1.11728) -> [ 388 (5.53648, -1.91276); 1186 (4.69872, -1.39488); ]
    1970 (5.48208, 4.90832) -> [ 89 (6.05037, 4.15255); 487 (5.4922, 3.97537); 766 (5.52318, 4.39512); 1386 (5.44431, 4.15883); ]
    1971 (0.968216, -1.47977) -> [ 443 (1.60108, -1.98082); 1620 (0.862712, -1.89878); ]
    1973 (22.5024, 8.058) -> [ 279 (23.1487, 8.25982); 1191 (22.9595, 8.40874); ]
    1976 (13.5676, -2.00745) -> [ 907 (13.0258, -2.40356); 1947 (13.5479, -2.58856); ]
    1977 (0.0351027, -3.32092) -> [ 1240 (0.17488, -4.08267); ]
    1978 (5.40242, 10.682) -> [ 18 (5.56962, 10.1615); ]
    1983 (8.75143, 5.99874) -> [ 173 (9.50922, 5.69146); 769 (8.83877, 5.44195); 1147 (9.06805, 6.01986); 1724 (8.84539, 5.56277); 1824 (8.6472, 5.3168); ]
    1984 (18.5643, 17.0885) -> [ 209 (19.0049, 16.8295); 692 (18.6662, 16.8935); 836 (18.7309, 17.0926); 901 (19.34, 16.4929); 1882 (18.7353, 16.3412); ]
    1985 (4.57825, 27.5166) -> [ 357 (4.31076, 28.4465); ]
    1986 (4.20368, 2.00089) -> [ 582 (3.703, 1.14703); ]
    1987 (2.48644, 0.523792) -> [ 196 (1.9944, -0.0924002); 601 (2.19857, 1.3831); ]
    1988 (1.07312, 11.2333) -> [ 1033 (0.976172, 10.2469); ]
    1993 (5.86232, 21.9185) -> [ 581 (5.65561, 22.7884); 1212 (6.81882, 21.8122); ]
    1994 (11.655, 18.9827) -> [ 543 (12.137, 18.9389); 1183 (12.151, 18.5901); 1396 (12.2462, 18.8542); ]
    1997 (19.6885, 20.3434) -> [ 849 (19.8328, 19.617); ]
    1998 (11.9126, 8.71166) -> [ 230 (12.4508, 9.43986); 564 (11.8611, 7.90541); 677 (12.0275, 8.27997); 844 (12.0299, 8.31994); 859 (12.4125, 9.20643); ]
