Children Map for Subproblem Tree 8
======================================
Parent ID (x, y) -> [List of Children IDs (x, y)]
    0 (0, 1) -> [ 5 (6.99215, 7.35269); 11 (5.94791, 12.836); 13 (12.2048, 4.88956); 153 (2.09784, -0.50416); 234 (2.09767, 1.68185); 236 (1.50106, 2.35037); 284 (1.2827, 2.57816); 288 (0.408841, 4.70995); 352 (2.42494, 0.230534); 376 (-0.716853, 2.62023); 409 (0.421591, 2.70999); 441 (2.24678, -0.261241); 459 (2.09868, 1.82306); 488 (1.0462, 2.57572); 507 (3.1197, -0.0372897); 524 (0.57133, 0.632914); 528 (0.487944, 0.728561); 537 (0.611597, 0.719034); 599 (2.45732, -0.0512411); 635 (2.56909, 1.48417); 639 (1.94048, -0.414472); 651 (0.825332, 3.61707); 664 (2.23081, 2.55729); 676 (1.14099, 2.93047); 736 (0.45342, 0.566829); 789 (1.72941, -0.997688); 831 (2.27075, -0.310644); 899 (1.15592, 0.81963); 915 (1.64047, 2.44422); 944 (0.343365, 2.9703); 972 (0.0990714, 1.86251); 1084 (1.18162, 0.58031); 1141 (0.624483, -0.640294); 1197 (-0.339259, -1.26938); 1270 (1.56905, 0.351522); 1312 (1.6375, 2.06899); 1411 (1.19479, 0.11861); 1442 (-1.32237, -0.353271); 1517 (0.302985, 0.579345); 1541 (1.57264, 2.07159); 1590 (0.768408, 2.71288); 1646 (1.08497, 2.52327); 1836 (-1.03407, 1.33848); 1886 (1.93107, 1.52056); 1952 (0.662812, 1.17652); 1954 (0.6676, 1.18539); 2038 (0.532293, 2.51188); 2147 (1.0977, 2.35662); 2196 (1.38968, 0.33466); 2209 (1.68552, 1.35666); 2259 (0.531641, 0.488924); 2274 (1.10913, 0.211608); 2323 (-1.17913, 1.67338); 2337 (-0.587512, -0.352521); 2422 (-0.162457, 2.12151); ]
    1 (1.39291, 2.4352) -> [ 2051 (1.41362, 2.24124); 2206 (1.72902, 1.83288); ]
    2 (2.8124, 3.84411) -> [ 1074 (0.710353, 3.72002); 1293 (1.34742, 3.42508); 1304 (1.07558, 2.99227); 1924 (1.70391, 2.51091); 1974 (1.6722, 3.25768); ]
    3 (3.49355, 5.72455) -> [ 1048 (2.67378, 3.73805); 2131 (2.9502, 4.16688); ]
    4 (5.46501, 6.06124) -> [ 38 (0.471607, 0.660038); 621 (2.43678, 6.00906); ]
    5 (6.99215, 7.35269) -> [ 6 (6.19415, 9.18658); 8 (8.84061, 6.589); 9 (10.2208, 5.14155); 10 (5.26338, 10.9568); 16 (8.29893, 5.83864); 19 (8.86472, 11.8203); 20 (10.8081, 16.0212); 24 (12.7836, 15.7092); 27 (13.8838, 14.0389); 30 (10.3501, 10.4811); 34 (6.36752, 11.1791); 58 (12.3158, 10.8498); 62 (7.82616, 9.81071); 65 (10.1784, 8.48849); 67 (11.7167, 7.67337); 68 (8.82374, 11.5442); 79 (11.0488, 3.25752); 81 (11.3924, 12.5663); 87 (13.6999, 7.93158); 94 (8.54487, 8.56701); 99 (11.0831, 6.54538); 107 (4.01522, 10.6773); 115 (11.8295, 10.8039); 145 (8.18909, 8.69548); 146 (5.99434, 10.6135); 149 (9.0832, 6.52616); 155 (7.82117, 6.72961); 158 (11.6027, 7.49041); 168 (8.27992, 10.5936); 169 (8.40788, 6.57171); 178 (10.5056, 10.4619); 205 (11.2166, 8.90015); 213 (6.85203, 11.8793); 216 (8.25819, 8.68128); 270 (5.47539, 10.4285); 295 (8.30371, 10.6779); 303 (6.09977, 8.80098); 318 (8.14355, 10.2594); 337 (9.49792, 10.3253); 340 (9.26088, 8.51825); 363 (7.83095, 10.3359); 396 (8.91789, 6.93567); 399 (5.35335, 9.69466); 422 (5.68809, 10.5052); 447 (9.96785, 8.6425); 492 (9.58387, 6.57888); 518 (6.51305, 9.78676); 526 (8.7537, 8.46896); 543 (7.96938, 8.72089); 553 (8.00071, 6.61612); 608 (8.60704, 7.0092); 658 (9.28656, 7.57778); 661 (8.08889, 8.72103); 685 (7.96351, 8.2542); 703 (9.37299, 8.10931); 768 (7.48093, 9.43025); 818 (8.54516, 9.16702); 862 (7.51109, 9.42282); 925 (7.59593, 9.62885); 941 (7.58286, 7.74732); 960 (7.29258, 7.73004); 1129 (8.96415, 7.91933); 1195 (8.30686, 7.69221); 1275 (7.13039, 8.11054); 1279 (7.41423, 9.18334); 1357 (8.69812, 6.83698); 1429 (7.87713, 8.8713); 1470 (8.63944, 8.11168); 1494 (7.98509, 8.27901); 1538 (6.4352, 9.15831); 1540 (8.00136, 8.691); 1644 (8.37742, 8.33975); 1679 (7.90259, 9.11914); 1687 (5.63568, 8.78057); 1698 (8.9233, 7.63833); 1711 (8.68869, 6.44108); 1817 (8.2379, 6.27311); 1978 (7.56002, 7.50459); 2073 (6.92616, 9.05182); 2210 (8.58473, 6.98417); ]
    6 (6.19415, 9.18658) -> [ 33 (3.28199, 17.6702); 47 (1.33023, 4.34306); 88 (0.500868, 10.4261); 160 (1.89524, 11.8599); 161 (2.19232, 11.9698); 630 (5.38014, 10.9183); 1900 (5.46959, 10.8643); ]
    7 (1.79466, 6.77991) -> [ 757 (-0.520535, 5.57811); 855 (0.0769981, 5.57023); 1321 (0.491601, 5.5491); 2296 (0.745422, 5.87775); 2412 (0.119766, 6.78909); ]
    8 (8.84061, 6.589) -> [ 1 (1.39291, 2.4352); 43 (7.72716, 1.27036); 73 (9.68822, 0.877601); ]
    9 (10.2208, 5.14155) -> [ 71 (15.853, 3.68195); 97 (13.5458, 3.4057); 110 (14.8162, 1.02087); 148 (14.0936, 2.78362); 221 (12.2579, 3.42096); 232 (13.8531, 3.69605); 254 (8.74156, 1.0718); 372 (13.0585, 2.84339); 713 (10.6903, 4.67737); 1238 (10.4731, 4.99411); 1441 (10.7504, 4.73524); ]
    10 (5.26338, 10.9568) -> [ 142 (2.27804, 13.9476); 1437 (4.85205, 11.888); ]
    11 (5.94791, 12.836) -> [ 14 (7.82424, 13.5284); 18 (9.01506, 15.1352); 21 (4.52953, 14.2461); 23 (4.68044, 16.2404); 29 (10.984, 19.0539); 32 (7.03781, 15.436); 46 (1.62308, 19.5843); 59 (5.14003, 14.8048); 61 (8.16987, 16.9479); 63 (5.03988, 18.2078); 69 (6.90187, 13.8582); 74 (6.27246, 16.6327); 84 (5.99936, 12.9988); 90 (5.58168, 18.0258); 105 (4.71964, 12.2551); 128 (3.33203, 13.7666); 182 (4.45778, 14.5418); 191 (7.9507, 17.2155); 202 (8.61857, 15.5228); 203 (7.16706, 12.8777); 206 (6.59841, 16.3035); 210 (4.49361, 14.5995); 226 (5.19693, 16.4717); 235 (6.70806, 13.4633); 269 (8.97135, 15.2298); 322 (4.04463, 15.6964); 325 (4.45573, 12.2474); 342 (5.74025, 13.914); 346 (9.04978, 15.1089); 430 (7.25409, 12.7678); 439 (5.13482, 12.754); 445 (6.81573, 15.6002); 475 (5.17088, 12.7816); 527 (5.42997, 15.8898); 547 (3.57856, 12.629); 570 (8.41768, 13.9045); 589 (4.32164, 14.5923); 592 (4.87612, 15.2009); 622 (6.48885, 13.5128); 627 (6.69822, 15.5935); 633 (7.37906, 15.4414); 637 (5.35825, 11.9508); 654 (3.52151, 13.1974); 673 (3.52781, 12.7566); 721 (5.85196, 14.662); 724 (7.68645, 13.4532); 740 (4.23695, 12.5949); 748 (7.42783, 13.9095); 764 (5.32932, 14.3962); 791 (4.45686, 13.7394); 825 (6.64765, 13.1593); 930 (5.69214, 13.9071); 1013 (6.45564, 13.6695); 1114 (6.98784, 12.5112); 1319 (4.02269, 13.3033); 1346 (4.97802, 14.688); 1478 (6.83809, 13.446); 1532 (5.27603, 12.855); 1617 (6.30549, 13.7539); 1621 (7.49546, 13.0233); 1664 (4.20897, 13.7105); 2105 (3.95564, 13.0117); 2168 (5.55544, 13.907); 2188 (6.03138, 13.7076); 2222 (5.84704, 13.8291); 2246 (5.04642, 12.0307); ]
    12 (1.58632, 6.32659) -> [ 2384 (0.568881, 5.29425); ]
    13 (12.2048, 4.88956) -> [ 17 (13.3548, 6.52593); 25 (15.0894, 5.53043); 28 (16.8964, 6.38769); 37 (18.2551, 7.85531); 40 (16.5001, 8.81458); 44 (14.6081, 8.08451); 53 (19.4553, 6.25546); 54 (14.7379, 7.4993); 56 (14.3964, 8.23327); 72 (16.7206, 6.82677); 83 (16.5751, 6.86935); 124 (15.4639, 7.10396); 130 (13.6436, -0.328257); 167 (12.9293, 7.31445); 207 (15.7671, 1.68842); 214 (12.8162, 1.02169); 250 (11.6734, 0.634571); 259 (13.3346, 1.73552); 273 (13.9958, 1.64049); 277 (14.3594, 5.53544); 391 (13.1698, 6.00311); 427 (14.5033, 5.34975); 499 (13.0263, 1.8938); 583 (13.7256, 5.52997); 620 (11.8316, 5.50355); 793 (12.5499, 5.27149); 814 (13.5931, 5.93444); 859 (14.5764, 5.1427); 903 (13.2746, 7.25783); 945 (12.1736, 5.41918); 947 (14.535, 5.05132); 1052 (12.7975, 5.56726); 1147 (13.9841, 5.89288); 1201 (11.7712, 5.68386); 1242 (12.5799, 5.74539); 1302 (11.7746, 5.96992); 1420 (13.8608, 5.90817); 1501 (13.6109, 3.45278); 1525 (13.2701, 6.58057); 1587 (11.5127, 5.47546); 1651 (12.0613, 5.90637); 2184 (13.0423, 6.05665); 2392 (12.1491, 5.67408); 2483 (13.0065, 5.42757); ]
    14 (7.82424, 13.5284) -> [ 1529 (8.83001, 13.9888); ]
    15 (4.69234, 3.16158) -> [ 997 (2.64963, 2.1857); 1041 (2.59943, 1.89385); 1362 (3.37849, 1.86802); 1768 (4.56398, 1.3462); 2154 (2.75741, 2.65555); 2227 (3.61607, 2.36104); ]
    16 (8.29893, 5.83864) -> [ 70 (8.41334, 4.51004); 91 (5.06319, 0.578277); 102 (12.8794, 1.51998); 243 (11.1008, 2.43449); 289 (8.65063, 4.1704); 307 (10.6037, 3.73958); 584 (9.0687, 3.50671); 607 (9.20517, 3.01733); 745 (10.3455, 4.00627); 940 (8.49078, 4.29286); 950 (10.1588, 4.15105); 963 (9.65334, 3.69904); 1767 (9.63105, 4.83114); 1877 (8.29617, 4.87954); 1993 (9.1572, 4.53204); ]
    17 (13.3548, 6.52593) -> [ 78 (20.0082, 8.81786); 96 (19.2085, 6.98472); 101 (17.7483, 4.32071); 139 (16.0236, 3.30808); 248 (17.3102, 4.83931); 285 (15.4556, 3.00761); 292 (16.733, 4.39437); 377 (16.5855, 7.78477); 388 (14.479, 8.22321); 541 (15.4065, 5.05337); 744 (15.6121, 5.74926); 920 (15.1579, 5.39892); 1005 (15.6238, 5.76133); 1118 (14.9319, 5.50873); 1563 (15.2741, 7.21406); 2200 (14.8399, 5.1864); 2269 (14.4296, 4.83932); ]
    18 (9.01506, 15.1352) -> [ 49 (12.0773, 19.6463); 118 (10.2211, 20.9026); 136 (6.82733, 19.5905); 680 (10.3391, 16.1332); ]
    19 (8.86472, 11.8203) -> [ 1636 (10.5061, 12.7888); 1637 (8.88885, 11.8466); 2063 (10.3643, 12.7058); ]
    20 (10.8081, 16.0212) -> [ 134 (8.22139, 20.8661); 215 (10.3622, 20.6751); 648 (9.7515, 18.7706); 932 (10.5234, 18.5244); ]
    21 (4.52953, 14.2461) -> [ 50 (0.29634, 21.0809); 176 (-0.0529274, 16.1249); 551 (2.57684, 16.7675); 1588 (2.8829, 15.3654); 1798 (2.62859, 14.8677); ]
    22 (1.62626, 8.7728) -> [ 1558 (0.44196, 8.38709); 2040 (0.482734, 9.0369); ]
    23 (4.68044, 16.2404) -> [ 113 (0.39109, 19.0831); 319 (1.76805, 18.9771); 425 (1.55244, 17.3177); 438 (1.48421, 17.295); 2247 (3.31575, 16.6232); 2491 (3.05854, 16.3579); ]
    24 (12.7836, 15.7092) -> [ 92 (14.158, 17.2408); 150 (12.7735, 15.7074); 151 (14.129, 18.7439); 152 (12.9762, 15.8211); 175 (15.4693, 19.6458); 321 (13.9565, 18.0263); 326 (13.9565, 18.0259); 330 (14.1061, 17.3558); 332 (14.3527, 17.9664); 418 (13.9878, 17.7036); 718 (14.1295, 17.2427); 823 (14.1592, 17.722); 885 (12.8352, 16.4034); 1073 (14.0015, 17.6881); 1269 (12.7641, 16.3528); 1841 (12.758, 15.787); ]
    25 (15.0894, 5.53043) -> [ 868 (17.0186, 3.7571); ]
    26 (12.4363, 17.6788) -> [ 421 (13.4817, 19.4238); 426 (13.5572, 19.8014); 440 (13.6669, 19.2705); 1244 (12.7957, 18.2068); ]
    27 (13.8838, 14.0389) -> [ 401 (15.8499, 16.6404); 573 (15.3604, 15.3878); ]
    28 (16.8964, 6.38769) -> [ 317 (19.6429, 3.68016); ]
    30 (10.3501, 10.4811) -> [ 35 (16.9763, 16.4731); 39 (16.1316, 16.9166); 402 (12.4851, 12.6093); 602 (11.0859, 11.518); 619 (11.9213, 12.7765); 850 (11.0718, 11.266); 1233 (11.4689, 11.474); 2088 (10.6899, 12.0813); 2391 (10.8744, 11.3185); 2434 (11.4041, 11.5144); ]
    31 (15.6511, 14.9752) -> [ 98 (19.0929, 18.0739); 108 (18.7889, 17.3463); 114 (19.2161, 17.9862); 197 (16.5532, 15.6923); 327 (18.6308, 17.417); 473 (16.3995, 15.5062); 487 (16.914, 15.9973); 830 (16.559, 15.7357); 987 (16.2833, 15.4748); 1266 (16.6037, 15.7702); 1341 (16.4069, 15.5423); 1689 (17.0511, 16.1904); ]
    32 (7.03781, 15.436) -> [ 217 (6.20997, 19.9245); 375 (4.93136, 18.1165); 482 (5.41018, 18.0914); 674 (4.65725, 16.6621); 841 (5.18377, 17.0511); 977 (6.05997, 17.7436); ]
    33 (3.28199, 17.6702) -> [ 222 (4.07617, 21.7901); 354 (2.0673, 19.4531); 386 (0.67647, 17.8225); 431 (3.87865, 19.8361); 478 (2.29648, 19.1669); 542 (1.41934, 18.3985); 581 (2.02428, 19.6247); 585 (0.748241, 17.6851); 597 (1.33424, 18.1243); 624 (4.45799, 19.9236); 720 (2.3335, 19.5596); 739 (4.01612, 19.1109); 767 (2.38486, 18.9253); 801 (1.6047, 17.985); 810 (1.38733, 16.6839); 829 (4.00519, 19.9193); 882 (1.54503, 17.553); 1054 (1.73981, 16.8669); 1059 (4.827, 19.1387); 1143 (2.65143, 18.1928); 1171 (2.74546, 18.5957); 1185 (4.21649, 19.4381); 1211 (4.71566, 19.2244); 1221 (2.99661, 19.1884); 1367 (2.27183, 19.316); 1591 (4.74541, 18.5814); 1755 (2.72777, 18.7075); 1820 (2.38876, 18.4238); 1822 (4.1369, 18.1721); 2132 (2.80144, 17.7361); 2140 (3.08036, 17.4838); 2298 (2.80968, 18.6184); 2331 (2.71941, 17.5882); ]
    34 (6.36752, 11.1791) -> [ 42 (1.28279, 17.6134); 52 (0.752174, 15.6851); 95 (0.918979, 13.2095); ]
    35 (16.9763, 16.4731) -> [ 253 (21.0077, 17.0973); 743 (18.9006, 17.5763); 896 (18.115, 17.9222); 1467 (17.2862, 17.216); 1616 (18.17, 17.8899); ]
    36 (6.68377, 2.97662) -> [ 194 (4.57235, -0.905871); 432 (3.60216, 1.47624); 775 (4.49506, 1.41474); 956 (5.62135, 0.745973); 973 (6.68095, 0.888618); 1042 (6.37769, 1.36346); 1094 (5.60206, 1.49602); 1453 (6.63849, 1.69451); 1573 (5.28033, 1.67452); ]
    38 (0.471607, 0.660038) -> [ 1368 (1.73905, -0.569579); 1451 (-0.000826321, -1.3809); 2001 (1.36463, -0.696297); 2309 (1.3271, -0.158238); ]
    39 (16.1316, 16.9166) -> [ 100 (20.3135, 19.6582); 204 (16.3226, 21.4546); 296 (17.4506, 19.3729); 358 (19.4731, 18.4936); 454 (16.7918, 17.678); 519 (17.8921, 19.2756); 577 (17.688, 19.1174); 860 (16.9122, 17.9475); 1340 (16.91, 17.7697); 1491 (16.7361, 17.5016); 1577 (17.0136, 17.8118); 1676 (16.974, 18.4731); 1760 (16.9653, 18.5342); 1862 (16.4024, 17.6158); 2213 (16.7367, 18.4402); ]
    40 (16.5001, 8.81458) -> [ ]
    41 (6.45412, 4.10821) -> [ 970 (4.50889, 2.49993); ]
    42 (1.28279, 17.6134) -> [ 472 (-1.60454, 19.2152); 1169 (-0.231458, 19.0214); 1273 (0.125967, 18.2581); 1445 (0.716119, 18.8528); 1521 (1.98481, 19.5197); 1672 (-0.55661, 18.3987); 1925 (-0.716503, 17.6664); 1943 (0.475022, 18.2429); 1977 (1.37699, 19.2879); 2285 (0.781653, 19.156); 2360 (0.87211, 17.8162); 2458 (0.939435, 17.5723); ]
    43 (7.72716, 1.27036) -> [ 806 (7.25785, -0.741462); 1600 (8.00772, -0.60895); 1882 (8.7072, 0.187746); 2267 (6.50228, -0.310667); 2279 (6.70787, 0.135898); ]
    44 (14.6081, 8.08451) -> [ 89 (19.6998, 9.2383); 177 (18.6373, 5.06802); 241 (18.6682, 7.28141); ]
    45 (18.9414, 16.1009) -> [ 373 (20.7796, 18.2617); 978 (20.1799, 17.3796); 1111 (20.8892, 15.3058); 1227 (20.6684, 17.044); 1288 (20.7152, 16.7353); 1397 (19.9714, 15.9329); 1404 (19.5173, 14.8442); 1426 (18.8253, 17.8362); 1443 (20.022, 16.2337); 1473 (19.2853, 17.7813); 1522 (19.4082, 18.0457); 2102 (19.623, 17.105); 2319 (18.7958, 17.2974); ]
    46 (1.62308, 19.5843) -> [ 774 (1.56919, 21.5835); 1022 (0.278377, 21.0799); 1056 (0.353126, 21.1293); 1200 (-0.422531, 19.2068); 1382 (-0.0784641, 19.54); 1383 (-0.0315547, 20.7077); 1421 (-0.380901, 19.153); 1691 (1.84755, 20.079); 1804 (1.93249, 20.5597); 1927 (-0.00910067, 19.606); 1971 (0.3633, 21.1376); 2202 (1.3495, 21.0737); 2225 (1.76971, 19.8386); 2258 (1.58235, 20.6896); 2305 (1.64307, 20.6608); 2340 (0.1374, 20.1351); 2357 (0.837663, 21.0639); ]
    47 (1.33023, 4.34306) -> [ 1190 (0.274603, 3.93148); 1809 (0.61301, 4.03665); 2060 (0.00782479, 4.31433); 2374 (0.949967, 3.51179); 2459 (0.704474, 4.71186); 2479 (1.18828, 2.862); ]
    48 (17.0894, 13.5854) -> [ 57 (20.7501, 16.9544); 111 (20.8404, 16.2626); ]
    51 (2.77714, 15.626) -> [ 1217 (0.797009, 16.539); 1945 (1.53955, 16.8433); ]
    52 (0.752174, 15.6851) -> [ 715 (-0.302909, 17.3842); 1248 (0.739085, 17.6072); 1528 (-0.877146, 14.41); 1666 (0.250754, 16.7074); 1696 (-0.829278, 14.4608); 1913 (-0.284037, 16.3134); 1915 (0.916935, 16.7544); 2037 (0.622653, 16.2286); 2260 (-0.0303241, 16.0314); 2375 (1.28814, 17.0384); 2467 (0.925304, 16.7064); ]
    53 (19.4553, 6.25546) -> [ 884 (21.2689, 5.32555); ]
    54 (14.7379, 7.4993) -> [ 209 (16.239, 8.94766); 281 (17.0804, 9.54268); 574 (15.8009, 8.32773); 679 (16.4181, 8.20621); 734 (17.2227, 8.38083); 815 (16.5994, 5.7773); 951 (15.3185, 8.20073); 1093 (16.4964, 8.8652); 1219 (16.653, 8.67091); 1375 (16.5356, 6.46757); 1545 (16.4694, 8.32052); 1589 (14.8771, 7.61671); 2130 (15.9519, 8.41709); 2148 (16.2678, 6.89896); 2179 (15.9725, 6.7177); 2457 (15.5799, 8.08619); 2471 (16.0788, 7.78921); ]
    55 (6.37805, 2.08531) -> [ 468 (4.34108, -0.382248); 704 (5.02045, 0.0661249); 1210 (4.69808, 1.19101); 1226 (5.59238, 0.246093); 1457 (6.71559, 0.608276); 1513 (5.31125, 0.492525); 1826 (5.30944, 0.557131); ]
    56 (14.3964, 8.23327) -> [ 66 (20.0437, 4.34399); ]
    57 (20.7501, 16.9544) -> [ 2119 (21.4048, 18.1639); ]
    58 (12.3158, 10.8498) -> [ 48 (17.0894, 13.5854); 93 (17.037, 13.5332); 189 (15.6912, 12.3304); 237 (15.915, 12.9927); 448 (12.9309, 11.2387); 530 (13.643, 11.6154); 616 (12.9578, 11.1395); 802 (12.6117, 10.8995); 939 (12.9274, 10.7377); 1090 (12.9731, 10.9866); 1104 (12.7286, 11.2009); 1174 (13.0145, 10.9884); 1447 (12.4916, 11.0679); 1728 (12.7425, 10.6793); 1816 (12.8708, 11.2442); 1905 (13.3582, 11.0731); 2492 (13.5652, 11.8264); ]
    59 (5.14003, 14.8048) -> [ 60 (1.62416, 21.5843); 147 (1.5236, 17.5303); 186 (2.40798, 18.4039); 1520 (4.28646, 16.3964); 1749 (4.67041, 16.2706); 2171 (3.95541, 15.6944); ]
    60 (1.62416, 21.5843) -> [ 2490 (2.17116, 22.0054); ]
    61 (8.16987, 16.9479) -> [ 1384 (8.56122, 18.4237); 1418 (8.5496, 18.5126); 1439 (7.68738, 18.7509); 1610 (7.38437, 18.5524); 1775 (7.09612, 17.6367); 1844 (6.72094, 17.5924); 2282 (7.35764, 18.3127); 2324 (8.92301, 18.4135); ]
    62 (7.82616, 9.81071) -> [ 2096 (8.1161, 10.6635); 2189 (8.12221, 10.8641); ]
    63 (5.03988, 18.2078) -> [ 413 (3.93385, 21.4825); 1352 (4.94236, 20.3174); 1389 (5.06372, 20.349); 1557 (3.79889, 19.841); 1797 (4.24415, 19.5563); 2463 (4.03676, 19.309); ]
    64 (3.10045, 3.4123) -> [ 1965 (2.08625, 2.0886); ]
    65 (10.1784, 8.48849) -> [ 162 (13.1958, 9.25628); 1128 (12.2324, 9.39572); 1274 (11.5898, 8.60088); 1641 (11.4454, 8.41376); 2010 (11.3421, 9.89085); ]
    66 (20.0437, 4.34399) -> [ 463 (21.2721, 2.09509); 523 (21.1551, 2.37118); 1032 (21.9029, 5.3185); 1232 (19.8636, 2.81678); 1307 (20.7157, 2.41708); 1353 (20.0919, 2.27785); 1369 (20.3311, 3.34611); 1460 (19.5139, 3.10477); 1908 (20.8756, 4.41067); 1909 (21.659, 3.16469); 1916 (19.3932, 2.99086); 2380 (21.6446, 4.15034); ]
    67 (11.7167, 7.67337) -> [ 971 (13.6326, 7.96756); 1010 (13.7951, 8.24222); 1351 (12.7913, 8.06391); 1765 (13.1297, 8.57564); 1894 (13.2334, 8.41717); 1911 (13.052, 7.99964); 1934 (12.7234, 7.73056); 2110 (13.2635, 7.98974); 2195 (12.304, 8.33174); 2346 (12.232, 7.89907); ]
    68 (8.82374, 11.5442) -> [ 26 (12.4363, 17.6788); 75 (10.8453, 16.2021); 166 (10.5275, 13.8266); 353 (10.7116, 14.4469); 417 (9.2426, 12.294); 424 (9.22885, 12.451); 525 (10.3991, 13.6327); 610 (10.2445, 13.6632); 727 (9.82195, 13.4328); 2097 (10.0204, 12.7379); 2107 (9.33679, 12.5924); 2349 (9.41036, 12.4295); ]
    69 (6.90187, 13.8582) -> [ 85 (3.8356, 19.8046); 103 (6.90581, 19.5247); 112 (8.80243, 18.89); 164 (9.38372, 17.8542); ]
    70 (8.41334, 4.51004) -> [ 154 (6.6878, 0.109441); ]
    71 (15.853, 3.68195) -> [ 179 (19.315, 0.483384); 309 (18.2428, 2.17165); 404 (18.1274, 2.09261); 420 (17.3401, 0.798836); 719 (18.5308, 3.07085); 904 (17.3945, 1.85182); 1082 (16.7875, 1.9174); 1098 (17.6998, 3.60816); 1240 (16.926, 2.49756); 1247 (17.6914, 3.65801); 1829 (16.1995, 2.46685); 1888 (15.8708, 2.05413); 2152 (17.3325, 2.79882); 2169 (15.878, 2.66584); 2190 (16.8125, 3.33902); ]
    73 (9.68822, 0.877601) -> [ 936 (11.4729, -0.607179); 1231 (10.0318, -0.561859); 1623 (8.87349, -0.92384); 1799 (9.53537, -0.787619); 2077 (10.0999, 0.0370103); 2187 (10.6622, -0.00586571); 2355 (10.9187, 0.416511); ]
    74 (6.27246, 16.6327) -> [ 398 (4.04503, 19.1555); 1365 (5.06845, 18.0632); 1985 (5.62757, 18.1614); 2425 (5.28665, 17.6127); ]
    75 (10.8453, 16.2021) -> [ 224 (12.1762, 19.7257); 480 (9.23023, 19.1392); 1026 (10.9774, 18.66); ]
    77 (20.04, 14.4297) -> [ 1015 (22.4903, 14.5809); 1381 (21.2275, 14.1268); 1464 (21.6439, 13.4537); 1476 (21.3067, 15.7376); 1842 (20.8221, 14.3704); 2454 (21.3736, 15.2337); ]
    79 (11.0488, 3.25752) -> [ 299 (14.5339, 1.23263); 471 (13.8885, 1.6567); 505 (12.8532, 0.75173); 2395 (10.7663, 1.7702); ]
    80 (13.3406, 12.1141) -> [ 45 (18.9414, 16.1009); 129 (14.9442, 13.3092); 159 (15.0373, 13.4999); 282 (15.0388, 13.4498); 897 (15.1254, 13.3499); 1108 (14.6571, 13.3884); 1164 (13.9209, 12.6992); 1335 (14.1197, 12.7639); ]
    81 (11.3924, 12.5663) -> [ 120 (12.2408, 13.7842); 198 (14.5738, 15.9787); 429 (12.9446, 14.4774); 918 (11.1261, 13.0839); 1072 (11.5906, 12.8352); 1324 (11.9224, 12.9563); 1612 (12.2253, 12.6112); 1747 (11.9833, 12.3547); 1776 (12.0317, 12.6979); 1903 (11.9543, 13.2248); 1921 (11.9769, 13.1844); 2045 (12.3815, 13.45); 2050 (11.2934, 13.3489); 2156 (11.774, 12.9975); 2413 (11.2729, 13.2785); ]
    82 (3.41588, 10.1908) -> [ 368 (0.252642, 10.0229); ]
    83 (16.5751, 6.86935) -> [ 141 (21.4441, 6.04473); ]
    84 (5.99936, 12.9988) -> [ 255 (2.41559, 14.5362); 509 (5.12065, 16.0796); ]
    85 (3.8356, 19.8046) -> [ 554 (3.28135, 21.0425); 645 (3.73992, 21.1321); 1306 (2.0123, 20.7065); 1376 (4.23901, 21.4379); 1415 (4.11855, 20.4616); 1423 (3.97782, 21.0763); 1552 (4.0113, 20.643); 1567 (2.55754, 20.0431); 1753 (2.176, 19.8483); 2049 (4.14216, 19.9373); 2235 (4.73089, 20.0819); 2381 (2.28952, 19.9799); ]
    88 (0.500868, 10.4261) -> [ 1277 (-0.702137, 11.2164); 1584 (-1.01165, 11.7347); 2144 (0.0148446, 11.2562); 2245 (-0.403672, 11.0807); 2261 (-0.143163, 11.2282); 2378 (-0.555489, 10.9684); ]
    90 (5.58168, 18.0258) -> [ 858 (5.64931, 20.1127); 1113 (6.2932, 20.2099); 1149 (5.29162, 19.6734); 1570 (5.09212, 19.7981); ]
    93 (17.037, 13.5332) -> [ 955 (18.9294, 14.3014); 1613 (18.0135, 14.0902); ]
    94 (8.54487, 8.56701) -> [ 80 (13.3406, 12.1141); 279 (11.9609, 10.6488); 508 (10.215, 9.90866); 1659 (9.78307, 9.73657); ]
    95 (0.918979, 13.2095) -> [ 769 (0.895815, 15.6906); 797 (0.533673, 15.8276); 1289 (0.649164, 14.5444); 1714 (-0.136107, 13.2059); 1806 (-0.201796, 13.9677); 1937 (-0.335679, 14.767); 2199 (-0.574647, 13.9911); 2368 (-0.426865, 12.2565); 2390 (0.491055, 13.0495); ]
    96 (19.2085, 6.98472) -> [ 1874 (20.7153, 5.92136); ]
    97 (13.5458, 3.4057) -> [ 104 (19.3101, 2.48338); 180 (17.9725, 0.996524); 1548 (14.7976, 1.83709); 2421 (14.6069, 2.11761); 2439 (14.4023, 1.96644); ]
    98 (19.0929, 18.0739) -> [ 491 (19.0968, 21.2455); 1205 (19.1204, 20.0801); 1261 (20.5129, 19.3517); 1449 (19.3175, 20.061); 1553 (20.0975, 19.3779); 2351 (18.9698, 19.1131); ]
    99 (11.0831, 6.54538) -> [ 1472 (11.5141, 6.4084); 2116 (11.7643, 6.46939); ]
    100 (20.3135, 19.6582) -> [ 840 (19.0207, 21.7244); 1317 (21.4753, 21.2862); 1627 (21.2882, 19.72); 2389 (21.2731, 20.1082); ]
    101 (17.7483, 4.32071) -> [ 230 (21.1131, 1.6177); 2476 (18.3811, 2.88482); ]
    102 (12.8794, 1.51998) -> [ 566 (13.5696, -0.543151); 2085 (13.0474, -0.157859); 2141 (13.666, 0.128); 2215 (12.6029, 0.477425); 2356 (12.8998, 1.09519); 2464 (12.9943, 0.232783); ]
    103 (6.90581, 19.5247) -> [ 1249 (5.92167, 20.4913); 2341 (6.45178, 20.0811); 2451 (6.33822, 20.1043); ]
    104 (19.3101, 2.48338) -> [ 512 (20.4388, 0.832278); 672 (20.959, 1.10721); 691 (20.7761, 1.12284); 786 (19.8444, 0.556071); 958 (20.912, 0.711136); 1078 (20.0685, 0.934595); 1398 (19.5281, 0.807822); 1523 (19.7723, 1.68435); 1579 (20.23, 1.19768); 1744 (20.1061, 1.04956); 1805 (19.7382, 2.28827); 2221 (20.4005, 2.30261); ]
    106 (12.1593, 17.1676) -> [ ]
    109 (6.84403, 7.50979) -> [ 22 (1.62626, 8.7728); 125 (2.25196, 9.97065); 200 (4.80955, 6.63246); ]
    110 (14.8162, 1.02087) -> [ 560 (17.4294, 0.444906); 1373 (16.4216, 1.04857); 1450 (15.6127, -0.16168); 1686 (16.6197, 0.546428); 2072 (15.3321, -0.496612); ]
    111 (20.8404, 16.2626) -> [ 1645 (22.4005, 15.8246); 1893 (21.4922, 17.9444); 2194 (22.0754, 15.9121); ]
    113 (0.39109, 19.0831) -> [ 2304 (-0.186624, 20.2542); ]
    115 (11.8295, 10.8039) -> [ 449 (13.9198, 12.8547); 1045 (12.0355, 10.8853); 1731 (13.1225, 12.1232); 1834 (12.5515, 11.3503); 1860 (12.4561, 10.6096); 1997 (12.9805, 11.8692); 2080 (12.0043, 10.7869); 2114 (12.2492, 12.3695); ]
    118 (10.2211, 20.9026) -> [ 2039 (10.144, 22.7207); ]
    119 (17.1844, 18.617) -> [ ]
    120 (12.2408, 13.7842) -> [ 483 (14.2869, 15.3538); ]
    122 (19.2988, 12.5722) -> [ 314 (19.7735, 12.7535); 1117 (20.5704, 13.3235); 1123 (20.9212, 12.6131); 1377 (20.3413, 13.8869); ]
    123 (3.18698, 8.20396) -> [ 132 (-0.16811, 3.68548); 400 (-0.343761, 9.1178); 749 (0.633908, 7.37304); 1559 (1.76951, 7.00454); 1762 (2.31968, 9.56758); ]
    124 (15.4639, 7.10396) -> [ 854 (16.7564, 4.87759); 2054 (16.5658, 5.73049); ]
    125 (2.25196, 9.97065) -> [ 195 (-1.04001, 13.6124); 1004 (1.20571, 11.8165); 1038 (0.490673, 8.75843); 1103 (0.973847, 9.43942); 1262 (1.37176, 11.798); 1263 (1.51109, 11.7933); 1454 (1.21879, 10.6374); 1732 (0.648074, 9.37299); 1795 (0.585684, 9.25463); 1831 (1.80971, 9.82723); 1970 (1.08327, 10.0827); 1989 (0.708843, 9.41873); 2020 (0.837491, 9.43321); 2083 (1.35163, 10.1144); 2095 (1.15269, 11.0854); 2122 (1.62645, 10.6724); 2145 (2.84412, 10.6365); 2211 (2.77824, 10.2406); 2408 (1.93155, 11.2695); 2414 (1.08248, 9.25165); ]
    127 (8.67962, 2.84792) -> [ 280 (10.1721, -1.06299); ]
    128 (3.33203, 13.7666) -> [ 126 (-0.698989, 17.8828); 1069 (1.0711, 14.294); 1483 (1.88653, 15.0051); 1581 (2.04044, 15.1444); 1890 (2.21565, 15.2835); 1948 (2.4466, 15.4081); 2018 (1.33203, 13.769); 2432 (2.42316, 14.8335); 2453 (2.29826, 14.4164); ]
    129 (14.9442, 13.3092) -> [ 538 (17.3056, 14.9502); ]
    130 (13.6436, -0.328257) -> [ 1982 (14.0626, -1.15331); 2270 (12.8787, -1.53247); ]
    132 (-0.16811, 3.68548) -> [ 1203 (-1.64545, 3.18154); ]
    134 (8.22139, 20.8661) -> [ 495 (5.78079, 21.8779); 1055 (8.32113, 22.0688); 1496 (8.54377, 22.0881); 1815 (9.13745, 22.2014); 1880 (6.46001, 20.33); 1984 (7.64856, 21.9385); ]
    135 (3.57235, 3.7261) -> [ 1507 (2.18286, 2.21583); ]
    138 (3.60385, 6.24789) -> [ ]
    139 (16.0236, 3.30808) -> [ 193 (19.963, 0.801527); ]
    140 (5.82466, 0.653523) -> [ 893 (4.86862, -0.243348); 1102 (4.9954, -0.555355); 1257 (4.73753, -0.170249); 1524 (7.29053, -0.810449); 2359 (5.17549, -0.255744); 2376 (4.78178, 0.0980131); ]
    142 (2.27804, 13.9476) -> [ 1705 (0.893676, 15.3911); 2005 (1.39724, 15.1524); 2335 (1.9804, 15.1155); 2388 (2.12587, 15.0443); ]
    143 (8.8763, 13.5395) -> [ 881 (9.33426, 14.5141); ]
    144 (18.4438, 13.2248) -> [ 469 (20.6866, 15.4448); ]
    145 (8.18909, 8.69548) -> [ 731 (9.74316, 10.4632); ]
    148 (14.0936, 2.78362) -> [ 229 (16.5544, -0.413776); 294 (17.7062, 1.22127); 428 (17.1132, 1.63096); 612 (16.7434, 1.96067); 856 (16.4986, 2.19381); 992 (15.9173, 2.11567); 1206 (14.7208, 0.900404); 1780 (15.3389, 1.95754); 1782 (15.8965, 2.74313); 1876 (15.8051, 2.56826); 2350 (14.0944, 1.16246); ]
    151 (14.129, 18.7439) -> [ 2272 (14.3191, 20.3829); ]
    152 (12.9762, 15.8211) -> [ 603 (14.3573, 18.3913); ]
    154 (6.6878, 0.109441) -> [ 1564 (5.4903, -1.49243); ]
    155 (7.82117, 6.72961) -> [ 76 (7.86077, 1.35962); 127 (8.67962, 2.84792); 135 (3.57235, 3.7261); 172 (9.18796, 2.66614); 181 (8.23126, 2.83739); 228 (7.92404, 3.46172); 251 (8.68154, 3.0709); 323 (8.32676, 4.11705); 476 (7.71705, 3.92516); 496 (8.23978, 3.58761); 924 (7.58708, 6.33138); 1028 (8.35193, 4.42924); 1136 (7.01128, 5.9363); 1853 (7.34432, 5.01148); 2134 (7.35068, 5.41028); ]
    156 (4.95388, 5.43081) -> [ 544 (4.00922, 2.41455); 742 (3.04314, 3.42718); ]
    157 (14.6639, 10.6144) -> [ 122 (19.2988, 12.5722); 240 (17.1319, 11.542); 657 (15.7036, 10.9934); 808 (16.555, 11.4724); 864 (16.9178, 11.8311); 2094 (16.0124, 11.2831); 2308 (15.2868, 10.8745); ]
    158 (11.6027, 7.49041) -> [ 891 (12.7397, 7.58487); 1328 (11.671, 7.45635); 1347 (11.8032, 7.38458); 1739 (12.0793, 7.57552); 1885 (13.1191, 7.60175); ]
    159 (15.0373, 13.4999) -> [ 174 (17.5108, 15.7111); 244 (17.5454, 15.8644); 1260 (16.0157, 14.3213); ]
    160 (1.89524, 11.8599) -> [ 2093 (0.313397, 11.0597); 2321 (0.542364, 10.947); ]
    161 (2.19232, 11.9698) -> [ 257 (-0.434884, 14.6815); 579 (-0.452269, 13.5343); 849 (-0.0827351, 12.1559); 1556 (0.813353, 12.5512); 2320 (1.26179, 13.0798); ]
    162 (13.1958, 9.25628) -> [ 593 (15.4852, 9.98564); 926 (14.5529, 9.33739); 1199 (15.4468, 9.30062); 1505 (14.6226, 10.0757); 1648 (14.9965, 9.84117); 2153 (13.2817, 9.403); 2325 (14.1623, 9.25261); ]
    163 (21.7442, 7.82469) -> [ 2058 (22.4536, 6.91043); ]
    164 (9.38372, 17.8542) -> [ ]
    165 (3.56269, 8.19622) -> [ 485 (0.574289, 7.30539); 557 (1.46119, 5.84789); ]
    166 (10.5275, 13.8266) -> [ ]
    168 (8.27992, 10.5936) -> [ 1422 (9.63588, 11.823); 2000 (9.50721, 11.9041); ]
    169 (8.40788, 6.57171) -> [ 1327 (10.0833, 5.61062); 2062 (8.71631, 6.5452); ]
    170 (2.49333, 8.6539) -> [ 794 (0.136583, 7.43831); 981 (0.294356, 7.55839); ]
    171 (17.8563, 11.7087) -> [ 133 (20.8812, 12.6153); 183 (22.0397, 14.4671); 356 (20.2434, 12.8015); ]
    172 (9.18796, 2.66614) -> [ 1697 (9.78428, 0.757108); ]
    173 (12.3081, 17.7063) -> [ 497 (13.4522, 20.125); ]
    174 (17.5108, 15.7111) -> [ 293 (20.2884, 16.2979); 510 (18.4407, 16.5462); 1356 (17.8895, 16.0062); 2104 (18.5535, 16.5967); ]
    175 (15.4693, 19.6458) -> [ ]
    176 (-0.0529274, 16.1249) -> [ 1721 (-1.18024, 17.0449); ]
    177 (18.6373, 5.06802) -> [ 805 (20.5122, 3.47422); ]
    178 (10.5056, 10.4619) -> [ 276 (11.3077, 11.0583); 335 (12.9617, 12.5277); 1040 (11.6837, 10.9989); 1582 (11.0845, 10.96); 1673 (11.0305, 11.0073); 1881 (11.6493, 10.4932); ]
    179 (19.315, 0.483384) -> [ 811 (21.1078, -0.403094); 1530 (19.3474, -1.38118); 1680 (19.59, -0.30732); 2007 (20.1428, 0.709234); 2118 (19.5777, -0.778692); ]
    180 (17.9725, 0.996524) -> [ 692 (18.648, -1.14096); 935 (18.2455, -0.984753); 1145 (18.9053, -0.772645); 1813 (19.7309, 0.0436831); 2036 (18.72, -0.353069); 2236 (18.7146, 0.361282); ]
    182 (4.45778, 14.5418) -> [ 2008 (2.74379, 15.1236); 2166 (3.3703, 15.6572); ]
    183 (22.0397, 14.4671) -> [ 2232 (22.436, 14.6826); ]
    184 (15.4244, 10.5007) -> [ ]
    185 (7.34385, 5.37572) -> [ 140 (5.82466, 0.653523); 258 (6.63397, 2.08446); 286 (4.70822, 2.66479); 311 (6.76459, 2.08752); 493 (8.65992, 2.72605); 494 (7.86941, 2.49721); 750 (8.08563, 2.68437); 838 (6.66612, 2.94805); ]
    187 (3.27699, 11.1897) -> [ 405 (0.671063, 13.6868); 416 (-0.288156, 10.92); 1313 (1.45538, 12.1906); 1951 (1.51817, 11.7786); ]
    188 (13.3772, 18.1264) -> [ ]
    189 (15.6912, 12.3304) -> [ 77 (20.04, 14.4297); 304 (18.4218, 13.6272); 609 (16.5598, 12.5537); 873 (17.9103, 13.3716); 1146 (16.6004, 12.7811); ]
    190 (9.63732, 14.3726) -> [ 1879 (10.0972, 15.4714); 2466 (10.0442, 15.0786); ]
    191 (7.9507, 17.2155) -> [ 2127 (7.35944, 18.6331); 2344 (6.85548, 18.1992); 2398 (7.36866, 18.5243); ]
    192 (5.32912, 6.24169) -> [ 131 (1.08376, 4.41116); 297 (2.60669, 4.60646); 308 (3.079, 3.42455); ]
    193 (19.963, 0.801527) -> [ 2079 (20.9087, 1.43133); ]
    194 (4.57235, -0.905871) -> [ 1463 (2.67095, -1.31756); ]
    195 (-1.04001, 13.6124) -> [ 2101 (-0.983775, 14.5248); ]
    196 (6.16098, 6.98842) -> [ 2 (2.8124, 3.84411); 7 (1.79466, 6.77991); 12 (1.58632, 6.32659); 15 (4.69234, 3.16158); 55 (6.37805, 2.08531); 64 (3.10045, 3.4123); 138 (3.60385, 6.24789); 231 (3.89826, 4.99719); 233 (2.07013, 7.53153); 247 (5.00298, 3.53761); 267 (2.95423, 5.3932); 302 (5.26349, 3.53563); 406 (3.37266, 6.19411); 407 (3.64467, 5.0056); 457 (4.97348, 4.01341); 601 (4.28397, 6.33081); 694 (4.42187, 5.76526); 708 (3.72798, 6.20306); 712 (3.53124, 6.19647); 957 (4.84398, 5.98514); 1814 (4.79607, 5.87713); ]
    198 (14.5738, 15.9787) -> [ 119 (17.1844, 18.617); 208 (16.7337, 19.962); 220 (16.7773, 19.943); 470 (15.7662, 16.9718); 683 (16.6441, 18.0272); 1298 (15.3791, 16.6721); 1393 (15.1842, 16.6602); 1839 (15.3049, 16.9429); ]
    200 (4.80955, 6.63246) -> [ 965 (2.45712, 5.99537); 1030 (4.27748, 4.39648); 1394 (3.62861, 5.00016); 1431 (3.39022, 6.37592); 1604 (3.76908, 5.91467); 1665 (2.88506, 6.85681); 1757 (3.21592, 6.22651); 1861 (4.21991, 4.97719); 2234 (3.45336, 5.67108); 2437 (3.46155, 6.0594); ]
    202 (8.61857, 15.5228) -> [ 137 (10.7564, 19.3165); 225 (10.9603, 19.0848); 264 (8.74033, 19.5048); 324 (8.53034, 18.3581); 343 (10.3469, 18.6752); 367 (7.57491, 18.1903); 383 (8.13734, 18.8679); 640 (6.80675, 17.6585); 910 (9.77656, 17.0606); 1255 (8.80288, 17.5343); 1597 (9.52191, 16.5053); 1819 (9.19482, 15.9553); ]
    204 (16.3226, 21.4546) -> [ 2345 (17.3495, 21.7436); ]
    205 (11.2166, 8.90015) -> [ 184 (15.4244, 10.5007); 239 (12.0622, 9.20607); 351 (14.6795, 10.2131); 677 (12.6984, 10.2448); 832 (13.3553, 10.4595); 1287 (12.7636, 9.01534); 1350 (11.9349, 10.3529); 1452 (12.5156, 8.69055); 1628 (12.9717, 8.73821); 1758 (12.2002, 10.152); 1781 (12.5552, 9.24141); 1789 (12.7588, 9.82147); 2198 (11.826, 9.55942); 2312 (12.1159, 8.43823); 2475 (11.8894, 8.64999); ]
    206 (6.59841, 16.3035) -> [ 312 (5.27939, 20.0028); 458 (4.00157, 18.1216); 1489 (5.99157, 17.767); ]
    207 (15.7671, 1.68842) -> [ 266 (18.8207, -0.840182); 347 (18.2756, -1.22528); 729 (18.4108, 1.07446); 1462 (17.8767, 1.86495); 1800 (17.665, 1.34602); ]
    208 (16.7337, 19.962) -> [ 2015 (17.245, 21.2661); ]
    211 (6.80725, 5.37255) -> [ 465 (5.51645, 2.34164); ]
    214 (12.8162, 1.02169) -> [ 1036 (13.1472, -1.08268); 1811 (12.847, -0.736354); ]
    215 (10.3622, 20.6751) -> [ 1743 (8.50412, 21.4151); 1855 (9.72718, 22.4416); 2061 (10.3283, 21.9211); 2447 (9.90518, 21.0732); ]
    216 (8.25819, 8.68128) -> [ 1492 (9.70223, 9.86567); 2311 (8.69834, 9.15267); ]
    217 (6.20997, 19.9245) -> [ 1023 (5.12076, 22.0604); ]
    219 (16.9874, 13.9437) -> [ 2123 (17.8815, 14.5483); ]
    221 (12.2579, 3.42096) -> [ 238 (16.3027, 2.09735); 412 (12.892, 0.0907114); 435 (14.2649, 1.40071); 611 (13.8123, 0.803489); 725 (14.1006, 1.61883); 1088 (12.8923, 1.55098); 1237 (14.2751, 2.45307); 1688 (12.9796, 1.74905); 1938 (12.7554, 1.95725); ]
    223 (3.03592, 8.16556) -> [ 946 (0.837148, 6.93506); ]
    224 (12.1762, 19.7257) -> [ 2446 (12.3221, 20.4918); ]
    226 (5.19693, 16.4717) -> [ 301 (2.19414, 18.6619); 387 (3.81008, 19.8301); 1156 (3.48693, 17.9118); ]
    228 (7.92404, 3.46172) -> [ 341 (5.50304, 0.829506); 513 (5.46907, 1.38775); 591 (7.22458, 0.604012); 2449 (6.94571, 2.21468); ]
    229 (16.5544, -0.413776) -> [ 1320 (17.2132, -1.54338); 1832 (17.6276, -1.18104); ]
    230 (21.1131, 1.6177) -> [ 1518 (22.0435, 0.921452); ]
    231 (3.89826, 4.99719) -> [ 1276 (1.94558, 4.05769); 1681 (2.20272, 4.15444); 2192 (2.34506, 4.33667); ]
    232 (13.8531, 3.69605) -> [ 310 (15.8158, 0.56829); 338 (16.7643, 1.47353); 433 (15.3552, 0.552863); 569 (16.1812, 2.53462); 653 (14.8456, 0.926428); 710 (16.3676, 2.87373); 1101 (15.0052, 2.15203); 1167 (14.7499, 1.80881); 1338 (15.3542, 2.24642); 1488 (15.264, 2.2125); 1846 (15.5139, 3.03396); 1870 (15.6924, 3.75087); 1995 (14.3033, 2.25387); 2044 (14.2394, 2.17969); 2224 (14.64, 2.1295); 2262 (14.1724, 2.63808); ]
    233 (2.07013, 7.53153) -> [ 784 (0.567084, 5.3054); 895 (-0.339219, 6.71883); 1284 (0.53463, 6.75892); 2268 (1.13598, 6.19549); ]
    235 (6.70806, 13.4633) -> [ 51 (2.77714, 15.626); 590 (8.89049, 15.2736); ]
    237 (15.915, 12.9927) -> [ 121 (18.0157, 14.3281); 316 (17.021, 13.7545); 364 (18.0785, 14.2825); 408 (18.7898, 14.8107); 901 (18.078, 14.4187); ]
    238 (16.3027, 2.09735) -> [ 594 (18.9397, 1.04295); ]
    239 (12.0622, 9.20607) -> [ 548 (15.1194, 10.1908); 1179 (14.0908, 9.81059); ]
    240 (17.1319, 11.542) -> [ 313 (18.4621, 12.1309); ]
    243 (11.1008, 2.43449) -> [ 392 (11.0058, -0.794647); 1510 (10.1084, 0.6169); 1631 (10.872, 0.477867); 1632 (12.3151, 0.955336); 2362 (11.2496, 0.97253); ]
    244 (17.5454, 15.8644) -> [ 751 (18.6691, 16.9885); 1282 (18.3165, 16.6531); 1430 (18.9537, 17.4454); 1512 (18.3793, 16.6046); 1654 (18.331, 16.6246); 2106 (18.9256, 16.9206); ]
    245 (14.2816, 16.1565) -> [ 199 (15.9543, 18.1201); 759 (15.0504, 17.012); 1535 (14.841, 16.8604); 1792 (15.3809, 17.2971); 2004 (15.0119, 17.0032); 2292 (14.5768, 16.2769); ]
    246 (3.94709, 11.8635) -> [ 272 (1.7252, 13.9378); 328 (1.13831, 12.3218); ]
    248 (17.3102, 4.83931) -> [ 271 (21.0838, 3.40758); 2409 (18.4035, 3.56014); ]
    250 (11.6734, 0.634571) -> [ 1774 (10.8312, -0.946995); ]
    251 (8.68154, 3.0709) -> [ 2181 (8.61883, 1.41479); ]
    252 (5.50111, 5.47459) -> [ 532 (3.00668, 3.87016); 558 (2.88864, 3.7702); ]
    254 (8.74156, 1.0718) -> [ 1140 (8.22405, -1.12834); 1408 (8.46831, -1.00371); ]
    255 (2.41559, 14.5362) -> [ 1537 (0.815467, 15.7261); 2253 (1.96173, 15.8533); ]
    256 (9.14089, 13.1392) -> [ ]
    259 (13.3346, 1.73552) -> [ 1416 (14.6772, 0.0701714); 1444 (14.8483, 0.506267); 2300 (14.8113, 0.882111); 2448 (14.8995, 1.12651); ]
    260 (12.415, 20.4342) -> [ 909 (13.7944, 22.4484); 1115 (12.0298, 22.7546); 2343 (12.044, 22.0448); ]
    261 (15.7143, 20.1057) -> [ 201 (19.4821, 21.4772); 1144 (17.4247, 21.1406); 1703 (15.4881, 21.5269); 1912 (15.1502, 21.0107); 2012 (17.0968, 20.4646); 2231 (14.7067, 20.8967); 2273 (15.2201, 21.2694); 2289 (15.1238, 21.0447); ]
    262 (19.1206, 11.1526) -> [ 1029 (21.1578, 10.6345); 1286 (21.0652, 10.6465); 1292 (21.2362, 10.7087); ]
    263 (2.49613, 10.2885) -> [ 1039 (0.983796, 12.0803); ]
    265 (18.4657, 10.754) -> [ 336 (21.7585, 12.5088); 866 (19.6381, 11.0485); 905 (20.794, 10.6172); 1007 (19.8228, 11.1947); ]
    266 (18.8207, -0.840182) -> [ 1944 (20.4905, -1.24395); ]
    267 (2.95423, 5.3932) -> [ 682 (0.505504, 4.091); 1727 (2.22779, 3.57268); 1746 (1.57268, 4.34908); 1968 (1.21725, 4.99824); 2028 (1.3802, 5.23625); 2120 (1.80617, 4.04182); 2243 (1.97405, 4.12827); ]
    268 (13.9219, 16.2224) -> [ 261 (15.7143, 20.1057); 320 (15.4791, 19.0363); 2197 (14.1869, 17.9031); ]
    269 (8.97135, 15.2298) -> [ 274 (10.0637, 16.0879); 700 (11.1503, 16.9165); 1086 (9.26786, 15.4388); ]
    270 (5.47539, 10.4285) -> [ 227 (2.16386, 11.9687); 379 (2.21323, 11.6847); 660 (4.80147, 11.6607); ]
    271 (21.0838, 3.40758) -> [ 1259 (22.507, 3.6173); 2310 (21.5033, 2.73996); ]
    273 (13.9958, 1.64049) -> [ 800 (14.7249, -0.976185); 1150 (14.8088, -0.523904); 1487 (15.3935, 0.339535); ]
    274 (10.0637, 16.0879) -> [ 966 (9.89276, 17.9095); 1159 (9.39183, 17.897); 1180 (10.1922, 17.6039); 1793 (10.7251, 17.5629); 2128 (10.8987, 17.5735); 2431 (10.0527, 17.6724); ]
    275 (6.65248, 4.08437) -> [ 242 (6.49938, 0.088993); 501 (3.97549, 2.12047); ]
    277 (14.3594, 5.53544) -> [ 453 (16.2126, 2.66991); 792 (15.2116, 2.98137); 1585 (15.8807, 4.47854); ]
    279 (11.9609, 10.6488) -> [ ]
    282 (15.0388, 13.4498) -> [ 688 (16.1294, 14.2818); 2057 (15.4905, 13.7655); 2404 (15.4493, 13.751); ]
    286 (4.70822, 2.66479) -> [ 851 (3.15569, 0.78906); 934 (2.9312, 1.03628); 1784 (3.53461, 1.44794); 2014 (4.93341, 0.8538); ]
    287 (21.3172, 10.33) -> [ 1872 (22.4582, 9.4495); ]
    289 (8.65063, 4.1704) -> [ 381 (10.9047, 1.2028); ]
    290 (19.3765, 11.212) -> [ 625 (21.695, 9.37693); 1155 (21.6096, 10.7121); ]
    291 (15.7494, 14.7595) -> [ 989 (16.973, 15.6471); 1428 (17.4943, 15.8569); 1640 (16.7426, 15.4473); 1750 (16.6399, 15.4022); 1907 (15.9636, 14.9611); ]
    292 (16.733, 4.39437) -> [ 804 (18.5535, 3.06978); 967 (18.3506, 3.13424); 1825 (18.7225, 4.59973); 1950 (18.3319, 3.81436); 2112 (17.9948, 3.98434); 2248 (17.527, 2.95459); ]
    295 (8.30371, 10.6779) -> [ 190 (9.63732, 14.3726); 684 (8.97927, 12.4677); ]
    300 (-0.221132, 5.47037) -> [ 2220 (-0.681939, 4.6875); 2315 (-1.2334, 5.58745); ]
    302 (5.26349, 3.53563) -> [ 1669 (5.15119, 1.56628); ]
    303 (6.09977, 8.80098) -> [ 187 (3.27699, 11.1897); 263 (2.49613, 10.2885); 772 (4.84241, 10.5759); 1407 (5.65282, 9.45842); 1509 (5.72005, 9.52862); 2027 (5.32324, 9.58918); ]
    305 (12.2223, 14.386) -> [ 961 (13.0075, 15.4154); 1083 (12.3925, 14.6319); 1267 (13.0207, 15.8167); 1314 (13.1519, 15.9309); 1315 (12.3662, 14.653); 1425 (12.6566, 15.3539); 1592 (13.0636, 15.7797); 1725 (12.5887, 15.9033); 2121 (12.3114, 14.5013); 2165 (12.6107, 15.0628); ]
    306 (13.1953, 17.8091) -> [ 1466 (13.446, 18.188); 1543 (14.4678, 18.8004); 2160 (13.5479, 18.3862); ]
    307 (10.6037, 3.73958) -> [ 315 (11.4846, -0.00164994); ]
    310 (15.8158, 0.56829) -> [ 2238 (15.9819, -1.14144); ]
    312 (5.27939, 20.0028) -> [ 2242 (5.73136, 21.6635); ]
    313 (18.4621, 12.1309) -> [ 954 (20.496, 12.7666); 1062 (20.612, 12.6089); 1124 (20.2491, 12.5042); 1399 (19.909, 12.4691); ]
    315 (11.4846, -0.00164994) -> [ 2109 (12.5686, -1.02853); ]
    316 (17.021, 13.7545) -> [ 614 (19.3977, 15.2103); 669 (18.8529, 15.2003); ]
    318 (8.14355, 10.2594) -> [ 256 (9.14089, 13.1392); 575 (8.49581, 11.2305); 600 (8.28204, 10.422); 686 (8.77025, 11.2916); 728 (8.96582, 11.6822); 993 (8.69201, 11.4126); 1163 (8.35865, 10.6883); 1209 (8.66194, 11.3472); ]
    320 (15.4791, 19.0363) -> [ 788 (17.3323, 20.304); 959 (17.9166, 19.4308); 1385 (17.3231, 19.5844); 1598 (15.2796, 20.8179); 1833 (17.3587, 19.0702); 2031 (16.6887, 20.629); ]
    322 (4.04463, 15.6964) -> [ 567 (1.53879, 17.3358); 1511 (2.08297, 15.9055); 1988 (2.76579, 16.0463); 2099 (3.04675, 17.1367); ]
    323 (8.32676, 4.11705) -> [ 366 (9.5245, 0.694657); 369 (8.49836, 0.959072); 1148 (7.75846, 1.89266); 1379 (8.86278, 2.18169); 2372 (7.4924, 2.69163); 2400 (7.51472, 2.85192); ]
    325 (4.45573, 12.2474) -> [ ]
    327 (18.6308, 17.417) -> [ 283 (21.0624, 20.2514); 349 (19.0963, 20.5095); 515 (18.8447, 19.7322); 628 (21.4672, 18.3406); 659 (19.8782, 19.0408); 665 (20.6309, 18.8325); 678 (18.6743, 19.2468); 994 (19.1558, 19.63); 999 (18.6634, 19.1917); 1343 (19.8179, 18.7361); 1481 (18.6447, 19.0675); 1859 (20.4676, 17.4328); 1967 (18.6557, 19.2562); 2157 (19.0658, 17.9384); 2159 (19.09, 17.8992); 2358 (18.7812, 18.0717); ]
    330 (14.1061, 17.3558) -> [ 361 (14.272, 21.1767); ]
    331 (12.1704, 8.30992) -> [ ]
    333 (17.4004, 10.8099) -> [ 1095 (18.9497, 11.2906); ]
    335 (12.9617, 12.5277) -> [ 31 (15.6511, 14.9752); 291 (15.7494, 14.7595); 587 (14.1695, 13.2549); 1189 (14.3752, 13.3558); 1405 (13.0872, 12.5667); 1516 (14.3349, 13.8002); ]
    337 (9.49792, 10.3253) -> [ 393 (10.8646, 11.8002); 410 (10.9006, 12.1887); 690 (11.1911, 11.8429); 820 (10.6407, 11.8628); 1370 (10.1786, 11.5176); 1599 (9.81743, 11.7093); 1653 (10.6742, 10.7959); 1729 (10.5022, 11.6353); 1827 (10.3743, 11.5648); 1840 (10.4616, 11.5378); ]
    338 (16.7643, 1.47353) -> [ 867 (17.7805, -0.799231); 1414 (18.2723, 0.00110868); 1526 (17.4453, -0.226575); 1812 (17.9729, 1.00023); ]
    339 (13.8274, 14.1232) -> [ 1097 (15.102, 15.4871); ]
    340 (9.26088, 8.51825) -> [ 486 (10.589, 9.32515); 1001 (10.5847, 9.21198); 1387 (10.7572, 9.42821); 2204 (10.3918, 8.96535); 2460 (10.6069, 9.32359); ]
    342 (5.74025, 13.914) -> [ 329 (2.5715, 15.6164); 596 (4.49199, 16.1827); 709 (4.43792, 16.0352); 937 (3.54409, 14.849); 1161 (3.60972, 14.7693); ]
    344 (18.5987, 5.72674) -> [ 466 (21.7824, 5.13836); ]
    346 (9.04978, 15.1089) -> [ 1580 (10.4674, 16.1732); 2430 (10.2237, 15.7739); ]
    351 (14.6795, 10.2131) -> [ 1331 (15.0323, 10.4719); 1736 (15.6019, 10.6245); 1848 (15.5114, 10.5531); 1849 (15.6693, 10.5235); ]
    353 (10.7116, 14.4469) -> [ 106 (12.1593, 17.1676); 843 (11.9101, 16.4585); ]
    357 (4.26681, 8.65239) -> [ 582 (1.29274, 9.37426); ]
    360 (18.6297, 9.02177) -> [ 163 (21.7442, 7.82469); 2472 (19.5057, 8.75026); ]
    363 (7.83095, 10.3359) -> [ 143 (8.8763, 13.5395); ]
    371 (3.99905, 9.07928) -> [ 1337 (2.14155, 9.54324); ]
    372 (13.0585, 2.84339) -> [ 446 (13.4698, -0.434463); 477 (15.3864, 0.370748); 588 (14.8199, 0.387998); 606 (12.9011, -0.176344); 812 (14.978, 1.06548); 1745 (14.2776, 1.25792); ]
    378 (6.78826, 5.10793) -> [ 738 (4.72688, 3.21387); ]
    381 (10.9047, 1.2028) -> [ 1330 (11.586, -0.534571); ]
    383 (8.13734, 18.8679) -> [ 1583 (7.84083, 20.7586); 1655 (7.26792, 20.549); 1828 (7.60949, 20.5098); ]
    384 (4.46458, 8.99182) -> [ 853 (1.99666, 9.09838); ]
    385 (7.77132, 11.6817) -> [ 1212 (8.09673, 13.0674); ]
    389 (17.7584, 10.3077) -> [ 287 (21.3172, 10.33); 556 (20.1705, 10.7933); 906 (18.9057, 10.6112); ]
    391 (13.1698, 6.00311) -> [ 298 (16.7385, 6.66207); 444 (14.6053, 7.79395); 481 (14.5945, 7.80942); 785 (14.8139, 8.10165); 1158 (14.5916, 7.62908); 1568 (14.6528, 6.31406); 2330 (14.7218, 6.05625); 2481 (14.1676, 6.20576); ]
    394 (3.35291, 10.3651) -> [ 555 (1.75341, 12.5386); ]
    395 (12.218, 17.6718) -> [ 260 (12.415, 20.4342); 370 (13.229, 20.53); 419 (11.4665, 21.1862); 746 (12.3971, 20.1672); 798 (12.7467, 19.9987); ]
    396 (8.91789, 6.93567) -> [ 414 (10.6062, 6.5348); 540 (11.1999, 6.3821); 2041 (10.5881, 6.52424); 2055 (10.5271, 6.4906); ]
    397 (6.27457, 7.99769) -> [ 3 (3.49355, 5.72455); 116 (3.45811, 5.73701); 403 (3.24434, 6.17645); ]
    399 (5.35335, 9.69466) -> [ 86 (2.47885, 11.9577); 246 (3.94709, 11.8635); 390 (3.41619, 12.5846); 644 (4.77464, 10.273); 1034 (4.74239, 10.2552); 1068 (3.95262, 11.1025); 1254 (4.20553, 11.0051); 2244 (4.77534, 10.2559); 2488 (5.13774, 10.0581); ]
    400 (-0.343761, 9.1178) -> [ 1649 (-1.67359, 9.97866); 2455 (-1.29978, 10.1682); ]
    402 (12.4851, 12.6093) -> [ 339 (13.8274, 14.1232); 539 (13.2335, 13.3477); 615 (12.8589, 12.5951); 697 (13.8108, 14.1921); 726 (13.2785, 13.6356); 1160 (13.0825, 13.2329); 1296 (13.9921, 13.9242); 1301 (12.4488, 12.8421); 1845 (13.3337, 13.3953); 2069 (12.7674, 13.1029); 2167 (13.4625, 13.6223); ]
    403 (3.24434, 6.17645) -> [ 300 (-0.221132, 5.47037); 923 (1.58342, 4.25468); 1061 (2.19283, 4.49753); 1531 (2.31422, 4.332); 1657 (1.80771, 5.18634); 2303 (2.9794, 4.54596); ]
    410 (10.9006, 12.1887) -> [ 305 (12.2223, 14.386); 1089 (12.3184, 14.0121); ]
    411 (19.1614, 13.2243) -> [ ]
    414 (10.6062, 6.5348) -> [ 2416 (11.1174, 6.46782); ]
    415 (20.183, 6.33913) -> [ 1506 (22.0392, 5.59469); 1699 (22.1795, 6.22228); ]
    417 (9.2426, 12.294) -> [ 876 (10.2677, 14.0983); 1131 (10.2505, 14.1352); ]
    422 (5.68809, 10.5052) -> [ 1012 (5.32776, 11.9389); 1099 (5.3306, 11.6645); 2338 (5.55063, 10.832); ]
    424 (9.22885, 12.451) -> [ 638 (10.3806, 14.8574); ]
    429 (12.9446, 14.4774) -> [ 245 (14.2816, 16.1565); 1079 (13.6514, 14.9377); ]
    433 (15.3552, 0.552863) -> [ 845 (16.6822, -1.23429); ]
    436 (4.84526, 5.48214) -> [ 1575 (3.10186, 4.50206); ]
    437 (3.52965, 4.34612) -> [ 1134 (1.68368, 2.92992); ]
    444 (14.6053, 7.79395) -> [ 656 (17.4567, 6.93421); ]
    445 (6.81573, 15.6002) -> [ 536 (5.94649, 18.5878); 631 (5.17555, 18.0055); ]
    447 (9.96785, 8.6425) -> [ 681 (11.7339, 10.5957); 842 (12.4179, 9.69247); 1017 (11.2012, 9.27704); 1624 (10.7557, 9.10115); 2025 (11.0284, 9.40618); 2371 (11.0761, 9.09263); 2444 (10.8109, 9.98388); ]
    450 (10.403, 16.6264) -> [ 2482 (9.10489, 17.6872); ]
    451 (5.97312, 8.25915) -> [ ]
    453 (16.2126, 2.66991) -> [ 1835 (17.6954, 1.78084); 2405 (17.6414, 1.89897); ]
    457 (4.97348, 4.01341) -> [ 1253 (4.63753, 1.96602); 1622 (3.66825, 2.86006); 1726 (3.66602, 3.10053); ]
    461 (16.1359, 18.872) -> [ 1361 (18.0509, 19.9212); 2009 (17.2108, 20.2978); ]
    467 (17.0467, 10.6753) -> [ ]
    473 (16.3995, 15.5062) -> [ ]
    474 (7.52571, 0.764347) -> [ 1371 (8.0276, -1.27209); 2133 (8.31519, -1.07324); ]
    475 (5.17088, 12.7816) -> [ ]
    476 (7.71705, 3.92516) -> [ 474 (7.52571, 0.764347); 1785 (7.40814, 2.39202); 1987 (6.617, 2.49056); 2387 (6.51458, 2.32701); 2474 (6.91566, 2.63856); ]
    479 (5.53085, 6.78332) -> [ 437 (3.52965, 4.34612); 1310 (4.16281, 5.20551); 1410 (3.98051, 5.90559); 1734 (3.8951, 5.99639); ]
    480 (9.23023, 19.1392) -> [ 423 (8.0991, 20.8675); 460 (6.76338, 19.8076); 529 (8.28348, 20.4068); 550 (7.86322, 21.05); 668 (6.75316, 19.2786); 714 (7.41245, 20.7319); 833 (8.35635, 21.4676); 1436 (8.87718, 20.726); 1899 (8.29631, 19.0812); 2302 (8.72874, 18.967); 2415 (9.28365, 19.5009); ]
    481 (14.5945, 7.80942) -> [ 1994 (14.7123, 8.0061); 2065 (14.8227, 8.21122); ]
    485 (0.574289, 7.30539) -> [ 1536 (-0.987003, 7.90329); 2498 (-0.666989, 7.0611); ]
    490 (12.1219, 15.8651) -> [ 778 (13.5939, 18.1953); 2442 (12.8363, 17.004); ]
    492 (9.58387, 6.57888) -> [ 1207 (11.3121, 6.13784); 1715 (10.9571, 6.10922); ]
    493 (8.65992, 2.72605) -> [ 1883 (7.84192, 1.41838); ]
    496 (8.23978, 3.58761) -> [ ]
    506 (12.2114, 18.1759) -> [ 2164 (12.5894, 19.8388); 2402 (11.4889, 19.5943); ]
    509 (5.12065, 16.0796) -> [ 434 (2.23979, 17.5887); 813 (2.67954, 16.9599); 1738 (3.9717, 17.2301); 2046 (4.42017, 17.5561); ]
    511 (19.5986, 11.0807) -> [ 887 (20.6037, 8.7005); 1067 (21.6051, 10.0778); 2029 (20.8126, 10.0081); 2151 (21.2973, 10.5764); ]
    518 (6.51305, 9.78676) -> [ 2090 (6.37147, 10.7281); ]
    519 (17.8921, 19.2756) -> [ 2382 (19.3967, 19.9746); ]
    520 (19.8659, 6.82292) -> [ 1177 (22.0173, 7.13609); ]
    521 (17.1866, 12.2205) -> [ 1930 (18.028, 12.7089); 2084 (18.0202, 12.7037); ]
    522 (14.4163, 9.77094) -> [ ]
    525 (10.3991, 13.6327) -> [ 490 (12.1219, 15.8651); 919 (10.8266, 13.9826); 1138 (11.6632, 14.4956); 1162 (11.2791, 14.3782); ]
    526 (8.7537, 8.46896) -> [ 1931 (10.126, 9.19722); ]
    527 (5.42997, 15.8898) -> [ 995 (4.19742, 17.6178); 1008 (4.81921, 18.0632); ]
    530 (13.643, 11.6154) -> [ 869 (15.1963, 12.5298); 2136 (14.6062, 11.9374); ]
    531 (11.7517, 17.4024) -> [ 698 (11.5988, 20.2071); 781 (11.8201, 20.1372); 871 (13.0516, 19.6065); 1091 (12.133, 18.6183); 1187 (12.1241, 18.7168); 1678 (11.9723, 17.6922); 1682 (11.6266, 18.9063); 1932 (12.4821, 18.6747); ]
    533 (19.1054, 10.1345) -> [ 857 (20.9027, 8.20515); ]
    535 (6.1706, 5.52921) -> [ ]
    538 (17.3056, 14.9502) -> [ 500 (19.5393, 16.0195); 790 (19.5005, 15.5088); 1087 (18.7999, 16.1085); 1151 (19.4859, 15.3967); 1493 (18.8279, 15.9421); 2002 (19.1102, 15.0461); ]
    539 (13.2335, 13.3477) -> [ ]
    541 (15.4065, 5.05337) -> [ 549 (18.0138, 3.50536); 689 (17.979, 3.72794); 766 (17.8042, 3.65616); 1000 (17.3346, 3.85092); 1183 (16.8235, 3.5808); 1333 (16.4181, 3.23336); 1349 (17.02, 3.75431); ]
    543 (7.96938, 8.72089) -> [ 1674 (8.73802, 10.0358); ]
    544 (4.00922, 2.41455) -> [ 1400 (3.31139, 0.468907); 1790 (3.0928, 0.921123); ]
    545 (9.55903, 5.25031) -> [ 671 (10.4006, 4.2846); 1165 (10.5969, 4.53498); 1864 (10.2722, 4.70108); 1949 (10.8201, 4.49899); ]
    547 (3.57856, 12.629) -> [ ]
    548 (15.1194, 10.1908) -> [ 1228 (17.1627, 10.9759); 1918 (15.528, 10.3371); ]
    549 (18.0138, 3.50536) -> [ 1323 (19.1115, 1.7136); ]
    557 (1.46119, 5.84789) -> [ 1181 (-0.639471, 5.58614); 2098 (-0.211043, 5.84539); ]
    559 (6.84098, 6.09466) -> [ ]
    562 (9.75559, 1.99965) -> [ 900 (9.86439, -0.218358); 1003 (10.417, -0.352848); ]
    563 (7.15624, 4.92001) -> [ ]
    571 (3.36244, 9.19151) -> [ 580 (0.700755, 10.3703); 821 (1.64787, 11.0677); ]
    573 (15.3604, 15.3878) -> [ 701 (16.5957, 16.738); 991 (16.5471, 16.7213); ]
    577 (17.688, 19.1174) -> [ 707 (19.3767, 21.3277); 2138 (18.8145, 20.382); ]
    578 (17.7099, 4.38342) -> [ 980 (19.7685, 3.09831); 1065 (19.4314, 2.72959); 1121 (19.9737, 4.27435); ]
    583 (13.7256, 5.52997) -> [ 662 (16.6684, 5.2034); 666 (14.7801, 3.04123); 706 (14.4621, 3.05265); 917 (15.7889, 4.19859); ]
    585 (0.748241, 17.6851) -> [ 2239 (-0.71855, 19.0447); ]
    587 (14.1695, 13.2549) -> [ 1049 (15.2069, 14.166); 1252 (15.7725, 14.6419); 1863 (15.2401, 14.0259); ]
    590 (8.89049, 15.2736) -> [ 345 (11.092, 17.0568); 450 (10.403, 16.6264); 747 (10.0308, 16.2152); 1157 (10.1132, 16.3152); ]
    592 (4.87612, 15.2009) -> [ 647 (2.7326, 17.2059); 1105 (3.46238, 16.8473); 2271 (3.17828, 16.2579); ]
    593 (15.4852, 9.98564) -> [ 389 (17.7584, 10.3077); 754 (16.0757, 10.1767); ]
    598 (1.67463, 6.77339) -> [ 1957 (-0.32444, 6.83448); ]
    601 (4.28397, 6.33081) -> [ 687 (2.98411, 3.80748); 982 (3.03572, 4.16567); 1867 (2.98204, 5.17052); ]
    604 (3.45968, 8.96999) -> [ 568 (1.95433, 6.48325); 586 (0.930139, 10.3327); 598 (1.67463, 6.77339); ]
    605 (17.9974, 7.12435) -> [ 1020 (18.1288, 5.12867); 1031 (20.255, 7.86767); 1366 (18.7394, 5.60865); 1857 (19.8667, 6.41302); ]
    608 (8.60704, 7.0092) -> [ 702 (11.4787, 7.07087); 1251 (10.3949, 7.13395); 1838 (9.51767, 7.24989); 1896 (9.15482, 6.9994); 2265 (9.51076, 7.24973); ]
    610 (10.2445, 13.6632) -> [ 902 (11.7025, 15.7104); ]
    613 (7.2171, 4.76011) -> [ ]
    616 (12.9578, 11.1395) -> [ 1076 (14.9115, 12.0823); 1818 (14.1566, 11.5458); 1962 (14.4012, 11.7292); ]
    617 (5.16082, 8.60137) -> [ 646 (2.47174, 8.82751); ]
    620 (11.8316, 5.50355) -> [ 442 (12.0614, 5.10893); 462 (14.6927, 5.03931); 534 (11.5233, 4.40842); 771 (13.9758, 3.8691); 1311 (11.9853, 4.54449); 1723 (11.6852, 4.11561); ]
    621 (2.43678, 6.00906) -> [ 2278 (0.94012, 4.6824); ]
    622 (6.48885, 13.5128) -> [ ]
    630 (5.38014, 10.9183) -> [ 2264 (5.27341, 11.0702); ]
    632 (17.7846, 9.38547) -> [ 916 (19.1064, 7.32579); ]
    633 (7.37906, 15.4414) -> [ 834 (5.90741, 16.9145); 1046 (8.78267, 17.3791); 1303 (5.71138, 16.6571); 1355 (6.00945, 16.8488); 1485 (6.1246, 16.9991); ]
    634 (17.0256, 10.6359) -> [ 1740 (17.7651, 10.8374); 2091 (18.6246, 11.0984); ]
    636 (12.3593, 20.7819) -> [ 2438 (12.9696, 22.6865); ]
    638 (10.3806, 14.8574) -> [ 1707 (10.6676, 15.5638); ]
    640 (6.80675, 17.6585) -> [ 629 (5.02488, 20.0627); 847 (6.17072, 19.6144); 968 (5.21831, 19.6115); 1469 (6.4821, 19.5379); ]
    641 (18.2674, 7.44461) -> [ ]
    644 (4.77464, 10.273) -> [ 693 (3.36772, 12.0886); ]
    649 (14.1845, 7.14998) -> [ 889 (16.7344, 7.38066); 1047 (14.9351, 8.06276); 1456 (15.848, 7.3571); 1606 (15.488, 7.28673); 1690 (15.2741, 7.30184); 2030 (14.5891, 7.66538); 2075 (14.5113, 7.60259); 2081 (15.1479, 6.07411); 2092 (14.6313, 7.47443); 2406 (15.0262, 6.06483); 2461 (15.0222, 8.21658); ]
    650 (7.74412, 15.7877) -> [ 844 (6.54517, 18.115); ]
    652 (12.2249, 4.24039) -> [ 931 (13.0068, 2.23274); ]
    654 (3.52151, 13.1974) -> [ 1058 (1.50553, 14.5232); ]
    655 (19.3016, 5.59436) -> [ 758 (21.7116, 5.04952); ]
    658 (9.28656, 7.57778) -> [ ]
    660 (4.80147, 11.6607) -> [ ]
    670 (12.3234, 16.3835) -> [ ]
    671 (10.4006, 4.2846) -> [ 380 (9.86926, 1.87931); 464 (11.0316, 2.28517); 562 (9.75559, 1.99965); 762 (10.9353, 1.70174); 888 (11.0378, 2.29992); 1527 (10.4075, 2.74379); 1576 (11.0206, 2.57801); 1761 (10.7656, 2.5075); 1891 (11.1677, 3.11858); 2208 (10.3741, 2.78289); ]
    677 (12.6984, 10.2448) -> [ ]
    680 (10.3391, 16.1332) -> [ 572 (10.9275, 18.2004); 733 (9.50988, 18.2803); 1014 (10.395, 18.4945); 1735 (11.093, 17.9053); ]
    684 (8.97927, 12.4677) -> [ 1194 (9.34843, 13.3893); ]
    685 (7.96351, 8.2542) -> [ 576 (9.81656, 9.72858); 2011 (8.52185, 8.7037); ]
    688 (16.1294, 14.2818) -> [ 998 (17.2235, 15.0767); 1413 (16.886, 14.8383); 2078 (17.1422, 14.8659); 2322 (17.2275, 14.9561); ]
    694 (4.42187, 5.76526) -> [ 986 (2.64306, 4.23445); 1668 (2.88604, 4.70076); ]
    696 (7.17767, 5.70813) -> [ ]
    697 (13.8108, 14.1921) -> [ 1480 (14.2854, 14.7879); 2499 (14.7382, 15.2852); ]
    698 (11.5988, 20.2071) -> [ 1225 (9.88831, 21.6714); 2469 (10.4591, 21.4056); ]
    703 (9.37299, 8.10931) -> [ 623 (11.5238, 8.73731); 912 (11.4588, 8.6147); 1019 (9.91358, 8.41102); ]
    705 (4.3134, 8.56994) -> [ 1264 (2.08557, 8.49757); ]
    711 (14.28, 10.4729) -> [ ]
    713 (10.6903, 4.67737) -> [ 516 (13.3381, 3.56787); 1016 (12.8054, 3.48048); ]
    716 (7.46051, 15.6606) -> [ 2314 (6.40976, 17.3623); ]
    717 (17.1428, 9.51749) -> [ ]
    721 (5.85196, 14.662) -> [ 1092 (3.77527, 15.6629); 1926 (4.72826, 16.0655); 1996 (3.96838, 15.3344); 2201 (4.88902, 15.6118); ]
    722 (8.19654, 17.7358) -> [ 877 (6.60835, 19.6487); ]
    724 (7.68645, 13.4532) -> [ 1850 (7.97618, 13.5335); ]
    727 (9.82195, 13.4328) -> [ 1372 (10.3727, 14.8133); 1684 (10.3314, 14.3793); 2017 (10.3782, 14.2273); 2161 (10.4934, 14.7572); 2361 (10.2431, 14.7255); ]
    730 (16.8042, 14.437) -> [ 278 (19.2208, 15.9242); 1135 (17.4318, 14.6496); 1336 (17.5894, 14.7672); ]
    732 (6.62973, 3.01651) -> [ 2158 (5.84003, 1.6095); 2219 (5.72888, 1.71482); ]
    735 (6.96197, 7.73198) -> [ 1027 (4.78682, 7.78659); ]
    741 (17.8787, 11.1639) -> [ ]
    745 (10.3455, 4.00627) -> [ 1791 (10.7603, 2.24373); 2019 (10.8308, 2.36847); 2334 (9.43204, 2.22705); 2423 (11.2218, 2.70498); ]
    747 (10.0308, 16.2152) -> [ 212 (11.368, 17.604); 839 (10.7825, 17.3503); 1546 (10.4605, 17.2092); ]
    748 (7.42783, 13.9095) -> [ 1360 (8.31006, 14.6197); 2021 (8.38664, 15.4786); 2149 (7.79118, 14.1727); ]
    750 (8.08563, 2.68437) -> [ 1871 (6.65303, 1.87502); ]
    754 (16.0757, 10.1767) -> [ 1803 (17.6672, 10.6137); 2394 (17.4821, 10.6054); ]
    762 (10.9353, 1.70174) -> [ 1608 (12.0835, 0.302632); 2427 (12.4267, 0.935624); ]
    763 (16.4953, 11.7677) -> [ 914 (17.0778, 12.0606); 1085 (18.2522, 12.6142); ]
    764 (5.32932, 14.3962) -> [ 863 (3.63753, 16.2355); ]
    765 (12.2609, 4.22157) -> [ 2370 (13.3779, 2.56253); ]
    766 (17.8042, 3.65616) -> [ 1751 (18.9257, 2.46301); 1939 (18.566, 1.97943); 2286 (18.5545, 2.29026); ]
    768 (7.48093, 9.43025) -> [ 385 (7.77132, 11.6817); ]
    770 (12.8008, 4.22211) -> [ 1295 (14.2308, 2.9395); 1490 (14.1817, 2.76908); 1574 (14.2819, 3.0674); ]
    771 (13.9758, 3.8691) -> [ 2326 (15.8175, 3.08923); ]
    772 (4.84241, 10.5759) -> [ 761 (2.27422, 9.82837); 1168 (4.0545, 11.8376); 1629 (3.81606, 11.7911); 1718 (4.2015, 11.4684); 2212 (4.07519, 11.7371); ]
    773 (19.8574, 11.4549) -> [ 1635 (21.7727, 12.0309); 1670 (21.6381, 11.4638); ]
    776 (13.5559, 15.6829) -> [ 826 (14.8039, 17.3571); ]
    778 (13.5939, 18.1953) -> [ 755 (14.0122, 19.1937); 837 (15.0248, 19.9329); 1018 (15.0828, 19.3375); 1133 (14.12, 18.8461); 2489 (14.2564, 19.5557); ]
    779 (17.3814, 9.34982) -> [ 1230 (19.47, 9.44402); 2135 (17.8312, 9.34942); 2397 (17.5255, 9.36541); ]
    780 (5.42307, 5.14161) -> [ ]
    781 (11.8201, 20.1372) -> [ 894 (12.0368, 22.1255); ]
    785 (14.8139, 8.10165) -> [ 717 (17.1428, 9.51749); ]
    787 (15.0692, 10.5698) -> [ ]
    788 (17.3323, 20.304) -> [ 2087 (18.1496, 21.9188); ]
    791 (4.45686, 13.7394) -> [ 783 (2.26802, 14.7779); 942 (2.3341, 14.8152); 1388 (3.05331, 14.8251); ]
    793 (12.5499, 5.27149) -> [ 2366 (13.8992, 4.20773); ]
    796 (14.4703, 16.7794) -> [ 461 (16.1359, 18.872); 976 (15.2949, 18.9494); 1043 (15.3548, 18.9291); 1100 (15.6815, 18.3424); 1176 (16.0084, 18.0577); 1942 (15.4272, 17.9738); 2053 (15.5963, 17.498); 2177 (15.4685, 17.7871); ]
    804 (18.5535, 3.06978) -> [ ]
    808 (16.555, 11.4724) -> [ 2424 (17.3001, 11.6812); ]
    809 (5.83564, 4.50064) -> [ 948 (4.0415, 2.78847); ]
    814 (13.5931, 5.93444) -> [ 807 (15.0718, 3.99889); 1271 (15.3773, 5.10584); 1448 (14.752, 7.11573); 1788 (14.5358, 4.17058); ]
    815 (16.5994, 5.7773) -> [ 2287 (18.3892, 4.88481); ]
    816 (16.5026, 9.78306) -> [ 1630 (18.4237, 10.1313); ]
    817 (18.6384, 6.96805) -> [ 359 (19.6826, 5.09765); 819 (19.6184, 5.22831); 984 (20.25, 5.22547); 2347 (19.2151, 5.05303); ]
    818 (8.54516, 9.16702) -> [ 1770 (10.2777, 9.97721); 2043 (9.60924, 10.0023); 2178 (9.54898, 10.2939); 2203 (9.29974, 10.5179); ]
    819 (19.6184, 5.22831) -> [ ]
    821 (1.64787, 11.0677) -> [ 1066 (-0.605574, 11.915); ]
    824 (16.5143, 17.084) -> [ 1497 (17.4996, 18.818); 2275 (17.2942, 18.4688); ]
    825 (6.64765, 13.1593) -> [ 1395 (8.03682, 13.728); ]
    826 (14.8039, 17.3571) -> [ 1154 (15.8557, 18.6404); 1172 (16.3229, 18.3104); 1268 (16.3258, 18.5526); 1344 (16.2924, 18.8966); 2205 (15.5412, 18.6654); 2465 (15.5323, 18.3777); ]
    832 (13.3553, 10.4595) -> [ 1660 (14.831, 11.3675); ]
    837 (15.0248, 19.9329) -> [ 2294 (14.523, 21.8689); ]
    838 (6.66612, 2.94805) -> [ ]
    842 (12.4179, 9.69247) -> [ 157 (14.6639, 10.6144); 711 (14.28, 10.4729); 996 (14.473, 10.7953); 1477 (14.2227, 10.3191); ]
    843 (11.9101, 16.4585) -> [ 836 (12.8938, 17.9379); 1508 (12.8752, 18.2252); 1875 (12.1733, 16.8935); 1992 (12.5259, 17.6169); 2003 (12.7697, 17.5755); ]
    862 (7.51109, 9.42282) -> [ 382 (7.94072, 11.0735); 1756 (7.60564, 9.63263); ]
    864 (16.9178, 11.8311) -> [ ]
    865 (6.28337, 7.82842) -> [ 1979 (4.78929, 7.67702); 2176 (5.19258, 7.91955); 2316 (5.05026, 7.97447); ]
    866 (19.6381, 11.0485) -> [ ]
    869 (15.1963, 12.5298) -> [ 219 (16.9874, 13.9437); 879 (15.9495, 12.9773); 929 (16.2441, 13.3998); 1122 (16.4475, 13.1035); ]
    870 (7.58868, 11.6924) -> [ ]
    871 (13.0516, 19.6065) -> [ 760 (12.3181, 21.3714); 828 (14.5348, 20.7993); 852 (13.9452, 21.0387); 1081 (13.5364, 21.1363); 1182 (13.2869, 20.9227); 1824 (12.9988, 20.918); ]
    873 (17.9103, 13.3716) -> [ 1316 (19.3105, 14.8768); 2016 (19.2522, 14.0909); 2142 (19.3202, 13.9267); 2276 (18.9596, 14.2466); 2280 (19.0426, 14.1035); 2307 (18.9221, 14.4507); ]
    874 (3.02142, 6.16562) -> [ 1904 (1.1886, 6.18875); ]
    879 (15.9495, 12.9773) -> [ ]
    880 (17.2158, 9.19263) -> [ 360 (18.6297, 9.02177); 1345 (18.7047, 7.72407); 1766 (17.6674, 9.04526); 1964 (17.729, 8.85913); 2306 (18.6477, 8.52492); ]
    886 (4.2841, 7.88242) -> [ 921 (2.23117, 6.41483); 1193 (2.21545, 7.33113); 1642 (2.38462, 7.91164); ]
    889 (16.7344, 7.38066) -> [ ]
    890 (17.3938, 6.63446) -> [ 520 (19.8659, 6.82292); 578 (17.7099, 4.38342); 655 (19.3016, 5.59436); 913 (17.8708, 4.60737); 985 (17.2489, 4.2751); 1332 (17.683, 5.13744); 1440 (19.2357, 5.85516); 1643 (19.0098, 6.05598); 2035 (18.5826, 5.51898); 2317 (18.7392, 5.61309); 2426 (16.6987, 5.29907); 2456 (17.4221, 5.75298); ]
    892 (6.37677, 6.76187) -> [ 249 (5.51365, 4.5986); 484 (5.41428, 4.5054); 822 (4.83807, 5.02281); 1178 (5.06489, 5.31552); 2124 (5.97305, 6.07812); 2290 (5.32022, 5.06372); ]
    897 (15.1254, 13.3499) -> [ 730 (16.8042, 14.437); 1300 (16.938, 14.6233); 2353 (16.5885, 13.9717); ]
    898 (6.35808, 15.5994) -> [ 1220 (5.22419, 17.517); 1291 (5.29119, 17.3604); 1695 (5.40469, 17.3243); ]
    902 (11.7025, 15.7104) -> [ 306 (13.1953, 17.8091); 670 (12.3234, 16.3835); 1409 (12.5722, 17.0624); ]
    913 (17.8708, 4.60737) -> [ 1325 (19.9998, 4.81214); ]
    914 (17.0778, 12.0606) -> [ ]
    916 (19.1064, 7.32579) -> [ 1427 (21.1035, 7.43354); ]
    924 (7.58708, 6.33138) -> [ 1639 (7.73704, 4.68201); 2255 (6.46671, 5.03678); 2318 (6.98151, 4.8953); ]
    925 (7.59593, 9.62885) -> [ 1685 (7.72376, 10.0205); ]
    926 (14.5529, 9.33739) -> [ 816 (16.5026, 9.78306); 1235 (15.8532, 9.6488); 1280 (16.4809, 9.82828); 2403 (16.4854, 9.8527); ]
    928 (9.17601, 3.28733) -> [ 908 (10.2263, 0.956792); ]
    941 (7.58286, 7.74732) -> [ 1868 (8.55254, 8.53848); ]
    951 (15.3185, 8.20073) -> [ 1694 (16.5509, 9.2481); 1955 (16.726, 9.38064); ]
    952 (7.33851, 6.67168) -> [ ]
    953 (9.3369, 3.35206) -> [ 848 (8.90779, 1.09238); 1002 (10.382, 1.64685); 1547 (9.38213, 1.36529); ]
    957 (4.84398, 5.98514) -> [ 1186 (2.83838, 5.05816); 1763 (3.50738, 4.80093); ]
    960 (7.29258, 7.73004) -> [ 4 (5.46501, 6.06124); 109 (6.84403, 7.50979); 192 (5.32912, 6.24169); 196 (6.16098, 6.98842); 397 (6.27457, 7.99769); 451 (5.97312, 8.25915); 479 (5.53085, 6.78332); 535 (6.1706, 5.52921); 675 (5.36812, 6.32881); 735 (6.96197, 7.73198); 865 (6.28337, 7.82842); 892 (6.37677, 6.76187); 1188 (7.99228, 9.66731); 1223 (6.13582, 7.44208); 1438 (7.09888, 7.2983); 1554 (5.81366, 7.96583); 1555 (7.8201, 9.26708); 1595 (6.76651, 6.21974); 1742 (6.615, 7.18748); 1976 (5.53455, 8.32187); ]
    961 (13.0075, 15.4154) -> [ ]
    964 (11.6188, 17.1317) -> [ 1424 (10.4912, 18.9285); 1704 (10.7755, 18.5845); 1843 (10.5438, 18.687); 1966 (10.9166, 18.2389); 2067 (10.6641, 18.4389); ]
    969 (10.7658, 19.271) -> [ 552 (11.4917, 21.5207); 878 (9.84081, 20.7686); 933 (9.95746, 20.9276); 1025 (10.2213, 20.8824); 1572 (9.05952, 20.3751); 1963 (9.97324, 20.9463); ]
    976 (15.2949, 18.9494) -> [ 1139 (17.0972, 20.4499); ]
    980 (19.7685, 3.09831) -> [ 1605 (21.636, 2.41022); 1607 (21.619, 2.45226); ]
    981 (0.294356, 7.55839) -> [ 1329 (-1.27121, 6.01771); ]
    984 (20.25, 5.22547) -> [ 2023 (22.2436, 5.06598); ]
    985 (17.2489, 4.2751) -> [ 835 (18.4499, 2.10945); 1130 (18.5288, 2.47928); 1719 (17.8268, 2.47174); 2252 (18.0085, 3.03359); 2440 (18.5086, 3.51276); 2473 (17.5296, 2.2949); 2480 (17.7764, 2.83763); ]
    987 (16.2833, 15.4748) -> [ 1037 (18.2208, 16.9773); 1713 (17.6366, 16.6688); 2496 (16.8399, 16.5063); ]
    990 (2.57809, 8.38451) -> [ 1550 (1.11448, 7.38222); 1969 (0.996703, 7.43955); ]
    996 (14.473, 10.7953) -> [ 362 (15.2736, 11.6005); 456 (15.1688, 11.3029); 763 (16.4953, 11.7677); 827 (15.2446, 11.5459); 1236 (15.2256, 11.4575); 1702 (15.909, 11.5105); ]
    1000 (17.3346, 3.85092) -> [ 1692 (18.5932, 2.35759); 2254 (18.4161, 2.47017); ]
    1010 (13.7951, 8.24222) -> [ ]
    1013 (6.45564, 13.6695) -> [ 716 (7.46051, 15.6606); 1246 (7.35985, 14.9542); 1294 (7.52507, 15.3666); ]
    1024 (12.838, 8.45801) -> [ ]
    1026 (10.9774, 18.66) -> [ 2162 (9.72431, 19.5097); 2186 (10.7108, 19.4885); 2214 (10.6676, 19.7533); 2407 (10.0113, 20.0503); ]
    1027 (4.78682, 7.78659) -> [ 123 (3.18698, 8.20396); 170 (2.49333, 8.6539); 223 (3.03592, 8.16556); 565 (2.99541, 6.89728); 874 (3.02142, 6.16562); 990 (2.57809, 8.38451); 1290 (2.87765, 7.14991); 1322 (2.82453, 7.15934); ]
    1028 (8.35193, 4.42924) -> [ 1184 (7.77187, 2.56489); 1652 (8.83101, 2.57058); 2237 (7.84537, 2.78686); ]
    1030 (4.27748, 4.39648) -> [ 2291 (2.42657, 3.63875); ]
    1039 (0.983796, 12.0803) -> [ 1947 (-1.00465, 12.2949); 2034 (-0.905933, 12.7352); ]
    1049 (15.2069, 14.166) -> [ ]
    1050 (6.77464, 10.2706) -> [ ]
    1052 (12.7975, 5.56726) -> [ 649 (14.1845, 7.14998); 2333 (14.658, 4.83349); 2369 (14.2005, 6.29661); 2462 (13.6132, 3.74118); ]
    1057 (6.13781, 5.54434) -> [ 1956 (5.6305, 4.34401); 2013 (5.77724, 4.79856); 2170 (5.47456, 4.6347); ]
    1064 (14.0881, 16.6387) -> [ 1433 (14.9787, 18.3654); 2059 (15.0026, 18.1364); ]
    1075 (8.10285, 3.09777) -> [ 1063 (8.21966, 0.718666); ]
    1076 (14.9115, 12.0823) -> [ 1615 (15.8429, 12.4564); ]
    1077 (11.7026, 16.5218) -> [ 2443 (12.4312, 17.7219); ]
    1083 (12.3925, 14.6319) -> [ 355 (13.0333, 15.6205); ]
    1085 (18.2522, 12.6142) -> [ 1060 (19.9381, 13.5464); 1318 (20.1411, 13.6586); 1941 (19.9108, 13.3035); ]
    1089 (12.3184, 14.0121) -> [ 776 (13.5559, 15.6829); 1021 (13.195, 15.4744); 1272 (13.6639, 15.7138); 1285 (13.5589, 15.7919); 2441 (12.7943, 14.5452); 2493 (12.6338, 14.6924); ]
    1091 (12.133, 18.6183) -> [ 636 (12.3593, 20.7819); 752 (10.8335, 20.4526); 1594 (11.7696, 20.5844); 1700 (13.0359, 19.7226); 1708 (12.7617, 19.9336); ]
    1097 (15.102, 15.4871) -> [ 824 (16.5143, 17.084); 1326 (15.847, 16.649); 1638 (16.0216, 16.6473); ]
    1098 (17.6998, 3.60816) -> [ 546 (19.8945, 2.80035); ]
    1100 (15.6815, 18.3424) -> [ 595 (17.0854, 20.2278); ]
    1104 (12.7286, 11.2009) -> [ ]
    1109 (17.3996, 10.1337) -> [ ]
    1112 (19.4711, 9.95382) -> [ 502 (21.7438, 9.81173); ]
    1117 (20.5704, 13.3235) -> [ 1539 (22.5642, 13.8451); ]
    1118 (14.9319, 5.50873) -> [ 2125 (15.394, 3.7832); ]
    1122 (16.4475, 13.1035) -> [ 514 (17.7198, 13.7188); 938 (17.7509, 13.7256); 1119 (18.1647, 13.965); 1374 (18.1995, 14.0304); ]
    1125 (9.86321, 2.97222) -> [ 1229 (10.4149, 1.08667); ]
    1126 (17.8167, 12.7668) -> [ ]
    1128 (12.2324, 9.39572) -> [ 1807 (13.914, 10.1004); ]
    1129 (8.96415, 7.91933) -> [ 695 (9.98411, 8.21636); ]
    1131 (10.2505, 14.1352) -> [ 1851 (10.8971, 15.3536); ]
    1136 (7.01128, 5.9363) -> [ 211 (6.80725, 5.37255); 350 (6.66443, 5.05282); 378 (6.78826, 5.10793); 809 (5.83564, 4.50064); 911 (6.45088, 5.2728); 1479 (6.12965, 4.13179); 1495 (6.1355, 4.35679); ]
    1137 (17.4571, 7.26907) -> [ 1972 (17.5585, 6.22611); ]
    1147 (13.9841, 5.89288) -> [ 1011 (16.1005, 5.20798); 1309 (15.4128, 4.20696); 1837 (14.6932, 4.12754); 2223 (15.3179, 4.89728); ]
    1157 (10.1132, 16.3152) -> [ 2216 (10.2688, 18.067); ]
    1158 (14.5916, 7.62908) -> [ 561 (16.6083, 6.72032); 667 (16.3513, 6.40496); 1419 (15.9093, 8.97811); 1634 (14.718, 7.77579); ]
    1165 (10.5969, 4.53498) -> [ 1983 (11.6489, 3.83284); 2365 (11.5835, 3.47671); ]
    1168 (4.0545, 11.8376) -> [ ]
    1170 (6.98621, 4.32975) -> [ 1198 (7.18776, 2.04594); 1471 (6.03964, 2.87464); 1515 (6.31643, 2.49748); 1677 (6.32943, 2.48485); 1754 (6.56645, 2.49262); ]
    1173 (18.9937, 13.2515) -> [ ]
    1175 (11.6988, 17.3941) -> [ 2478 (11.1782, 18.7849); 2485 (12.0073, 18.1544); ]
    1176 (16.0084, 18.0577) -> [ 922 (17.4387, 19.2974); ]
    1178 (5.06489, 5.31552) -> [ 1107 (3.58845, 3.96944); 1363 (4.2028, 3.59585); ]
    1179 (14.0908, 9.81059) -> [ 1544 (15.3999, 10.1677); ]
    1187 (12.1241, 18.7168) -> [ 1502 (13.1236, 20.5538); 1959 (12.8335, 20.4357); ]
    1192 (8.44789, 15.6298) -> [ 722 (8.19654, 17.7358); ]
    1194 (9.34843, 13.3893) -> [ 949 (9.98921, 15.0789); 1801 (9.99658, 15.0861); ]
    1195 (8.30686, 7.69221) -> [ 907 (9.59211, 8.25861); ]
    1199 (15.4468, 9.30062) -> [ 779 (17.3814, 9.34982); 880 (17.2158, 9.19263); 1216 (17.4528, 9.61136); 1498 (17.2691, 9.60429); 1551 (17.4235, 9.6134); 1733 (17.111, 9.31711); 2229 (17.0536, 9.53559); 2354 (16.7323, 9.45898); ]
    1201 (11.7712, 5.68386) -> [ 770 (12.8008, 4.22211); ]
    1213 (3.49843, 12.6095) -> [ 1778 (2.69042, 13.9827); 1869 (1.93748, 13.603); 2064 (1.82937, 12.836); ]
    1214 (14.9017, 14.7169) -> [ 2445 (15.6202, 15.2896); ]
    1216 (17.4528, 9.61136) -> [ 1112 (19.4711, 9.95382); 2327 (19.4033, 10.0538); ]
    1223 (6.13582, 7.44208) -> [ 1920 (4.1408, 7.30106); 2299 (4.9491, 6.93718); ]
    1224 (3.67892, 8.2082) -> [ 2377 (2.4638, 9.08517); ]
    1228 (17.1627, 10.9759) -> [ 1898 (18.8781, 11.5908); 1980 (18.8799, 11.609); ]
    1230 (19.47, 9.44402) -> [ 1116 (21.3949, 9.40684); ]
    1234 (3.37099, 13.0584) -> [ 2115 (2.59208, 14.577); ]
    1235 (15.8532, 9.6488) -> [ 1602 (17.4714, 8.68049); 1929 (17.2597, 8.22699); ]
    1236 (15.2256, 11.4575) -> [ 517 (16.5786, 12.5029); ]
    1242 (12.5799, 5.74539) -> [ 1305 (14.6592, 5.74875); 1359 (14.4631, 5.37236); 2452 (13.8802, 5.49298); ]
    1243 (10.1093, 7.92061) -> [ 331 (12.1704, 8.30992); 1166 (11.8719, 8.4235); 1661 (11.8894, 8.65008); ]
    1246 (7.35985, 14.9542) -> [ 753 (8.35562, 16.8765); 883 (8.59524, 16.5131); 1051 (5.61985, 16.2522); 1192 (8.44789, 15.6298); 1196 (6.80209, 17.1011); 1215 (6.51961, 16.2528); 1386 (8.06072, 15.8708); 1910 (8.24356, 16.055); 2108 (8.03974, 15.4351); 2193 (8.2146, 16.1464); ]
    1251 (10.3949, 7.13395) -> [ 1914 (11.312, 7.18963); 2126 (11.5751, 6.76577); ]
    1252 (15.7725, 14.6419) -> [ ]
    1256 (18.2958, 7.70366) -> [ 344 (18.5987, 5.72674); ]
    1264 (2.08557, 8.49757) -> [ ]
    1270 (1.56905, 0.351522) -> [ 2024 (1.01673, -1.3522); ]
    1272 (13.6639, 15.7138) -> [ 796 (14.4703, 16.7794); ]
    1274 (11.5898, 8.60088) -> [ ]
    1275 (7.13039, 8.11054) -> [ 1258 (7.78814, 9.53704); 1953 (7.27071, 9.78108); 2484 (7.14218, 9.69817); ]
    1279 (7.41423, 9.18334) -> [ 2301 (7.54991, 10.7784); ]
    1280 (16.4809, 9.82828) -> [ ]
    1281 (14.7534, 8.81343) -> [ ]
    1283 (3.45642, 8.21518) -> [ ]
    1285 (13.5589, 15.7919) -> [ 268 (13.9219, 16.2224); 1064 (14.0881, 16.6387); 2494 (14.2385, 17.147); ]
    1287 (12.7636, 9.01534) -> [ 1620 (13.096, 9.75284); 1856 (13.8665, 8.95208); 2143 (13.0151, 9.90353); 2284 (13.1975, 9.15573); ]
    1294 (7.52507, 15.3666) -> [ 650 (7.74412, 15.7877); 795 (7.98455, 16.0421); 974 (7.81663, 17.355); 1044 (7.78582, 17.2528); 1096 (8.25547, 17.4234); ]
    1296 (13.9921, 13.9242) -> [ 1214 (14.9017, 14.7169); 1468 (15.4679, 15.2441); 1626 (14.8954, 14.6448); 1773 (15.4134, 15.2252); 2470 (14.0453, 13.9782); ]
    1311 (11.9853, 4.54449) -> [ ]
    1328 (11.671, 7.45635) -> [ ]
    1337 (2.14155, 9.54324) -> [ ]
    1345 (18.7047, 7.72407) -> [ 415 (20.183, 6.33913); 1364 (20.8103, 8.23819); 1542 (20.584, 8.2985); 1889 (20.0531, 6.47654); ]
    1351 (12.7913, 8.06391) -> [ 626 (14.1632, 8.47942); 1281 (14.7534, 8.81343); 2396 (14.0917, 8.70162); ]
    1357 (8.69812, 6.83698) -> [ 875 (10.366, 6.25315); ]
    1359 (14.4631, 5.37236) -> [ 2082 (15.7156, 4.15639); ]
    1360 (8.31006, 14.6197) -> [ 1403 (9.02953, 15.6177); ]
    1361 (18.0509, 19.9212) -> [ 1873 (19.137, 21.6006); ]
    1374 (18.1995, 14.0304) -> [ 334 (20.1433, 14.1497); 756 (20.0014, 14.8538); ]
    1386 (8.06072, 15.8708) -> [ 983 (8.22608, 18.0275); ]
    1391 (6.20703, 15.654) -> [ 1009 (5.9207, 17.4601); 1458 (5.96495, 17.7406); ]
    1401 (3.8755, 7.91184) -> [ 1245 (2.37223, 6.59267); 1887 (2.0116, 7.85221); 2076 (2.46276, 8.42544); 2086 (2.79929, 6.54777); 2155 (2.65186, 7.05579); 2468 (2.60394, 8.13058); ]
    1402 (5.34488, 9.01163) -> [ 571 (3.36244, 9.19151); 604 (3.45968, 8.96999); 1127 (3.55312, 8.81795); ]
    1403 (9.02953, 15.6177) -> [ 1434 (9.8164, 17.3245); 1571 (8.7452, 17.5747); ]
    1409 (12.5722, 17.0624) -> [ 188 (13.3772, 18.1264); 1759 (12.8354, 17.538); ]
    1417 (5.01947, 8.23079) -> [ ]
    1420 (13.8608, 5.90817) -> [ 1265 (15.8619, 5.14818); 1618 (15.0658, 4.49349); ]
    1424 (10.4912, 18.9285) -> [ 1717 (10.5356, 20.7594); 2150 (10.8873, 20.8889); ]
    1429 (7.87713, 8.8713) -> [ 799 (8.53784, 10.0407); 1662 (8.92358, 10.4896); ]
    1435 (14.1845, 12.2943) -> [ ]
    1438 (7.09888, 7.2983) -> [ 1057 (6.13781, 5.54434); 2495 (6.37994, 5.43198); ]
    1455 (6.0066, 4.03043) -> [ 737 (4.77294, 2.5571); ]
    1459 (5.06924, 10.9729) -> [ 2032 (3.89315, 12.5905); ]
    1465 (6.73442, 10.6721) -> [ ]
    1470 (8.63944, 8.11168) -> [ 1461 (9.43136, 8.51089); ]
    1474 (3.85392, 9.27471) -> [ 1354 (1.80287, 8.99586); ]
    1475 (6.78006, 10.1074) -> [ ]
    1477 (14.2227, 10.3191) -> [ 787 (15.0692, 10.5698); 1961 (15.0113, 10.592); 2042 (15.4603, 10.7802); ]
    1478 (6.83809, 13.446) -> [ 1647 (7.69105, 13.9975); ]
    1480 (14.2854, 14.7879) -> [ ]
    1482 (2.70524, 11.9938) -> [ 2183 (1.19188, 11.7105); ]
    1484 (2.01891, 9.08466) -> [ ]
    1498 (17.2691, 9.60429) -> [ 452 (18.6879, 9.89051); 782 (18.9503, 10.062); ]
    1499 (17.4263, 13.2747) -> [ 1239 (18.764, 14.1088); ]
    1504 (7.50876, 11.1121) -> [ ]
    1509 (5.72005, 9.52862) -> [ 1459 (5.06924, 10.9729); 2477 (5.34297, 10.3678); ]
    1514 (17.7694, 6.8699) -> [ 1772 (18.2086, 5.70337); 1928 (18.3212, 5.70383); 2074 (18.4294, 4.98195); 2399 (18.2223, 6.23825); ]
    1516 (14.3349, 13.8002) -> [ 2056 (15.5547, 15.1146); ]
    1525 (13.2701, 6.58057) -> [ 374 (14.3293, 8.35346); 1380 (13.6717, 7.31372); ]
    1532 (5.27603, 12.855) -> [ 2217 (4.34462, 14.2791); ]
    1538 (6.4352, 9.15831) -> [ 618 (6.19482, 10.451); ]
    1544 (15.3999, 10.1677) -> [ 467 (17.0467, 10.6753); 634 (17.0256, 10.6359); 2191 (16.6904, 10.5895); ]
    1549 (9.30927, 5.00538) -> [ 928 (9.17601, 3.28733); 953 (9.3369, 3.35206); 1152 (9.32018, 3.32454); 1191 (9.4073, 3.49854); 1406 (9.05155, 3.15278); 1960 (9.19936, 3.35692); 2117 (10.0833, 3.5112); 2185 (9.71482, 4.01971); 2379 (10.1767, 4.26779); ]
    1560 (4.85289, 9.96571) -> [ 2033 (3.36476, 10.6623); ]
    1563 (15.2741, 7.21406) -> [ 1810 (16.7991, 6.67625); 2071 (16.2726, 5.81662); 2336 (16.5679, 6.48066); ]
    1576 (11.0206, 2.57801) -> [ 1667 (12.536, 1.3234); ]
    1580 (10.4674, 16.1732) -> [ 1902 (11.6875, 17.758); 2418 (10.8094, 16.4442); ]
    1587 (11.5127, 5.47546) -> [ 1033 (12.4827, 3.96309); 2383 (12.7266, 3.88601); ]
    1595 (6.76651, 6.21974) -> [ 1378 (5.79283, 4.84901); ]
    1602 (17.4714, 8.68049) -> [ ]
    1609 (4.6148, 9.66939) -> [ ]
    1615 (15.8429, 12.4564) -> [ 1499 (17.4263, 13.2747); ]
    1617 (6.30549, 13.7539) -> [ 898 (6.35808, 15.5994); 1278 (5.39867, 15.2877); 1391 (6.20703, 15.654); 1432 (5.86375, 15.5799); 1796 (4.7371, 14.6158); 2256 (6.58824, 14.7127); ]
    1619 (6.0303, 4.87462) -> [ 2146 (4.58423, 3.9679); 2281 (5.79337, 3.26571); ]
    1629 (3.81606, 11.7911) -> [ 975 (1.95321, 12.0198); 1110 (2.2003, 11.088); 1342 (1.94524, 11.9499); ]
    1630 (18.4237, 10.1313) -> [ 533 (19.1054, 10.1345); 1412 (19.2263, 10.2516); 1769 (19.6738, 8.81368); 1919 (19.8689, 9.77195); 2100 (19.7091, 10.097); ]
    1636 (10.5061, 12.7888) -> [ ]
    1639 (7.73704, 4.68201) -> [ 36 (6.68377, 2.97662); 504 (8.44096, 3.17829); 732 (6.62973, 3.01651); 1075 (8.10285, 3.09777); 1709 (8.68372, 2.98991); 2139 (7.98526, 3.33785); 2283 (7.82117, 4.4183); 2417 (8.17749, 3.85307); 2497 (7.79743, 4.42846); ]
    1640 (16.7426, 15.4473) -> [ 2089 (17.38, 15.8426); ]
    1648 (14.9965, 9.84117) -> [ 1339 (15.4653, 9.79537); 1710 (16.8938, 10.3543); 2228 (15.1932, 9.83541); ]
    1660 (14.831, 11.3675) -> [ 1998 (15.0303, 11.4661); ]
    1663 (6.86127, 10.0924) -> [ 1204 (6.7588, 11.2497); 1446 (6.87366, 11.4939); ]
    1671 (3.13964, 12.6152) -> [ 1923 (1.49815, 12.799); 2313 (1.62923, 12.095); 2500 (1.53857, 12.6405); ]
    1675 (13.4892, 14.4932) -> [ 2410 (14.3833, 15.7997); ]
    1678 (11.9723, 17.6922) -> [ ]
    1679 (7.90259, 9.11914) -> [ 803 (8.66229, 10.64); ]
    1682 (11.6266, 18.9063) -> [ ]
    1684 (10.3314, 14.3793) -> [ ]
    1687 (5.63568, 8.78057) -> [ 357 (4.26681, 8.65239); 371 (3.99905, 9.07928); 384 (4.46458, 8.99182); 489 (4.11635, 9.05803); 617 (5.16082, 8.60137); 705 (4.3134, 8.56994); 1402 (5.34488, 9.01163); 1417 (5.01947, 8.23079); 1474 (3.85392, 9.27471); 1560 (4.85289, 9.96571); 1609 (4.6148, 9.66939); 1658 (4.25423, 9.4447); 1693 (4.90257, 8.93664); 1786 (4.1495, 9.08038); 1794 (4.53467, 8.79901); 1946 (4.93207, 8.2807); ]
    1693 (4.90257, 8.93664) -> [ 82 (3.41588, 10.1908); 1222 (2.97045, 9.32775); 1299 (2.95722, 9.23675); ]
    1698 (8.9233, 7.63833) -> [ 1243 (10.1093, 7.92061); ]
    1702 (15.909, 11.5105) -> [ 521 (17.1866, 12.2205); 2111 (16.9004, 12.2929); ]
    1704 (10.7755, 18.5845) -> [ 1720 (10.5188, 20.4198); ]
    1707 (10.6676, 15.5638) -> [ ]
    1710 (16.8938, 10.3543) -> [ 265 (18.4657, 10.754); 2428 (18.0392, 10.5572); ]
    1712 (3.66452, 8.23246) -> [ 1484 (2.01891, 9.08466); ]
    1716 (18.0483, 7.80975) -> [ 1334 (19.4559, 6.9905); 2429 (19.5402, 8.46498); ]
    1718 (4.2015, 11.4684) -> [ ]
    1730 (7.32738, 11.2213) -> [ ]
    1733 (17.111, 9.31711) -> [ ]
    1734 (3.8951, 5.99639) -> [ ]
    1742 (6.615, 7.18748) -> [ 1852 (5.31154, 6.02989); ]
    1748 (4.46103, 11.7835) -> [ 1213 (3.49843, 12.6095); 1234 (3.37099, 13.0584); 1482 (2.70524, 11.9938); 1671 (3.13964, 12.6152); 1779 (2.47148, 11.5793); 1922 (3.61615, 12.9594); ]
    1750 (16.6399, 15.4022) -> [ 218 (17.3678, 15.9391); 1250 (17.7608, 16.3934); ]
    1766 (17.6674, 9.04526) -> [ 1656 (19.4669, 8.81486); ]
    1767 (9.63105, 4.83114) -> [ 1125 (9.86321, 2.97222); 1683 (10.5419, 3.15997); ]
    1771 (11.3482, 14.5121) -> [ ]
    1777 (11.849, 16.9187) -> [ 2066 (12.4131, 17.9642); ]
    1779 (2.47148, 11.5793) -> [ 2487 (1.0873, 11.4241); ]
    1781 (12.5552, 9.24141) -> [ 522 (14.4163, 9.77094); 1933 (14.0369, 9.88783); ]
    1789 (12.7588, 9.82147) -> [ 1500 (14.5631, 10.3305); 2137 (13.3103, 9.6425); 2348 (13.2254, 10.5175); ]
    1794 (4.53467, 8.79901) -> [ 1614 (3.01654, 9.76095); ]
    1801 (9.99658, 15.0861) -> [ 2230 (10.516, 15.9556); ]
    1803 (17.6672, 10.6137) -> [ 262 (19.1206, 11.1526); 290 (19.3765, 11.212); ]
    1816 (12.8708, 11.2442) -> [ 2433 (14.0166, 12.0978); ]
    1817 (8.2379, 6.27311) -> [ 545 (9.55903, 5.25031); 1549 (9.30927, 5.00538); 2401 (9.05228, 5.65161); ]
    1831 (1.80971, 9.82723) -> [ 643 (0.288403, 9.59059); 872 (0.303361, 9.43135); ]
    1834 (12.5515, 11.3503) -> [ 2266 (13.5044, 12.058); ]
    1843 (10.5438, 18.687) -> [ 846 (9.83742, 20.2533); 1202 (10.1772, 20.4929); 1701 (8.68381, 19.1365); 1724 (8.87518, 19.3588); 1981 (10.8002, 20.4582); ]
    1849 (15.6693, 10.5235) -> [ 2386 (17.2112, 11.2182); ]
    1851 (10.8971, 15.3536) -> [ 1077 (11.7026, 16.5218); 1777 (11.849, 16.9187); 1884 (11.8907, 16.548); 2103 (11.8438, 16.4459); 2257 (11.5188, 16.3935); ]
    1852 (5.31154, 6.02989) -> [ 156 (4.95388, 5.43081); 436 (4.84526, 5.48214); 2129 (4.49757, 4.73578); ]
    1854 (15.588, 16.1595) -> [ 1737 (16.4762, 17.0476); 2207 (16.0176, 17.2763); ]
    1863 (15.2401, 14.0259) -> [ 1830 (16.2224, 14.8464); ]
    1866 (17.3228, 10.8288) -> [ 2295 (17.9582, 11.0881); ]
    1875 (12.1733, 16.8935) -> [ 2486 (13.0559, 18.1647); ]
    1887 (2.0116, 7.85221) -> [ 2352 (0.0156117, 7.97889); ]
    1891 (11.1677, 3.11858) -> [ 1241 (10.894, 1.27891); 1999 (11.9238, 1.46172); ]
    1895 (13.8139, 4.69526) -> [ 2420 (14.3471, 3.08427); ]
    1898 (18.8781, 11.5908) -> [ 1297 (19.8833, 11.9401); ]
    1918 (15.528, 10.3371) -> [ 1866 (17.3228, 10.8288); 2175 (17.0871, 10.898); ]
    1919 (19.8689, 9.77195) -> [ 1936 (21.8363, 9.41217); ]
    1920 (4.1408, 7.30106) -> [ ]
    1922 (3.61615, 12.9594) -> [ 1808 (2.70146, 14.4681); 2293 (1.99934, 13.5787); ]
    1929 (17.2597, 8.22699) -> [ 605 (17.9974, 7.12435); 641 (18.2674, 7.44461); 817 (18.6384, 6.96805); 890 (17.3938, 6.63446); 1137 (17.4571, 7.26907); 1256 (18.2958, 7.70366); 1514 (17.7694, 6.8699); 1716 (18.0483, 7.80975); ]
    1930 (18.028, 12.7089) -> [ 1071 (18.657, 13.0981); ]
    1932 (12.4821, 18.6747) -> [ 2026 (12.1966, 20.6542); ]
    1933 (14.0369, 9.88783) -> [ 1865 (15.0221, 10.1878); ]
    1941 (19.9108, 13.3035) -> [ 498 (20.5647, 13.889); 861 (20.4377, 14.7641); 1503 (20.821, 14.2627); ]
    1953 (7.27071, 9.78108) -> [ 1504 (7.50876, 11.1121); 1611 (7.49693, 11.3486); 1730 (7.32738, 11.2213); 1940 (7.29712, 11.4601); 2070 (7.16825, 11.4385); ]
    1956 (5.6305, 4.34401) -> [ ]
    1966 (10.9166, 18.2389) -> [ 969 (10.7658, 19.271); 1783 (9.64839, 18.8775); ]
    1978 (7.56002, 7.50459) -> [ 559 (6.84098, 6.09466); 696 (7.17767, 5.70813); 777 (7.54759, 6.87355); 952 (7.33851, 6.67168); 2006 (9.03323, 7.80649); ]
    1979 (4.78929, 7.67702) -> [ 2233 (3.5751, 7.33458); ]
    1980 (18.8799, 11.609) -> [ 1603 (19.7136, 12.0791); ]
    1983 (11.6489, 3.83284) -> [ 1562 (12.9894, 2.7737); 1722 (12.29, 2.20925); 1991 (12.7119, 2.66104); 2173 (13.3192, 2.73289); 2251 (12.3492, 2.99259); 2329 (12.7147, 3.0398); 2363 (12.1373, 2.30191); 2411 (11.4611, 2.20332); ]
    1986 (11.098, 16.0148) -> [ 531 (11.7517, 17.4024); 964 (11.6188, 17.1317); 1175 (11.6988, 17.3941); ]
    1992 (12.5259, 17.6169) -> [ ]
    2021 (8.38664, 15.4786) -> [ 1633 (8.94642, 17.1155); 2419 (8.38687, 17.0606); ]
    2032 (3.89315, 12.5905) -> [ 723 (2.64831, 13.5671); 1035 (2.91294, 13.3647); 1132 (2.14402, 12.6279); 1596 (2.50049, 12.563); 1897 (2.63812, 12.8054); 2241 (2.59769, 13.15); ]
    2042 (15.4603, 10.7802) -> [ 2250 (16.7973, 11.2954); ]
    2045 (12.3815, 13.45) -> [ 1675 (13.4892, 14.4932); ]
    2047 (6.32292, 3.84494) -> [ 1358 (6.09918, 2.04854); 1625 (5.93968, 2.49727); 1975 (6.41423, 2.10861); 2288 (6.83484, 2.36303); ]
    2063 (10.3643, 12.7058) -> [ 1561 (10.8929, 12.6499); ]
    2066 (12.4131, 17.9642) -> [ 1519 (12.9831, 18.9946); 1823 (12.7012, 19.1245); 2218 (13.0679, 19.4397); 2332 (13.3456, 19.7334); ]
    2067 (10.6641, 18.4389) -> [ 564 (11.4942, 19.6476); 943 (9.62375, 19.892); 962 (9.87633, 19.8374); 1593 (9.25801, 19.2207); ]
    2070 (7.16825, 11.4385) -> [ ]
    2073 (6.92616, 9.05182) -> [ 1050 (6.77464, 10.2706); 1465 (6.73442, 10.6721); 1475 (6.78006, 10.1074); 1663 (6.86127, 10.0924); 2297 (6.65116, 10.1624); ]
    2084 (18.0202, 12.7037) -> [ 411 (19.1614, 13.2243); 1173 (18.9937, 13.2515); 1601 (19.6534, 13.4444); ]
    2090 (6.37147, 10.7281) -> [ ]
    2091 (18.6246, 11.0984) -> [ 773 (19.8574, 11.4549); ]
    2094 (16.0124, 11.2831) -> [ 1348 (17.2912, 11.9774); ]
    2097 (10.0204, 12.7379) -> [ 1878 (10.6377, 13.554); 1901 (11.1193, 13.6597); 2180 (11.205, 14.3493); ]
    2103 (11.8438, 16.4459) -> [ 506 (12.2114, 18.1759); ]
    2111 (16.9004, 12.2929) -> [ 144 (18.4438, 13.2248); 1126 (17.8167, 12.7668); ]
    2117 (10.0833, 3.5112) -> [ 1396 (10.6902, 1.99959); 2436 (9.37733, 2.07213); ]
    2124 (5.97305, 6.07812) -> [ 252 (5.50111, 5.47459); 780 (5.42307, 5.14161); 1752 (5.31776, 4.97277); ]
    2134 (7.35068, 5.41028) -> [ 41 (6.45412, 4.10821); 185 (7.34385, 5.37572); 275 (6.65248, 4.08437); 563 (7.15624, 4.92001); 613 (7.2171, 4.76011); 1170 (6.98621, 4.32975); 1990 (7.50306, 4.413); 2182 (7.09176, 4.34646); 2367 (6.64864, 4.77967); ]
    2135 (17.8312, 9.34942) -> [ 348 (19.5435, 9.40584); 503 (19.5997, 9.33586); 1958 (19.5171, 8.79227); 2022 (19.3758, 9.16893); ]
    2149 (7.79118, 14.1727) -> [ 2364 (8.54909, 15.4815); ]
    2161 (10.4934, 14.7572) -> [ 1986 (11.098, 16.0148); ]
    2170 (5.47456, 4.6347) -> [ 1566 (5.06241, 3.02406); 1802 (5.97547, 3.17524); ]
    2174 (13.9638, 5.27758) -> [ 2385 (15.6198, 4.15613); ]
    2175 (17.0871, 10.898) -> [ 741 (17.8787, 11.1639); ]
    2176 (5.19258, 7.91955) -> [ 886 (4.2841, 7.88242); 1401 (3.8755, 7.91184); ]
    2180 (11.205, 14.3493) -> [ 927 (11.6066, 14.7217); 1771 (11.3482, 14.5121); 1847 (12.0117, 15.1115); 1973 (11.6134, 14.6809); ]
    2182 (7.09176, 4.34646) -> [ 1070 (7.02287, 2.58453); ]
    2184 (13.0423, 6.05665) -> [ 1895 (13.8139, 4.69526); 1917 (13.9799, 4.56052); 2174 (13.9638, 5.27758); 2226 (14.4682, 5.21795); ]
    2185 (9.71482, 4.01971) -> [ 2113 (9.19064, 2.37338); 2342 (9.12313, 2.44008); ]
    2188 (6.03138, 13.7076) -> [ 2172 (5.04689, 14.5668); ]
    2191 (16.6904, 10.5895) -> [ 333 (17.4004, 10.8099); ]
    2195 (12.304, 8.33174) -> [ 1120 (12.7849, 8.54253); ]
    2208 (10.3741, 2.78289) -> [ 2068 (9.34733, 1.59001); ]
    2233 (3.5751, 7.33458) -> [ 1533 (2.20233, 6.58517); ]
    2244 (4.77534, 10.2559) -> [ 394 (3.35291, 10.3651); 1578 (3.09492, 10.6534); ]
    2250 (16.7973, 11.2954) -> [ 171 (17.8563, 11.7087); 443 (17.8948, 11.7265); 699 (17.577, 11.6075); 2249 (17.5827, 11.4916); ]
    2255 (6.46671, 5.03678) -> [ 2339 (6.37197, 3.03903); ]
    2257 (11.5188, 16.3935) -> [ 173 (12.3081, 17.7063); 395 (12.218, 17.6718); ]
    2295 (17.9582, 11.0881) -> [ 2435 (19.1034, 11.4101); ]
    2297 (6.65116, 10.1624) -> [ 365 (6.50971, 11.1615); 663 (6.55689, 11.1805); 1006 (6.59712, 10.9443); 1565 (6.558, 11.2912); ]
    2301 (7.54991, 10.7784) -> [ 870 (7.58868, 11.6924); 1218 (7.56032, 11.7856); ]
    2316 (5.05026, 7.97447) -> [ 165 (3.56269, 8.19622); 1224 (3.67892, 8.2082); 1283 (3.45642, 8.21518); 1712 (3.66452, 8.23246); ]
    2318 (6.98151, 4.8953) -> [ 642 (6.6832, 4.10369); ]
    2324 (8.92301, 18.4135) -> [ 1053 (8.63238, 19.6712); 1080 (8.66183, 20.0916); 1390 (8.75754, 19.3834); ]
    2339 (6.37197, 3.03903) -> [ 1650 (5.54964, 1.69697); 1764 (5.33145, 1.94474); ]
    2346 (12.232, 7.89907) -> [ 1024 (12.838, 8.45801); ]
    2349 (9.41036, 12.4295) -> [ 2263 (10.1789, 13.6584); ]
    2354 (16.7323, 9.45898) -> [ 1935 (17.4126, 8.3499); ]
    2361 (10.2431, 14.7255) -> [ 2393 (10.5297, 15.7882); ]
    2365 (11.5835, 3.47671) -> [ 1208 (12.7565, 2.31594); 1308 (12.1902, 1.98459); 1892 (11.4932, 1.81331); ]
    2386 (17.2112, 11.2182) -> [ 2240 (17.8366, 11.3885); ]
    2392 (12.1491, 5.67408) -> [ 652 (12.2249, 4.24039); 765 (12.2609, 4.22157); 1153 (13.1343, 4.53812); 1586 (12.309, 4.38637); 2328 (13.215, 5.09264); 2373 (12.4996, 5.02819); ]
    2394 (17.4821, 10.6054) -> [ 117 (18.7832, 11.0159); 1392 (18.1503, 10.7949); ]
    2397 (17.5255, 9.36541) -> [ 632 (17.7846, 9.38547); ]
    2402 (11.4889, 19.5943) -> [ 1106 (10.3647, 20.6352); 1787 (10.8601, 20.9872); ]
    2403 (16.4854, 9.8527) -> [ 1109 (17.3996, 10.1337); ]
    2417 (8.17749, 3.85307) -> [ 979 (7.77856, 2.56052); 1486 (6.85931, 2.79328); ]
    2426 (16.6987, 5.29907) -> [ 1706 (17.9749, 4.20444); 1858 (17.7886, 4.16099); 2048 (17.8487, 4.272); 2052 (17.8773, 4.36094); ]
    2428 (18.0392, 10.5572) -> [ 511 (19.5986, 11.0807); 1741 (19.4633, 9.92543); 2163 (19.0119, 10.7624); 2277 (19.2246, 10.8001); ]
    2433 (14.0166, 12.0978) -> [ 988 (14.9499, 12.8459); 1906 (14.5633, 12.4351); ]
    2441 (12.7943, 14.5452) -> [ 1569 (13.6734, 15.5962); ]
    2442 (12.8363, 17.004) -> [ 1821 (13.5841, 18.0132); ]
    2477 (5.34297, 10.3678) -> [ 1748 (4.46103, 11.7835); ]
    2478 (11.1782, 18.7849) -> [ 455 (12.3465, 19.8403); ]
    2488 (5.13774, 10.0581) -> [ 1142 (3.61596, 10.4679); ]
    2492 (13.5652, 11.8264) -> [ 1435 (14.1845, 12.2943); ]
    2494 (14.2385, 17.147) -> [ 1534 (14.415, 17.8397); ]
    2495 (6.37994, 5.43198) -> [ 1455 (6.0066, 4.03043); 1619 (6.0303, 4.87462); 2047 (6.32292, 3.84494); ]
    2499 (14.7382, 15.2852) -> [ 1854 (15.588, 16.1595); 2450 (15.7279, 16.469); ]
