Children Map for Subproblem Tree 4
======================================
Parent ID (x, y) -> [List of Children IDs (x, y)]
    0 (0, 1) -> [ 1 (1.39291, 2.4352); 2 (2.8124, 3.84411); 3 (3.49355, 5.72455); 4 (5.46501, 6.06124); 5 (6.99215, 7.35269); 6 (6.19415, 9.18658); 7 (1.79466, 6.77991); 8 (8.84061, 6.589); 9 (10.2208, 5.14155); 10 (5.26338, 10.9568); 11 (5.94791, 12.836); 12 (1.58632, 6.32659); 13 (12.2048, 4.88956); 15 (4.69234, 3.16158); 16 (8.29893, 5.83864); 22 (1.62626, 8.7728); 36 (6.68377, 2.97662); 38 (0.471607, 0.660038); 41 (6.45412, 4.10821); 43 (7.72716, 1.27036); 47 (1.33023, 4.34306); 55 (6.37805, 2.08531); 64 (3.10045, 3.4123); 91 (5.06319, 0.578277); 116 (3.45811, 5.73701); 131 (1.08376, 4.41116); 132 (-0.16811, 3.68548); 135 (3.57235, 3.7261); 153 (2.09784, -0.50416); 234 (2.09767, 1.68185); 236 (1.50106, 2.35037); 284 (1.2827, 2.57816); 288 (0.408841, 4.70995); 308 (3.079, 3.42455); 352 (2.42494, 0.230534); 376 (-0.716853, 2.62023); 409 (0.421591, 2.70999); 441 (2.24678, -0.261241); 459 (2.09868, 1.82306); 488 (1.0462, 2.57572); 507 (3.1197, -0.0372897); 524 (0.57133, 0.632914); 528 (0.487944, 0.728561); 537 (0.611597, 0.719034); 599 (2.45732, -0.0512411); 635 (2.56909, 1.48417); 639 (1.94048, -0.414472); 651 (0.825332, 3.61707); 664 (2.23081, 2.55729); 676 (1.14099, 2.93047); 736 (0.45342, 0.566829); 789 (1.72941, -0.997688); 831 (2.27075, -0.310644); 899 (1.15592, 0.81963); 915 (1.64047, 2.44422); 944 (0.343365, 2.9703); 972 (0.0990714, 1.86251); 1084 (1.18162, 0.58031); 1141 (0.624483, -0.640294); 1197 (-0.339259, -1.26938); 1270 (1.56905, 0.351522); 1312 (1.6375, 2.06899); 1411 (1.19479, 0.11861); 1442 (-1.32237, -0.353271); 1517 (0.302985, 0.579345); 1541 (1.57264, 2.07159); 1590 (0.768408, 2.71288); 1646 (1.08497, 2.52327); 1836 (-1.03407, 1.33848); 1886 (1.93107, 1.52056); 1952 (0.662812, 1.17652); 1954 (0.6676, 1.18539); 2038 (0.532293, 2.51188); 2147 (1.0977, 2.35662); 2196 (1.38968, 0.33466); 2209 (1.68552, 1.35666); 2259 (0.531641, 0.488924); 2274 (1.10913, 0.211608); 2323 (-1.17913, 1.67338); 2337 (-0.587512, -0.352521); 2422 (-0.162457, 2.12151); ]
    2 (2.8124, 3.84411) -> [ 192 (5.32912, 6.24169); 196 (6.16098, 6.98842); 200 (4.80955, 6.63246); 436 (4.84526, 5.48214); 565 (2.99541, 6.89728); 682 (0.505504, 4.091); 694 (4.42187, 5.76526); 1074 (0.710353, 3.72002); 1293 (1.34742, 3.42508); 1304 (1.07558, 2.99227); 1746 (1.57268, 4.34908); 1924 (1.70391, 2.51091); 1974 (1.6722, 3.25768); ]
    3 (3.49355, 5.72455) -> [ 14 (7.82424, 13.5284); 18 (9.01506, 15.1352); 19 (8.86472, 11.8203); 303 (6.09977, 8.80098); 601 (4.28397, 6.33081); 957 (4.84398, 5.98514); 1410 (3.98051, 5.90559); 1604 (3.76908, 5.91467); 1734 (3.8951, 5.99639); 1814 (4.79607, 5.87713); ]
    4 (5.46501, 6.06124) -> [ 30 (10.3501, 10.4811); 109 (6.84403, 7.50979); 145 (8.18909, 8.69548); 216 (8.25819, 8.68128); 892 (6.37677, 6.76187); 960 (7.29258, 7.73004); 1438 (7.09888, 7.2983); 1742 (6.615, 7.18748); ]
    5 (6.99215, 7.35269) -> [ 27 (13.8838, 14.0389); 94 (8.54487, 8.56701); 115 (11.8295, 10.8039); 178 (10.5056, 10.4619); 685 (7.96351, 8.2542); 1494 (7.98509, 8.27901); ]
    6 (6.19415, 9.18658) -> [ 20 (10.8081, 16.0212); 143 (8.8763, 13.5395); 385 (7.77132, 11.6817); 518 (6.51305, 9.78676); 1475 (6.78006, 10.1074); 1663 (6.86127, 10.0924); ]
    7 (1.79466, 6.77991) -> [ 21 (4.52953, 14.2461); 23 (4.68044, 16.2404); 233 (2.07013, 7.53153); 368 (0.252642, 10.0229); 568 (1.95433, 6.48325); 598 (1.67463, 6.77339); 646 (2.47174, 8.82751); 853 (1.99666, 9.09838); 921 (2.23117, 6.41483); 946 (0.837148, 6.93506); 990 (2.57809, 8.38451); 1038 (0.490673, 8.75843); 1533 (2.20233, 6.58517); 1559 (1.76951, 7.00454); 1642 (2.38462, 7.91164); 1904 (1.1886, 6.18875); 2076 (2.46276, 8.42544); 2268 (1.13598, 6.19549); 2468 (2.60394, 8.13058); ]
    8 (8.84061, 6.589) -> [ 162 (13.1958, 9.25628); 239 (12.0622, 9.20607); 1838 (9.51767, 7.24989); 1896 (9.15482, 6.9994); 2265 (9.51076, 7.24973); ]
    9 (10.2208, 5.14155) -> [ 17 (13.3548, 6.52593); 37 (18.2551, 7.85531); 124 (15.4639, 7.10396); 391 (13.1698, 6.00311); 620 (11.8316, 5.50355); 1201 (11.7712, 5.68386); 1302 (11.7746, 5.96992); 1587 (11.5127, 5.47546); 1651 (12.0613, 5.90637); ]
    10 (5.26338, 10.9568) -> [ 69 (6.90187, 13.8582); 235 (6.70806, 13.4633); 622 (6.48885, 13.5128); 825 (6.64765, 13.1593); 2264 (5.27341, 11.0702); ]
    11 (5.94791, 12.836) -> [ 32 (7.03781, 15.436); 61 (8.16987, 16.9479); 84 (5.99936, 12.9988); 191 (7.9507, 17.2155); 445 (6.81573, 15.6002); 633 (7.37906, 15.4414); 1013 (6.45564, 13.6695); 1617 (6.30549, 13.7539); 2188 (6.03138, 13.7076); ]
    12 (1.58632, 6.32659) -> [ 263 (2.49613, 10.2885); 300 (-0.221132, 5.47037); 400 (-0.343761, 9.1178); 485 (0.574289, 7.30539); 557 (1.46119, 5.84789); 582 (1.29274, 9.37426); 621 (2.43678, 6.00906); 749 (0.633908, 7.37304); 757 (-0.520535, 5.57811); 784 (0.567084, 5.3054); 794 (0.136583, 7.43831); 855 (0.0769981, 5.57023); 895 (-0.339219, 6.71883); 965 (2.45712, 5.99537); 981 (0.294356, 7.55839); 1193 (2.21545, 7.33113); 1245 (2.37223, 6.59267); 1264 (2.08557, 8.49757); 1284 (0.53463, 6.75892); 1290 (2.87765, 7.14991); 1321 (0.491601, 5.5491); 1322 (2.82453, 7.15934); 1550 (1.11448, 7.38222); 1657 (1.80771, 5.18634); 1665 (2.88506, 6.85681); 1887 (2.0116, 7.85221); 1968 (1.21725, 4.99824); 1969 (0.996703, 7.43955); 2028 (1.3802, 5.23625); 2086 (2.79929, 6.54777); 2155 (2.65186, 7.05579); 2296 (0.745422, 5.87775); 2384 (0.568881, 5.29425); 2412 (0.119766, 6.78909); ]
    13 (12.2048, 4.88956) -> [ 28 (16.8964, 6.38769); 72 (16.7206, 6.82677); 83 (16.5751, 6.86935); 277 (14.3594, 5.53544); 427 (14.5033, 5.34975); 583 (13.7256, 5.52997); 2328 (13.215, 5.09264); 2373 (12.4996, 5.02819); ]
    14 (7.82424, 13.5284) -> [ 29 (10.984, 19.0539); 269 (8.97135, 15.2298); 590 (8.89049, 15.2736); ]
    15 (4.69234, 3.16158) -> [ 70 (8.41334, 4.51004); 247 (5.00298, 3.53761); 275 (6.65248, 4.08437); 286 (4.70822, 2.66479); 289 (8.65063, 4.1704); 302 (5.26349, 3.53563); 323 (8.32676, 4.11705); 432 (3.60216, 1.47624); 457 (4.97348, 4.01341); 465 (5.51645, 2.34164); 476 (7.71705, 3.92516); 501 (3.97549, 2.12047); 513 (5.46907, 1.38775); 544 (4.00922, 2.41455); 563 (7.15624, 4.92001); 613 (7.2171, 4.76011); 642 (6.6832, 4.10369); 737 (4.77294, 2.5571); 738 (4.72688, 3.21387); 742 (3.04314, 3.42718); 775 (4.49506, 1.41474); 948 (4.0415, 2.78847); 970 (4.50889, 2.49993); 1030 (4.27748, 4.39648); 1094 (5.60206, 1.49602); 1107 (3.58845, 3.96944); 1210 (4.69808, 1.19101); 1253 (4.63753, 1.96602); 1362 (3.37849, 1.86802); 1363 (4.2028, 3.59585); 1378 (5.79283, 4.84901); 1455 (6.0066, 4.03043); 1471 (6.03964, 2.87464); 1479 (6.12965, 4.13179); 1495 (6.1355, 4.35679); 1566 (5.06241, 3.02406); 1573 (5.28033, 1.67452); 1622 (3.66825, 2.86006); 1625 (5.93968, 2.49727); 1650 (5.54964, 1.69697); 1669 (5.15119, 1.56628); 1726 (3.66602, 3.10053); 1752 (5.31776, 4.97277); 1764 (5.33145, 1.94474); 1768 (4.56398, 1.3462); 1802 (5.97547, 3.17524); 1956 (5.6305, 4.34401); 2047 (6.32292, 3.84494); 2146 (4.58423, 3.9679); 2154 (2.75741, 2.65555); 2170 (5.47456, 4.6347); 2227 (3.61607, 2.36104); 2281 (5.79337, 3.26571); 2339 (6.37197, 3.03903); ]
    16 (8.29893, 5.83864) -> [ 67 (11.7167, 7.67337); 149 (9.0832, 6.52616); 158 (11.6027, 7.49041); 414 (10.6062, 6.5348); 492 (9.58387, 6.57888); ]
    17 (13.3548, 6.52593) -> [ 377 (16.5855, 7.78477); 1448 (14.752, 7.11573); 1563 (15.2741, 7.21406); ]
    18 (9.01506, 15.1352) -> [ 49 (12.0773, 19.6463); 1086 (9.26786, 15.4388); ]
    19 (8.86472, 11.8203) -> [ 24 (12.7836, 15.7092); 166 (10.5275, 13.8266); 417 (9.2426, 12.294); 525 (10.3991, 13.6327); 1637 (8.88885, 11.8466); 2349 (9.41036, 12.4295); ]
    20 (10.8081, 16.0212) -> [ 173 (12.3081, 17.7063); 395 (12.218, 17.6718); 506 (12.2114, 18.1759); 531 (11.7517, 17.4024); 964 (11.6188, 17.1317); 1175 (11.6988, 17.3941); ]
    21 (4.52953, 14.2461) -> [ 509 (5.12065, 16.0796); 592 (4.87612, 15.2009); ]
    22 (1.62626, 8.7728) -> [ 33 (3.28199, 17.6702); 42 (1.28279, 17.6134); 51 (2.77714, 15.626); 52 (0.752174, 15.6851); 86 (2.47885, 11.9577); 95 (0.918979, 13.2095); 142 (2.27804, 13.9476); 160 (1.89524, 11.8599); 161 (2.19232, 11.9698); 227 (2.16386, 11.9687); 328 (1.13831, 12.3218); 379 (2.21323, 11.6847); 643 (0.288403, 9.59059); 821 (1.64787, 11.0677); 872 (0.303361, 9.43135); 1103 (0.973847, 9.43942); 1354 (1.80287, 8.99586); 1454 (1.21879, 10.6374); 1732 (0.648074, 9.37299); 1795 (0.585684, 9.25463); 1831 (1.80971, 9.82723); 1989 (0.708843, 9.41873); 2020 (0.837491, 9.43321); 2040 (0.482734, 9.0369); 2083 (1.35163, 10.1144); 2414 (1.08248, 9.25165); ]
    23 (4.68044, 16.2404) -> [ 63 (5.03988, 18.2078); 482 (5.41018, 18.0914); 631 (5.17555, 18.0055); 674 (4.65725, 16.6621); 1220 (5.22419, 17.517); 1365 (5.06845, 18.0632); 1749 (4.67041, 16.2706); ]
    24 (12.7836, 15.7092) -> [ 92 (14.158, 17.2408); 152 (12.9762, 15.8211); 330 (14.1061, 17.3558); 718 (14.1295, 17.2427); 1064 (14.0881, 16.6387); ]
    25 (15.0894, 5.53043) -> [ 53 (19.4553, 6.25546); 744 (15.6121, 5.74926); 815 (16.5994, 5.7773); 1005 (15.6238, 5.76133); 2054 (16.5658, 5.73049); 2071 (16.2726, 5.81662); ]
    27 (13.8838, 14.0389) -> [ 573 (15.3604, 15.3878); ]
    28 (16.8964, 6.38769) -> [ 96 (19.2085, 6.98472); 163 (21.7442, 7.82469); 520 (19.8659, 6.82292); 817 (18.6384, 6.96805); 890 (17.3938, 6.63446); ]
    29 (10.984, 19.0539) -> [ 698 (11.5988, 20.2071); 760 (12.3181, 21.3714); 1594 (11.7696, 20.5844); ]
    30 (10.3501, 10.4811) -> [ 35 (16.9763, 16.4731); 39 (16.1316, 16.9166); 402 (12.4851, 12.6093); 850 (11.0718, 11.266); 1233 (11.4689, 11.474); 1653 (10.6742, 10.7959); 2434 (11.4041, 11.5144); ]
    31 (15.6511, 14.9752) -> [ 98 (19.0929, 18.0739); 108 (18.7889, 17.3463); 114 (19.2161, 17.9862); 197 (16.5532, 15.6923); 327 (18.6308, 17.417); 473 (16.3995, 15.5062); 487 (16.914, 15.9973); 830 (16.559, 15.7357); 987 (16.2833, 15.4748); 1266 (16.6037, 15.7702); 1341 (16.4069, 15.5423); 1689 (17.0511, 16.1904); ]
    32 (7.03781, 15.436) -> [ 974 (7.81663, 17.355); 1044 (7.78582, 17.2528); ]
    33 (3.28199, 17.6702) -> [ 85 (3.8356, 19.8046); 222 (4.07617, 21.7901); 387 (3.81008, 19.8301); 431 (3.87865, 19.8361); 829 (4.00519, 19.9193); ]
    35 (16.9763, 16.4731) -> [ 100 (20.3135, 19.6582); 1616 (18.17, 17.8899); ]
    36 (6.68377, 2.97662) -> [ 25 (15.0894, 5.53043); 228 (7.92404, 3.46172); 251 (8.68154, 3.0709); 307 (10.6037, 3.73958); 496 (8.23978, 3.58761); 504 (8.44096, 3.17829); 584 (9.0687, 3.50671); 732 (6.62973, 3.01651); 838 (6.66612, 2.94805); 928 (9.17601, 3.28733); 1075 (8.10285, 3.09777); 1486 (6.85931, 2.79328); 2139 (7.98526, 3.33785); 2400 (7.51472, 2.85192); ]
    37 (18.2551, 7.85531) -> [ 887 (20.6037, 8.7005); 2429 (19.5402, 8.46498); ]
    39 (16.1316, 16.9166) -> [ 454 (16.7918, 17.678); 1340 (16.91, 17.7697); 1577 (17.0136, 17.8118); ]
    40 (16.5001, 8.81458) -> [ 632 (17.7846, 9.38547); 2135 (17.8312, 9.34942); ]
    41 (6.45412, 4.10821) -> [ 99 (11.0831, 6.54538); 1170 (6.98621, 4.32975); 1639 (7.73704, 4.68201); ]
    42 (1.28279, 17.6134) -> [ 60 (1.62416, 21.5843); 542 (1.41934, 18.3985); 597 (1.33424, 18.1243); 1977 (1.37699, 19.2879); ]
    43 (7.72716, 1.27036) -> [ 76 (7.86077, 1.35962); 102 (12.8794, 1.51998); 254 (8.74156, 1.0718); 280 (10.1721, -1.06299); 366 (9.5245, 0.694657); 380 (9.86926, 1.87931); 381 (10.9047, 1.2028); 848 (8.90779, 1.09238); 900 (9.86439, -0.218358); 908 (10.2263, 0.956792); 1063 (8.21966, 0.718666); 1547 (9.38213, 1.36529); 1600 (8.00772, -0.60895); 1882 (8.7072, 0.187746); 1883 (7.84192, 1.41838); 2068 (9.34733, 1.59001); 2181 (8.61883, 1.41479); ]
    44 (14.6081, 8.08451) -> [ 1093 (16.4964, 8.8652); 2065 (14.8227, 8.21122); ]
    45 (18.9414, 16.1009) -> [ ]
    47 (1.33023, 4.34306) -> [ 82 (3.41588, 10.1908); 88 (0.500868, 10.4261); 123 (3.18698, 8.20396); 165 (3.56269, 8.19622); 223 (3.03592, 8.16556); 1190 (0.274603, 3.93148); 1809 (0.61301, 4.03665); 2060 (0.00782479, 4.31433); 2278 (0.94012, 4.6824); 2374 (0.949967, 3.51179); 2459 (0.704474, 4.71186); 2479 (1.18828, 2.862); ]
    48 (17.0894, 13.5854) -> [ ]
    49 (12.0773, 19.6463) -> [ 224 (12.1762, 19.7257); 260 (12.415, 20.4342); 455 (12.3465, 19.8403); 746 (12.3971, 20.1672); 1824 (12.9988, 20.918); 1959 (12.8335, 20.4357); ]
    50 (0.29634, 21.0809) -> [ 1971 (0.3633, 21.1376); 2357 (0.837663, 21.0639); ]
    51 (2.77714, 15.626) -> [ 1988 (2.76579, 16.0463); 2099 (3.04675, 17.1367); ]
    52 (0.752174, 15.6851) -> [ 50 (0.29634, 21.0809); 113 (0.39109, 19.0831); 386 (0.67647, 17.8225); 585 (0.748241, 17.6851); 1248 (0.739085, 17.6072); 1915 (0.916935, 16.7544); 2037 (0.622653, 16.2286); 2375 (1.28814, 17.0384); 2467 (0.925304, 16.7064); ]
    53 (19.4553, 6.25546) -> [ 415 (20.183, 6.33913); 1857 (19.8667, 6.41302); 1889 (20.0531, 6.47654); ]
    54 (14.7379, 7.4993) -> [ 679 (16.4181, 8.20621); 1545 (16.4694, 8.32052); 1589 (14.8771, 7.61671); ]
    55 (6.37805, 2.08531) -> [ 79 (11.0488, 3.25752); 127 (8.67962, 2.84792); 172 (9.18796, 2.66614); 181 (8.23126, 2.83739); 258 (6.63397, 2.08446); 311 (6.76459, 2.08752); 493 (8.65992, 2.72605); 494 (7.86941, 2.49721); 607 (9.20517, 3.01733); 750 (8.08563, 2.68437); 956 (5.62135, 0.745973); 973 (6.68095, 0.888618); 979 (7.77856, 2.56052); 1042 (6.37769, 1.36346); 1070 (7.02287, 2.58453); 1148 (7.75846, 1.89266); 1184 (7.77187, 2.56489); 1198 (7.18776, 2.04594); 1358 (6.09918, 2.04854); 1453 (6.63849, 1.69451); 1457 (6.71559, 0.608276); 1515 (6.31643, 2.49748); 1677 (6.32943, 2.48485); 1754 (6.56645, 2.49262); 1785 (7.40814, 2.39202); 1871 (6.65303, 1.87502); 1975 (6.41423, 2.10861); 1987 (6.617, 2.49056); 2158 (5.84003, 1.6095); 2219 (5.72888, 1.71482); 2237 (7.84537, 2.78686); 2288 (6.83484, 2.36303); 2372 (7.4924, 2.69163); 2387 (6.51458, 2.32701); 2449 (6.94571, 2.21468); 2474 (6.91566, 2.63856); ]
    56 (14.3964, 8.23327) -> [ 281 (17.0804, 9.54268); 1419 (15.9093, 8.97811); ]
    58 (12.3158, 10.8498) -> [ 1104 (12.7286, 11.2009); 2266 (13.5044, 12.058); ]
    59 (5.14003, 14.8048) -> [ 103 (6.90581, 19.5247); 136 (6.82733, 19.5905); 527 (5.42997, 15.8898); 834 (5.90741, 16.9145); 1051 (5.61985, 16.2522); 1278 (5.39867, 15.2877); 1303 (5.71138, 16.6571); ]
    60 (1.62416, 21.5843) -> [ 774 (1.56919, 21.5835); ]
    61 (8.16987, 16.9479) -> [ 118 (10.2211, 20.9026); 215 (10.3622, 20.6751); 480 (9.23023, 19.1392); 2324 (8.92301, 18.4135); ]
    62 (7.82616, 9.81071) -> [ ]
    63 (5.03988, 18.2078) -> [ 1149 (5.29162, 19.6734); ]
    64 (3.10045, 3.4123) -> [ 140 (5.82466, 0.653523); 185 (7.34385, 5.37572); 194 (4.57235, -0.905871); 211 (6.80725, 5.37255); 249 (5.51365, 4.5986); 341 (5.50304, 0.829506); 851 (3.15569, 0.78906); 934 (2.9312, 1.03628); 1965 (2.08625, 2.0886); ]
    65 (10.1784, 8.48849) -> [ 1017 (11.2012, 9.27704); 2371 (11.0761, 9.09263); ]
    66 (20.0437, 4.34399) -> [ 1908 (20.8756, 4.41067); 1909 (21.659, 3.16469); ]
    67 (11.7167, 7.67337) -> [ 1024 (12.838, 8.45801); 1765 (13.1297, 8.57564); 1894 (13.2334, 8.41717); 2346 (12.232, 7.89907); ]
    68 (8.82374, 11.5442) -> [ 728 (8.96582, 11.6822); ]
    69 (6.90187, 13.8582) -> [ 164 (9.38372, 17.8542); 795 (7.98455, 16.0421); ]
    70 (8.41334, 4.51004) -> [ 54 (14.7379, 7.4993); 1238 (10.4731, 4.99411); 1767 (9.63105, 4.83114); ]
    71 (15.853, 3.68195) -> [ 689 (17.979, 3.72794); 766 (17.8042, 3.65616); 868 (17.0186, 3.7571); 1000 (17.3346, 3.85092); 1183 (16.8235, 3.5808); 1247 (17.6914, 3.65801); 1349 (17.02, 3.75431); 2190 (16.8125, 3.33902); ]
    72 (16.7206, 6.82677) -> [ 1345 (18.7047, 7.72407); ]
    73 (9.68822, 0.877601) -> [ 110 (14.8162, 1.02087); 130 (13.6436, -0.328257); 250 (11.6734, 0.634571); 412 (12.892, 0.0907114); 505 (12.8532, 0.75173); 1631 (10.872, 0.477867); 2355 (10.9187, 0.416511); ]
    74 (6.27246, 16.6327) -> [ 134 (8.22139, 20.8661); 640 (6.80675, 17.6585); 1844 (6.72094, 17.5924); 2314 (6.40976, 17.3623); 2344 (6.85548, 18.1992); ]
    75 (10.8453, 16.2021) -> [ ]
    78 (20.0082, 8.81786) -> [ 625 (21.695, 9.37693); 1116 (21.3949, 9.40684); ]
    79 (11.0488, 3.25752) -> [ ]
    80 (13.3406, 12.1141) -> [ 129 (14.9442, 13.3092); 159 (15.0373, 13.4999); 282 (15.0388, 13.4498); 1108 (14.6571, 13.3884); 1335 (14.1197, 12.7639); ]
    81 (11.3924, 12.5663) -> [ 198 (14.5738, 15.9787); 429 (12.9446, 14.4774); 1072 (11.5906, 12.8352); 1903 (11.9543, 13.2248); 1921 (11.9769, 13.1844); 2156 (11.774, 12.9975); ]
    82 (3.41588, 10.1908) -> [ 59 (5.14003, 14.8048); 246 (3.94709, 11.8635); 740 (4.23695, 12.5949); 1142 (3.61596, 10.4679); 1168 (4.0545, 11.8376); 1629 (3.81606, 11.7911); 2212 (4.07519, 11.7371); ]
    83 (16.5751, 6.86935) -> [ 1256 (18.2958, 7.70366); ]
    85 (3.8356, 19.8046) -> [ 1376 (4.23901, 21.4379); ]
    86 (2.47885, 11.9577) -> [ 1035 (2.91294, 13.3647); 1897 (2.63812, 12.8054); ]
    87 (13.6999, 7.93158) -> [ 117 (18.7832, 11.0159); 388 (14.479, 8.22321); ]
    88 (0.500868, 10.4261) -> [ 195 (-1.04001, 13.6124); 257 (-0.434884, 14.6815); 849 (-0.0827351, 12.1559); 1066 (-0.605574, 11.915); 1584 (-1.01165, 11.7347); 2144 (0.0148446, 11.2562); 2245 (-0.403672, 11.0807); 2261 (-0.143163, 11.2282); ]
    89 (19.6998, 9.2383) -> [ 502 (21.7438, 9.81173); 1067 (21.6051, 10.0778); ]
    90 (5.58168, 18.0258) -> [ 217 (6.20997, 19.9245); 847 (6.17072, 19.6144); 1113 (6.2932, 20.2099); 1985 (5.62757, 18.1614); ]
    91 (5.06319, 0.578277) -> [ 73 (9.68822, 0.877601); 154 (6.6878, 0.109441); 242 (6.49938, 0.088993); 369 (8.49836, 0.959072); 468 (4.34108, -0.382248); 474 (7.52571, 0.764347); 591 (7.22458, 0.604012); 704 (5.02045, 0.0661249); 806 (7.25785, -0.741462); 893 (4.86862, -0.243348); 1102 (4.9954, -0.555355); 1226 (5.59238, 0.246093); 1257 (4.73753, -0.170249); 1400 (3.31139, 0.468907); 1513 (5.31125, 0.492525); 1784 (3.53461, 1.44794); 1790 (3.0928, 0.921123); 1826 (5.30944, 0.557131); 2014 (4.93341, 0.8538); 2267 (6.50228, -0.310667); 2279 (6.70787, 0.135898); 2359 (5.17549, -0.255744); 2376 (4.78178, 0.0980131); ]
    92 (14.158, 17.2408) -> [ 208 (16.7337, 19.962); 220 (16.7773, 19.943); 2059 (15.0026, 18.1364); ]
    93 (17.037, 13.5332) -> [ ]
    94 (8.54487, 8.56701) -> [ 80 (13.3406, 12.1141); 508 (10.215, 9.90866); ]
    95 (0.918979, 13.2095) -> [ 176 (-0.0529274, 16.1249); 797 (0.533673, 15.8276); 1289 (0.649164, 14.5444); 1937 (-0.335679, 14.767); ]
    96 (19.2085, 6.98472) -> [ 1334 (19.4559, 6.9905); 1427 (21.1035, 7.43354); ]
    97 (13.5458, 3.4057) -> [ 101 (17.7483, 4.32071); 1501 (13.6109, 3.45278); ]
    98 (19.0929, 18.0739) -> [ 358 (19.4731, 18.4936); 659 (19.8782, 19.0408); 1261 (20.5129, 19.3517); 1343 (19.8179, 18.7361); 1553 (20.0975, 19.3779); ]
    99 (11.0831, 6.54538) -> [ 40 (16.5001, 8.81458); 44 (14.6081, 8.08451); 56 (14.3964, 8.23327); 87 (13.6999, 7.93158); 167 (12.9293, 7.31445); 374 (14.3293, 8.35346); 891 (12.7397, 7.58487); 2126 (11.5751, 6.76577); ]
    100 (20.3135, 19.6582) -> [ 283 (21.0624, 20.2514); 1317 (21.4753, 21.2862); ]
    101 (17.7483, 4.32071) -> [ 66 (20.0437, 4.34399); 1121 (19.9737, 4.27435); 1825 (18.7225, 4.59973); 2052 (17.8773, 4.36094); ]
    102 (12.8794, 1.51998) -> [ 207 (15.7671, 1.68842); 238 (16.3027, 2.09735); 273 (13.9958, 1.64049); 338 (16.7643, 1.47353); 471 (13.8885, 1.6567); 725 (14.1006, 1.61883); 1088 (12.8923, 1.55098); 1101 (15.0052, 2.15203); 1167 (14.7499, 1.80881); 1548 (14.7976, 1.83709); 1688 (12.9796, 1.74905); ]
    103 (6.90581, 19.5247) -> [ 550 (7.86322, 21.05); 714 (7.41245, 20.7319); 1583 (7.84083, 20.7586); 1655 (7.26792, 20.549); 1828 (7.60949, 20.5098); ]
    104 (19.3101, 2.48338) -> [ 958 (20.912, 0.711136); 1307 (20.7157, 2.41708); 1579 (20.23, 1.19768); 1744 (20.1061, 1.04956); 2221 (20.4005, 2.30261); ]
    105 (4.71964, 12.2551) -> [ 74 (6.27246, 16.6327); 206 (6.59841, 16.3035); 721 (5.85196, 14.662); ]
    106 (12.1593, 17.1676) -> [ ]
    107 (4.01522, 10.6773) -> [ 325 (4.45573, 12.2474); 342 (5.74025, 13.914); 439 (5.13482, 12.754); 475 (5.17088, 12.7816); 1254 (4.20553, 11.0051); 1718 (4.2015, 11.4684); 1748 (4.46103, 11.7835); ]
    108 (18.7889, 17.3463) -> [ ]
    109 (6.84403, 7.50979) -> [ ]
    110 (14.8162, 1.02087) -> [ ]
    112 (8.80243, 18.89) -> [ 878 (9.84081, 20.7686); 933 (9.95746, 20.9276); ]
    113 (0.39109, 19.0831) -> [ 1022 (0.278377, 21.0799); 1056 (0.353126, 21.1293); 1383 (-0.0315547, 20.7077); 1927 (-0.00910067, 19.606); 2304 (-0.186624, 20.2542); 2340 (0.1374, 20.1351); ]
    115 (11.8295, 10.8039) -> [ 1834 (12.5515, 11.3503); ]
    116 (3.45811, 5.73701) -> [ 138 (3.60385, 6.24789); 146 (5.99434, 10.6135); 267 (2.95423, 5.3932); 403 (3.24434, 6.17645); 406 (3.37266, 6.19411); 708 (3.72798, 6.20306); 712 (3.53124, 6.19647); 874 (3.02142, 6.16562); 886 (4.2841, 7.88242); 1027 (4.78682, 7.78659); 1431 (3.39022, 6.37592); 1757 (3.21592, 6.22651); 1867 (2.98204, 5.17052); 1920 (4.1408, 7.30106); 2233 (3.5751, 7.33458); 2234 (3.45336, 5.67108); 2437 (3.46155, 6.0594); ]
    117 (18.7832, 11.0159) -> [ 133 (20.8812, 12.6153); 262 (19.1206, 11.1526); 290 (19.3765, 11.212); 336 (21.7585, 12.5088); 773 (19.8574, 11.4549); ]
    118 (10.2211, 20.9026) -> [ 2469 (10.4591, 21.4056); ]
    119 (17.1844, 18.617) -> [ 201 (19.4821, 21.4772); 349 (19.0963, 20.5095); 577 (17.688, 19.1174); 959 (17.9166, 19.4308); ]
    120 (12.2408, 13.7842) -> [ 483 (14.2869, 15.3538); 1079 (13.6514, 14.9377); ]
    121 (18.0157, 14.3281) -> [ 1151 (19.4859, 15.3967); ]
    122 (19.2988, 12.5722) -> [ 183 (22.0397, 14.4671); 1117 (20.5704, 13.3235); ]
    123 (3.18698, 8.20396) -> [ 1127 (3.55312, 8.81795); 1474 (3.85392, 9.27471); ]
    124 (15.4639, 7.10396) -> [ 78 (20.0082, 8.81786); 889 (16.7344, 7.38066); ]
    125 (2.25196, 9.97065) -> [ 1482 (2.70524, 11.9938); 1779 (2.47148, 11.5793); ]
    127 (8.67962, 2.84792) -> [ ]
    128 (3.33203, 13.7666) -> [ 322 (4.04463, 15.6964); 863 (3.63753, 16.2355); 937 (3.54409, 14.849); 1092 (3.77527, 15.6629); 1161 (3.60972, 14.7693); 1996 (3.96838, 15.3344); ]
    129 (14.9442, 13.3092) -> [ ]
    130 (13.6436, -0.328257) -> [ 229 (16.5544, -0.413776); 1450 (15.6127, -0.16168); 2072 (15.3321, -0.496612); ]
    131 (1.08376, 4.41116) -> [ 125 (2.25196, 9.97065); 170 (2.49333, 8.6539); 1181 (-0.639471, 5.58614); ]
    133 (20.8812, 12.6153) -> [ ]
    134 (8.22139, 20.8661) -> [ 833 (8.35635, 21.4676); 1496 (8.54377, 22.0881); 1743 (8.50412, 21.4151); 1815 (9.13745, 22.2014); ]
    135 (3.57235, 3.7261) -> [ 155 (7.82117, 6.72961); 231 (3.89826, 4.99719); 297 (2.60669, 4.60646); 407 (3.64467, 5.0056); 437 (3.52965, 4.34612); 484 (5.41428, 4.5054); 532 (3.00668, 3.87016); 535 (6.1706, 5.52921); 558 (2.88864, 3.7702); 687 (2.98411, 3.80748); 780 (5.42307, 5.14161); 809 (5.83564, 4.50064); 822 (4.83807, 5.02281); 923 (1.58342, 4.25468); 982 (3.03572, 4.16567); 986 (2.64306, 4.23445); 997 (2.64963, 2.1857); 1041 (2.59943, 1.89385); 1048 (2.67378, 3.73805); 1061 (2.19283, 4.49753); 1134 (1.68368, 2.92992); 1178 (5.06489, 5.31552); 1186 (2.83838, 5.05816); 1276 (1.94558, 4.05769); 1310 (4.16281, 5.20551); 1394 (3.62861, 5.00016); 1507 (2.18286, 2.21583); 1531 (2.31422, 4.332); 1575 (3.10186, 4.50206); 1668 (2.88604, 4.70076); 1681 (2.20272, 4.15444); 1727 (2.22779, 3.57268); 1763 (3.50738, 4.80093); 1861 (4.21991, 4.97719); 2120 (1.80617, 4.04182); 2129 (4.49757, 4.73578); 2131 (2.9502, 4.16688); 2192 (2.34506, 4.33667); 2243 (1.97405, 4.12827); 2291 (2.42657, 3.63875); 2303 (2.9794, 4.54596); ]
    136 (6.82733, 19.5905) -> [ ]
    138 (3.60385, 6.24789) -> [ 705 (4.3134, 8.56994); ]
    141 (21.4441, 6.04473) -> [ 1699 (22.1795, 6.22228); 2058 (22.4536, 6.91043); ]
    142 (2.27804, 13.9476) -> [ 186 (2.40798, 18.4039); 255 (2.41559, 14.5362); 329 (2.5715, 15.6164); 551 (2.57684, 16.7675); 783 (2.26802, 14.7779); 942 (2.3341, 14.8152); 1948 (2.4466, 15.4081); 2432 (2.42316, 14.8335); 2453 (2.29826, 14.4164); ]
    143 (8.8763, 13.5395) -> [ 450 (10.403, 16.6264); 949 (9.98921, 15.0789); 1801 (9.99658, 15.0861); ]
    144 (18.4438, 13.2248) -> [ 861 (20.4377, 14.7641); 2142 (19.3202, 13.9267); ]
    145 (8.18909, 8.69548) -> [ 2311 (8.69834, 9.15267); ]
    146 (5.99434, 10.6135) -> [ 34 (6.36752, 11.1791); 203 (7.16706, 12.8777); 430 (7.25409, 12.7678); 1114 (6.98784, 12.5112); ]
    147 (1.5236, 17.5303) -> [ ]
    148 (14.0936, 2.78362) -> [ 710 (16.3676, 2.87373); ]
    154 (6.6878, 0.109441) -> [ 1564 (5.4903, -1.49243); ]
    155 (7.82117, 6.72961) -> [ 65 (10.1784, 8.48849); 205 (11.2166, 8.90015); 658 (9.28656, 7.57778); 695 (9.98411, 8.21636); 1698 (8.9233, 7.63833); 2006 (9.03323, 7.80649); ]
    157 (14.6639, 10.6144) -> [ ]
    158 (11.6027, 7.49041) -> [ 1351 (12.7913, 8.06391); 1911 (13.052, 7.99964); ]
    159 (15.0373, 13.4999) -> [ 174 (17.5108, 15.7111); 244 (17.5454, 15.8644); 1260 (16.0157, 14.3213); ]
    160 (1.89524, 11.8599) -> [ 1869 (1.93748, 13.603); 2293 (1.99934, 13.5787); ]
    162 (13.1958, 9.25628) -> [ 184 (15.4244, 10.5007); 351 (14.6795, 10.2131); 787 (15.0692, 10.5698); 1179 (14.0908, 9.81059); 1331 (15.0323, 10.4719); 1500 (14.5631, 10.3305); 1505 (14.6226, 10.0757); 1933 (14.0369, 9.88783); 2153 (13.2817, 9.403); ]
    164 (9.38372, 17.8542) -> [ 1159 (9.39183, 17.897); ]
    165 (3.56269, 8.19622) -> [ 357 (4.26681, 8.65239); 371 (3.99905, 9.07928); 384 (4.46458, 8.99182); 489 (4.11635, 9.05803); 644 (4.77464, 10.273); 772 (4.84241, 10.5759); 1034 (4.74239, 10.2552); 1224 (3.67892, 8.2082); 1283 (3.45642, 8.21518); 1609 (4.6148, 9.66939); 1658 (4.25423, 9.4447); 1712 (3.66452, 8.23246); 1786 (4.1495, 9.08038); ]
    166 (10.5275, 13.8266) -> [ ]
    167 (12.9293, 7.31445) -> [ 209 (16.239, 8.94766); 785 (14.8139, 8.10165); 1047 (14.9351, 8.06276); ]
    169 (8.40788, 6.57171) -> [ ]
    170 (2.49333, 8.6539) -> [ 187 (3.27699, 11.1897); ]
    171 (17.8563, 11.7087) -> [ 314 (19.7735, 12.7535); ]
    172 (9.18796, 2.66614) -> [ 97 (13.5458, 3.4057); 221 (12.2579, 3.42096); 1527 (10.4075, 2.74379); 1576 (11.0206, 2.57801); 2208 (10.3741, 2.78289); ]
    173 (12.3081, 17.7063) -> [ 440 (13.6669, 19.2705); ]
    174 (17.5108, 15.7111) -> [ 510 (18.4407, 16.5462); 1356 (17.8895, 16.0062); 2104 (18.5535, 16.5967); ]
    175 (15.4693, 19.6458) -> [ ]
    176 (-0.0529274, 16.1249) -> [ 715 (-0.302909, 17.3842); 1721 (-1.18024, 17.0449); 1925 (-0.716503, 17.6664); ]
    177 (18.6373, 5.06802) -> [ ]
    178 (10.5056, 10.4619) -> [ 276 (11.3077, 11.0583); 335 (12.9617, 12.5277); 1582 (11.0845, 10.96); 1673 (11.0305, 11.0073); ]
    180 (17.9725, 0.996524) -> [ 691 (20.7761, 1.12284); 692 (18.648, -1.14096); 1145 (18.9053, -0.772645); 1813 (19.7309, 0.0436831); ]
    181 (8.23126, 2.83739) -> [ 1709 (8.68372, 2.98991); ]
    182 (4.45778, 14.5418) -> [ 841 (5.18377, 17.0511); ]
    183 (22.0397, 14.4671) -> [ 2232 (22.436, 14.6826); ]
    184 (15.4244, 10.5007) -> [ 1848 (15.5114, 10.5531); ]
    185 (7.34385, 5.37572) -> [ ]
    186 (2.40798, 18.4039) -> [ 478 (2.29648, 19.1669); 720 (2.3335, 19.5596); 767 (2.38486, 18.9253); 1367 (2.27183, 19.316); 1567 (2.55754, 20.0431); 1753 (2.176, 19.8483); 1820 (2.38876, 18.4238); 2381 (2.28952, 19.9799); ]
    187 (3.27699, 11.1897) -> [ 182 (4.45778, 14.5418); 210 (4.49361, 14.5995); 673 (3.52781, 12.7566); 2032 (3.89315, 12.5905); ]
    188 (13.3772, 18.1264) -> [ ]
    189 (15.6912, 12.3304) -> [ ]
    190 (9.63732, 14.3726) -> [ 1707 (10.6676, 15.5638); 2393 (10.5297, 15.7882); 2466 (10.0442, 15.0786); ]
    191 (7.9507, 17.2155) -> [ 112 (8.80243, 18.89); 324 (8.53034, 18.3581); 722 (8.19654, 17.7358); 983 (8.22608, 18.0275); 1384 (8.56122, 18.4237); 1418 (8.5496, 18.5126); ]
    192 (5.32912, 6.24169) -> [ 675 (5.36812, 6.32881); ]
    196 (6.16098, 6.98842) -> [ 543 (7.96938, 8.72089); 661 (8.08889, 8.72103); 735 (6.96197, 7.73198); 1275 (7.13039, 8.11054); ]
    198 (14.5738, 15.9787) -> [ 119 (17.1844, 18.617); 470 (15.7662, 16.9718); 683 (16.6441, 18.0272); 1298 (15.3791, 16.6721); 1393 (15.1842, 16.6602); 1839 (15.3049, 16.9429); ]
    199 (15.9543, 18.1201) -> [ 1268 (16.3258, 18.5526); ]
    200 (4.80955, 6.63246) -> [ 451 (5.97312, 8.25915); 1554 (5.81366, 7.96583); 2299 (4.9491, 6.93718); ]
    202 (8.61857, 15.5228) -> [ 137 (10.7564, 19.3165); 343 (10.3469, 18.6752); ]
    203 (7.16706, 12.8777) -> [ 202 (8.61857, 15.5228); 1647 (7.69105, 13.9975); 2149 (7.79118, 14.1727); ]
    205 (11.2166, 8.90015) -> [ 832 (13.3553, 10.4595); 842 (12.4179, 9.69247); 1128 (12.2324, 9.39572); 1789 (12.7588, 9.82147); ]
    206 (6.59841, 16.3035) -> [ 367 (7.57491, 18.1903); 383 (8.13734, 18.8679); ]
    207 (15.7671, 1.68842) -> [ 428 (17.1132, 1.63096); 904 (17.3945, 1.85182); 1462 (17.8767, 1.86495); ]
    208 (16.7337, 19.962) -> [ 1139 (17.0972, 20.4499); 1144 (17.4247, 21.1406); 2012 (17.0968, 20.4646); ]
    209 (16.239, 8.94766) -> [ 533 (19.1054, 10.1345); 1733 (17.111, 9.31711); ]
    210 (4.49361, 14.5995) -> [ 90 (5.58168, 18.0258); 226 (5.19693, 16.4717); 2201 (4.88902, 15.6118); ]
    211 (6.80725, 5.37255) -> [ 1817 (8.2379, 6.27311); ]
    212 (11.368, 17.604) -> [ ]
    213 (6.85203, 11.8793) -> [ 1850 (7.97618, 13.5335); ]
    214 (12.8162, 1.02169) -> [ 653 (14.8456, 0.926428); 812 (14.978, 1.06548); 1206 (14.7208, 0.900404); 2300 (14.8113, 0.882111); ]
    215 (10.3622, 20.6751) -> [ ]
    216 (8.25819, 8.68128) -> [ ]
    219 (16.9874, 13.9437) -> [ 278 (19.2208, 15.9242); 500 (19.5393, 16.0195); 2123 (17.8815, 14.5483); ]
    220 (16.7773, 19.943) -> [ 595 (17.0854, 20.2278); 2009 (17.2108, 20.2978); ]
    221 (12.2579, 3.42096) -> [ 71 (15.853, 3.68195); 232 (13.8531, 3.69605); 516 (13.3381, 3.56787); 771 (13.9758, 3.8691); 1016 (12.8054, 3.48048); 2462 (13.6132, 3.74118); ]
    223 (3.03592, 8.16556) -> [ 105 (4.71964, 12.2551); 107 (4.01522, 10.6773); 571 (3.36244, 9.19151); 604 (3.45968, 8.96999); ]
    226 (5.19693, 16.4717) -> [ 536 (5.94649, 18.5878); 1695 (5.40469, 17.3243); ]
    227 (2.16386, 11.9687) -> [ ]
    228 (7.92404, 3.46172) -> [ 671 (10.4006, 4.2846); 745 (10.3455, 4.00627); 950 (10.1588, 4.15105); ]
    229 (16.5544, -0.413776) -> [ 1832 (17.6276, -1.18104); ]
    232 (13.8531, 3.69605) -> [ 292 (16.733, 4.39437); 1870 (15.6924, 3.75087); 2125 (15.394, 3.7832); ]
    233 (2.07013, 7.53153) -> [ 394 (3.35291, 10.3651); 1558 (0.44196, 8.38709); 2377 (2.4638, 9.08517); ]
    237 (15.915, 12.9927) -> [ 2353 (16.5885, 13.9717); ]
    238 (16.3027, 2.09735) -> [ 104 (19.3101, 2.48338); 1130 (18.5288, 2.47928); 2473 (17.5296, 2.2949); ]
    239 (12.0622, 9.20607) -> [ ]
    240 (17.1319, 11.542) -> [ 2424 (17.3001, 11.6812); ]
    241 (18.6682, 7.28141) -> [ 857 (20.9027, 8.20515); 1031 (20.255, 7.86767); ]
    243 (11.1008, 2.43449) -> [ 372 (13.0585, 2.84339); ]
    244 (17.5454, 15.8644) -> [ ]
    245 (14.2816, 16.1565) -> [ 199 (15.9543, 18.1201); 759 (15.0504, 17.012); 1535 (14.841, 16.8604); 1792 (15.3809, 17.2971); 2004 (15.0119, 17.0032); ]
    246 (3.94709, 11.8635) -> [ 791 (4.45686, 13.7394); ]
    248 (17.3102, 4.83931) -> [ 141 (21.4441, 6.04473); 655 (19.3016, 5.59436); 1020 (18.1288, 5.12867); ]
    249 (5.51365, 4.5986) -> [ 169 (8.40788, 6.57171); 350 (6.66443, 5.05282); 378 (6.78826, 5.10793); 696 (7.17767, 5.70813); 911 (6.45088, 5.2728); 2255 (6.46671, 5.03678); 2495 (6.37994, 5.43198); ]
    250 (11.6734, 0.634571) -> [ ]
    252 (5.50111, 5.47459) -> [ ]
    254 (8.74156, 1.0718) -> [ 1510 (10.1084, 0.6169); 1697 (9.78428, 0.757108); ]
    255 (2.41559, 14.5362) -> [ ]
    256 (9.14089, 13.1392) -> [ 638 (10.3806, 14.8574); 1194 (9.34843, 13.3893); 1372 (10.3727, 14.8133); ]
    257 (-0.434884, 14.6815) -> [ 126 (-0.698989, 17.8828); 1913 (-0.284037, 16.3134); ]
    258 (6.63397, 2.08446) -> [ 562 (9.75559, 1.99965); ]
    260 (12.415, 20.4342) -> [ ]
    263 (2.49613, 10.2885) -> [ 128 (3.33203, 13.7666); ]
    264 (8.74033, 19.5048) -> [ 1572 (9.05952, 20.3751); ]
    272 (1.7252, 13.9378) -> [ 147 (1.5236, 17.5303); 425 (1.55244, 17.3177); 438 (1.48421, 17.295); ]
    273 (13.9958, 1.64049) -> [ 612 (16.7434, 1.96067); ]
    274 (10.0637, 16.0879) -> [ ]
    275 (6.65248, 4.08437) -> [ 545 (9.55903, 5.25031); 1028 (8.35193, 4.42924); ]
    276 (11.3077, 11.0583) -> [ ]
    277 (14.3594, 5.53544) -> [ ]
    278 (19.2208, 15.9242) -> [ ]
    281 (17.0804, 9.54268) -> [ 511 (19.5986, 11.0807); 906 (18.9057, 10.6112); ]
    282 (15.0388, 13.4498) -> [ 688 (16.1294, 14.2818); 2057 (15.4905, 13.7655); 2404 (15.4493, 13.751); ]
    285 (15.4556, 3.00761) -> [ ]
    288 (0.408841, 4.70995) -> [ 1329 (-1.27121, 6.01771); 2098 (-0.211043, 5.84539); 2220 (-0.681939, 4.6875); ]
    289 (8.65063, 4.1704) -> [ 1864 (10.2722, 4.70108); ]
    291 (15.7494, 14.7595) -> [ 989 (16.973, 15.6471); 1428 (17.4943, 15.8569); 1640 (16.7426, 15.4473); 1750 (16.6399, 15.4022); 1907 (15.9636, 14.9611); ]
    292 (16.733, 4.39437) -> [ 177 (18.6373, 5.06802); 359 (19.6826, 5.09765); 913 (17.8708, 4.60737); 2074 (18.4294, 4.98195); 2287 (18.3892, 4.88481); ]
    294 (17.7062, 1.22127) -> [ 230 (21.1131, 1.6177); 512 (20.4388, 0.832278); 594 (18.9397, 1.04295); 935 (18.2455, -0.984753); 1078 (20.0685, 0.934595); 1398 (19.5281, 0.807822); 2236 (18.7146, 0.361282); ]
    296 (17.4506, 19.3729) -> [ ]
    298 (16.7385, 6.66207) -> [ ]
    299 (14.5339, 1.23263) -> [ 294 (17.7062, 1.22127); 1373 (16.4216, 1.04857); 2448 (14.8995, 1.12651); ]
    303 (6.09977, 8.80098) -> [ 68 (8.82374, 11.5442); 382 (7.94072, 11.0735); 1538 (6.4352, 9.15831); 2484 (7.14218, 9.69817); ]
    305 (12.2223, 14.386) -> [ 2493 (12.6338, 14.6924); ]
    306 (13.1953, 17.8091) -> [ 1466 (13.446, 18.188); 2160 (13.5479, 18.3862); ]
    307 (10.6037, 3.73958) -> [ 652 (12.2249, 4.24039); 765 (12.2609, 4.22157); 770 (12.8008, 4.22211); 1033 (12.4827, 3.96309); 1723 (11.6852, 4.11561); ]
    308 (3.079, 3.42455) -> [ 156 (4.95388, 5.43081); 252 (5.50111, 5.47459); ]
    309 (18.2428, 2.17165) -> [ 672 (20.959, 1.10721); ]
    310 (15.8158, 0.56829) -> [ 179 (19.315, 0.483384); 266 (18.8207, -0.840182); 867 (17.7805, -0.799231); ]
    311 (6.76459, 2.08752) -> [ 1379 (8.86278, 2.18169); ]
    312 (5.27939, 20.0028) -> [ 2242 (5.73136, 21.6635); ]
    313 (18.4621, 12.1309) -> [ 1941 (19.9108, 13.3035); ]
    316 (17.021, 13.7545) -> [ ]
    317 (19.6429, 3.68016) -> [ ]
    320 (15.4791, 19.0363) -> [ 2031 (16.6887, 20.629); ]
    321 (13.9565, 18.0263) -> [ 1543 (14.4678, 18.8004); ]
    322 (4.04463, 15.6964) -> [ 375 (4.93136, 18.1165); 1520 (4.28646, 16.3964); ]
    324 (8.53034, 18.3581) -> [ 2415 (9.28365, 19.5009); ]
    325 (4.45573, 12.2474) -> [ 764 (5.32932, 14.3962); ]
    326 (13.9565, 18.0259) -> [ 603 (14.3573, 18.3913); 1018 (15.0828, 19.3375); ]
    327 (18.6308, 17.417) -> [ 1522 (19.4082, 18.0457); 2157 (19.0658, 17.9384); 2159 (19.09, 17.8992); ]
    328 (1.13831, 12.3218) -> [ 1069 (1.0711, 14.294); ]
    329 (2.5715, 15.6164) -> [ ]
    330 (14.1061, 17.3558) -> [ 320 (15.4791, 19.0363); 1043 (15.3548, 18.9291); 1433 (14.9787, 18.3654); 1534 (14.415, 17.8397); ]
    331 (12.1704, 8.30992) -> [ 522 (14.4163, 9.77094); 1120 (12.7849, 8.54253); 1452 (12.5156, 8.69055); 1628 (12.9717, 8.73821); 2195 (12.304, 8.33174); 2284 (13.1975, 9.15573); ]
    332 (14.3527, 17.9664) -> [ ]
    333 (17.4004, 10.8099) -> [ 1898 (18.8781, 11.5908); 1980 (18.8799, 11.609); 2295 (17.9582, 11.0881); ]
    334 (20.1433, 14.1497) -> [ 2454 (21.3736, 15.2337); ]
    335 (12.9617, 12.5277) -> [ 31 (15.6511, 14.9752); 291 (15.7494, 14.7595); 1405 (13.0872, 12.5667); 1516 (14.3349, 13.8002); ]
    337 (9.49792, 10.3253) -> [ 81 (11.3924, 12.5663); 393 (10.8646, 11.8002); 410 (10.9006, 12.1887); 820 (10.6407, 11.8628); 1729 (10.5022, 11.6353); 1840 (10.4616, 11.5378); ]
    338 (16.7643, 1.47353) -> [ 1800 (17.665, 1.34602); ]
    340 (9.26088, 8.51825) -> [ 1931 (10.126, 9.19722); ]
    342 (5.74025, 13.914) -> [ 627 (6.69822, 15.5935); ]
    343 (10.3469, 18.6752) -> [ 969 (10.7658, 19.271); 1424 (10.4912, 18.9285); 2186 (10.7108, 19.4885); ]
    344 (18.5987, 5.72674) -> [ 1440 (19.2357, 5.85516); ]
    345 (11.092, 17.0568) -> [ 1187 (12.1241, 18.7168); ]
    350 (6.66443, 5.05282) -> [ ]
    351 (14.6795, 10.2131) -> [ ]
    352 (2.42494, 0.230534) -> [ 2001 (1.36463, -0.696297); ]
    353 (10.7116, 14.4469) -> [ 670 (12.3234, 16.3835); 843 (11.9101, 16.4585); 902 (11.7025, 15.7104); ]
    356 (20.2434, 12.8015) -> [ 1464 (21.6439, 13.4537); ]
    359 (19.6826, 5.09765) -> [ 884 (21.2689, 5.32555); 984 (20.25, 5.22547); 1032 (21.9029, 5.3185); ]
    360 (18.6297, 9.02177) -> [ 287 (21.3172, 10.33); 1230 (19.47, 9.44402); 1919 (19.8689, 9.77195); 2022 (19.3758, 9.16893); ]
    362 (15.2736, 11.6005) -> [ 1146 (16.6004, 12.7811); ]
    363 (7.83095, 10.3359) -> [ 993 (8.69201, 11.4126); 1209 (8.66194, 11.3472); 2096 (8.1161, 10.6635); ]
    364 (18.0785, 14.2825) -> [ 2002 (19.1102, 15.0461); ]
    365 (6.50971, 11.1615) -> [ 724 (7.68645, 13.4532); 1565 (6.558, 11.2912); ]
    366 (9.5245, 0.694657) -> [ 936 (11.4729, -0.607179); 2187 (10.6622, -0.00586571); ]
    367 (7.57491, 18.1903) -> [ 423 (8.0991, 20.8675); 1080 (8.66183, 20.0916); ]
    368 (0.252642, 10.0229) -> [ 416 (-0.288156, 10.92); 2378 (-0.555489, 10.9684); ]
    369 (8.49836, 0.959072) -> [ 315 (11.4846, -0.00164994); 392 (11.0058, -0.794647); 1003 (10.417, -0.352848); ]
    370 (13.229, 20.53) -> [ 1081 (13.5364, 21.1363); ]
    372 (13.0585, 2.84339) -> [ 2173 (13.3192, 2.73289); ]
    374 (14.3293, 8.35346) -> [ ]
    375 (4.93136, 18.1165) -> [ 312 (5.27939, 20.0028); 968 (5.21831, 19.6115); ]
    377 (16.5855, 7.78477) -> [ 89 (19.6998, 9.2383); ]
    379 (2.21323, 11.6847) -> [ 723 (2.64831, 13.5671); 1596 (2.50049, 12.563); 2241 (2.59769, 13.15); ]
    380 (9.86926, 1.87931) -> [ 499 (13.0263, 1.8938); 2411 (11.4611, 2.20332); ]
    381 (10.9047, 1.2028) -> [ 214 (12.8162, 1.02169); 299 (14.5339, 1.23263); 435 (14.2649, 1.40071); 1667 (12.536, 1.3234); ]
    382 (7.94072, 11.0735) -> [ 424 (9.22885, 12.451); 684 (8.97927, 12.4677); ]
    383 (8.13734, 18.8679) -> [ 1053 (8.63238, 19.6712); 1899 (8.29631, 19.0812); ]
    385 (7.77132, 11.6817) -> [ 190 (9.63732, 14.3726); 256 (9.14089, 13.1392); ]
    386 (0.67647, 17.8225) -> [ 1382 (-0.0784641, 19.54); ]
    387 (3.81008, 19.8301) -> [ 413 (3.93385, 21.4825); 645 (3.73992, 21.1321); 1423 (3.97782, 21.0763); 1552 (4.0113, 20.643); 1557 (3.79889, 19.841); ]
    389 (17.7584, 10.3077) -> [ ]
    390 (3.41619, 12.5846) -> [ 654 (3.52151, 13.1974); 1234 (3.37099, 13.0584); ]
    391 (13.1698, 6.00311) -> [ 2369 (14.2005, 6.29661); ]
    393 (10.8646, 11.8002) -> [ 619 (11.9213, 12.7765); 1324 (11.9224, 12.9563); ]
    395 (12.218, 17.6718) -> [ 421 (13.4817, 19.4238); 2066 (12.4131, 17.9642); ]
    397 (6.27457, 7.99769) -> [ 768 (7.48093, 9.43025); 862 (7.51109, 9.42282); 925 (7.59593, 9.62885); 1258 (7.78814, 9.53704); 1279 (7.41423, 9.18334); 1555 (7.8201, 9.26708); 2073 (6.92616, 9.05182); ]
    400 (-0.343761, 9.1178) -> [ 1277 (-0.702137, 11.2164); 1649 (-1.67359, 9.97866); 2455 (-1.29978, 10.1682); ]
    402 (12.4851, 12.6093) -> [ 539 (13.2335, 13.3477); 1160 (13.0825, 13.2329); 1296 (13.9921, 13.9242); 1845 (13.3337, 13.3953); 2167 (13.4625, 13.6223); ]
    404 (18.1274, 2.09261) -> [ 463 (21.2721, 2.09509); 523 (21.1551, 2.37118); ]
    405 (0.671063, 13.6868) -> [ ]
    408 (18.7898, 14.8107) -> [ ]
    410 (10.9006, 12.1887) -> [ 120 (12.2408, 13.7842); 1089 (12.3184, 14.0121); ]
    411 (19.1614, 13.2243) -> [ 1503 (20.821, 14.2627); ]
    412 (12.892, 0.0907114) -> [ 800 (14.7249, -0.976185); 1150 (14.8088, -0.523904); 1416 (14.6772, 0.0701714); 1982 (14.0626, -1.15331); ]
    414 (10.6062, 6.5348) -> [ 702 (11.4787, 7.07087); 2041 (10.5881, 6.52424); ]
    417 (9.2426, 12.294) -> [ 919 (10.8266, 13.9826); ]
    418 (13.9878, 17.7036) -> [ 976 (15.2949, 18.9494); 2197 (14.1869, 17.9031); ]
    419 (11.4665, 21.1862) -> [ 2343 (12.044, 22.0448); ]
    421 (13.4817, 19.4238) -> [ 828 (14.5348, 20.7993); 2272 (14.3191, 20.3829); ]
    424 (9.22885, 12.451) -> [ 610 (10.2445, 13.6632); 2107 (9.33679, 12.5924); 2263 (10.1789, 13.6584); ]
    425 (1.55244, 17.3177) -> [ 46 (1.62308, 19.5843); 581 (2.02428, 19.6247); ]
    426 (13.5572, 19.8014) -> [ ]
    427 (14.5033, 5.34975) -> [ 920 (15.1579, 5.39892); 1118 (14.9319, 5.50873); ]
    428 (17.1132, 1.63096) -> [ 1323 (19.1115, 1.7136); ]
    429 (12.9446, 14.4774) -> [ 245 (14.2816, 16.1565); ]
    430 (7.25409, 12.7678) -> [ 1360 (8.31006, 14.6197); ]
    431 (3.87865, 19.8361) -> [ 1415 (4.11855, 20.4616); ]
    433 (15.3552, 0.552863) -> [ ]
    434 (2.23979, 17.5887) -> [ 301 (2.19414, 18.6619); ]
    436 (4.84526, 5.48214) -> [ 1852 (5.31154, 6.02989); ]
    439 (5.13482, 12.754) -> [ 930 (5.69214, 13.9071); 2168 (5.55544, 13.907); ]
    442 (12.0614, 5.10893) -> [ 1147 (13.9841, 5.89288); ]
    443 (17.8948, 11.7265) -> [ 356 (20.2434, 12.8015); ]
    447 (9.96785, 8.6425) -> [ 2025 (11.0284, 9.40618); ]
    448 (12.9309, 11.2387) -> [ 1435 (14.1845, 12.2943); 2433 (14.0166, 12.0978); 2492 (13.5652, 11.8264); ]
    449 (13.9198, 12.8547) -> [ 1863 (15.2401, 14.0259); ]
    451 (5.97312, 8.25915) -> [ 363 (7.83095, 10.3359); 1953 (7.27071, 9.78108); ]
    452 (18.6879, 9.89051) -> [ ]
    454 (16.7918, 17.678) -> [ 515 (18.8447, 19.7322); 678 (18.6743, 19.2468); 999 (18.6634, 19.1917); ]
    458 (4.00157, 18.1216) -> [ 1185 (4.21649, 19.4381); 1797 (4.24415, 19.5563); 2049 (4.14216, 19.9373); 2463 (4.03676, 19.309); ]
    462 (14.6927, 5.03931) -> [ ]
    464 (11.0316, 2.28517) -> [ 931 (13.0068, 2.23274); 1208 (12.7565, 2.31594); 1562 (12.9894, 2.7737); 1991 (12.7119, 2.66104); ]
    467 (17.0467, 10.6753) -> [ 741 (17.8787, 11.1639); 1866 (17.3228, 10.8288); ]
    470 (15.7662, 16.9718) -> [ 860 (16.9122, 17.9475); ]
    471 (13.8885, 1.6567) -> [ ]
    475 (5.17088, 12.7816) -> [ 2222 (5.84704, 13.8291); ]
    476 (7.71705, 3.92516) -> [ 940 (8.49078, 4.29286); 1993 (9.1572, 4.53204); 2417 (8.17749, 3.85307); ]
    477 (15.3864, 0.370748) -> [ 347 (18.2756, -1.22528); ]
    478 (2.29648, 19.1669) -> [ 1804 (1.93249, 20.5597); ]
    479 (5.53085, 6.78332) -> [ 865 (6.28337, 7.82842); 1223 (6.13582, 7.44208); ]
    480 (9.23023, 19.1392) -> [ 846 (9.83742, 20.2533); 943 (9.62375, 19.892); 1025 (10.2213, 20.8824); 1593 (9.25801, 19.2207); ]
    481 (14.5945, 7.80942) -> [ 1219 (16.653, 8.67091); 2130 (15.9519, 8.41709); ]
    486 (10.589, 9.32515) -> [ 448 (12.9309, 11.2387); 1387 (10.7572, 9.42821); 1881 (11.6493, 10.4932); 2460 (10.6069, 9.32359); ]
    487 (16.914, 15.9973) -> [ 743 (18.9006, 17.5763); ]
    489 (4.11635, 9.05803) -> [ 630 (5.38014, 10.9183); ]
    490 (12.1219, 15.8651) -> [ 321 (13.9565, 18.0263); 326 (13.9565, 18.0259); 332 (14.3527, 17.9664); 418 (13.9878, 17.7036); ]
    492 (9.58387, 6.57888) -> [ 331 (12.1704, 8.30992); 1251 (10.3949, 7.13395); 1914 (11.312, 7.18963); ]
    494 (7.86941, 2.49721) -> [ 243 (11.1008, 2.43449); 1125 (9.86321, 2.97222); ]
    496 (8.23978, 3.58761) -> [ 713 (10.6903, 4.67737); 2185 (9.71482, 4.01971); ]
    497 (13.4522, 20.125) -> [ ]
    499 (13.0263, 1.8938) -> [ 2421 (14.6069, 2.11761); ]
    500 (19.5393, 16.0195) -> [ 57 (20.7501, 16.9544); 253 (21.0077, 17.0973); 1227 (20.6684, 17.044); 1288 (20.7152, 16.7353); 1443 (20.022, 16.2337); ]
    504 (8.44096, 3.17829) -> [ 953 (9.3369, 3.35206); 1152 (9.32018, 3.32454); 1960 (9.19936, 3.35692); 2117 (10.0833, 3.5112); ]
    505 (12.8532, 0.75173) -> [ 310 (15.8158, 0.56829); 433 (15.3552, 0.552863); 477 (15.3864, 0.370748); 588 (14.8199, 0.387998); 611 (13.8123, 0.803489); 1444 (14.8483, 0.506267); ]
    506 (12.2114, 18.1759) -> [ 497 (13.4522, 20.125); 2218 (13.0679, 19.4397); ]
    507 (3.1197, -0.0372897) -> [ 1368 (1.73905, -0.569579); 1463 (2.67095, -1.31756); ]
    508 (10.215, 9.90866) -> [ 1040 (11.6837, 10.9989); 1770 (10.2777, 9.97721); ]
    510 (18.4407, 16.5462) -> [ 373 (20.7796, 18.2617); ]
    515 (18.8447, 19.7322) -> [ 1205 (19.1204, 20.0801); 1449 (19.3175, 20.061); ]
    517 (16.5786, 12.5029) -> [ 873 (17.9103, 13.3716); ]
    518 (6.51305, 9.78676) -> [ ]
    520 (19.8659, 6.82292) -> [ 1177 (22.0173, 7.13609); ]
    521 (17.1866, 12.2205) -> [ 144 (18.4438, 13.2248); 1126 (17.8167, 12.7668); ]
    522 (14.4163, 9.77094) -> [ 548 (15.1194, 10.1908); 1849 (15.6693, 10.5235); 1865 (15.0221, 10.1878); 1918 (15.528, 10.3371); ]
    525 (10.3991, 13.6327) -> [ ]
    527 (5.42997, 15.8898) -> [ 1458 (5.96495, 17.7406); 1489 (5.99157, 17.767); ]
    530 (13.643, 11.6154) -> [ 1906 (14.5633, 12.4351); ]
    531 (11.7517, 17.4024) -> [ 426 (13.5572, 19.8014); 1519 (12.9831, 18.9946); 1678 (11.9723, 17.6922); ]
    533 (19.1054, 10.1345) -> [ ]
    535 (6.1706, 5.52921) -> [ 396 (8.91789, 6.93567); 553 (8.00071, 6.61612); 608 (8.60704, 7.0092); 924 (7.58708, 6.33138); 1136 (7.01128, 5.9363); ]
    536 (5.94649, 18.5878) -> [ 2341 (6.45178, 20.0811); ]
    538 (17.3056, 14.9502) -> [ 1087 (18.7999, 16.1085); 1493 (18.8279, 15.9421); ]
    539 (13.2335, 13.3477) -> [ ]
    541 (15.4065, 5.05337) -> [ 1011 (16.1005, 5.20798); 1265 (15.8619, 5.14818); ]
    542 (1.41934, 18.3985) -> [ 1691 (1.84755, 20.079); 2225 (1.76971, 19.8386); ]
    543 (7.96938, 8.72089) -> [ 337 (9.49792, 10.3253); 731 (9.74316, 10.4632); ]
    545 (9.55903, 5.25031) -> [ 540 (11.1999, 6.3821); 1207 (11.3121, 6.13784); 1327 (10.0833, 5.61062); 1715 (10.9571, 6.10922); ]
    547 (3.57856, 12.629) -> [ 589 (4.32164, 14.5923); ]
    548 (15.1194, 10.1908) -> [ 171 (17.8563, 11.7087); 443 (17.8948, 11.7265); 699 (17.577, 11.6075); ]
    549 (18.0138, 3.50536) -> [ ]
    550 (7.86322, 21.05) -> [ 1055 (8.32113, 22.0688); ]
    551 (2.57684, 16.7675) -> [ 1143 (2.65143, 18.1928); 1171 (2.74546, 18.5957); 1755 (2.72777, 18.7075); 2331 (2.71941, 17.5882); ]
    552 (11.4917, 21.5207) -> [ 1115 (12.0298, 22.7546); ]
    553 (8.00071, 6.61612) -> [ 2210 (8.58473, 6.98417); ]
    555 (1.75341, 12.5386) -> [ ]
    556 (20.1705, 10.7933) -> [ 1670 (21.6381, 11.4638); ]
    561 (16.6083, 6.72032) -> [ 641 (18.2674, 7.44461); ]
    562 (9.75559, 1.99965) -> [ 888 (11.0378, 2.29992); 1396 (10.6902, 1.99959); ]
    564 (11.4942, 19.6476) -> [ 2026 (12.1966, 20.6542); ]
    569 (16.1812, 2.53462) -> [ 2248 (17.527, 2.95459); ]
    570 (8.41768, 13.9045) -> [ 274 (10.0637, 16.0879); 747 (10.0308, 16.2152); ]
    571 (3.36244, 9.19151) -> [ 660 (4.80147, 11.6607); 1068 (3.95262, 11.1025); ]
    573 (15.3604, 15.3878) -> [ 701 (16.5957, 16.738); 991 (16.5471, 16.7213); ]
    577 (17.688, 19.1174) -> [ ]
    582 (1.29274, 9.37426) -> [ 580 (0.700755, 10.3703); 586 (0.930139, 10.3327); 1970 (1.08327, 10.0827); ]
    583 (13.7256, 5.52997) -> [ 561 (16.6083, 6.72032); 667 (16.3513, 6.40496); 2081 (15.1479, 6.07411); 2330 (14.7218, 6.05625); 2406 (15.0262, 6.06483); ]
    584 (9.0687, 3.50671) -> [ 534 (11.5233, 4.40842); ]
    585 (0.748241, 17.6851) -> [ 472 (-1.60454, 19.2152); 2239 (-0.71855, 19.0447); 2285 (0.781653, 19.156); ]
    587 (14.1695, 13.2549) -> [ 1049 (15.2069, 14.166); ]
    588 (14.8199, 0.387998) -> [ 845 (16.6822, -1.23429); ]
    589 (4.32164, 14.5923) -> [ 596 (4.49199, 16.1827); 709 (4.43792, 16.0352); 1926 (4.72826, 16.0655); ]
    590 (8.89049, 15.2736) -> [ 1403 (9.02953, 15.6177); 1597 (9.52191, 16.5053); ]
    594 (18.9397, 1.04295) -> [ 811 (21.1078, -0.403094); ]
    595 (17.0854, 20.2278) -> [ 840 (19.0207, 21.7244); ]
    598 (1.67463, 6.77339) -> [ 1957 (-0.32444, 6.83448); ]
    602 (11.0859, 11.518) -> [ 1612 (12.2253, 12.6112); 1747 (11.9833, 12.3547); ]
    603 (14.3573, 18.3913) -> [ 175 (15.4693, 19.6458); ]
    605 (17.9974, 7.12435) -> [ ]
    608 (8.60704, 7.0092) -> [ 1243 (10.1093, 7.92061); ]
    609 (16.5598, 12.5537) -> [ 1499 (17.4263, 13.2747); ]
    610 (10.2445, 13.6632) -> [ 490 (12.1219, 15.8651); ]
    612 (16.7434, 1.96067) -> [ 309 (18.2428, 2.17165); 404 (18.1274, 2.09261); 835 (18.4499, 2.10945); ]
    616 (12.9578, 11.1395) -> [ ]
    617 (5.16082, 8.60137) -> [ 365 (6.50971, 11.1615); 618 (6.19482, 10.451); 663 (6.55689, 11.1805); 1402 (5.34488, 9.01163); 1407 (5.65282, 9.45842); 1509 (5.72005, 9.52862); ]
    618 (6.19482, 10.451) -> [ ]
    620 (11.8316, 5.50355) -> [ ]
    622 (6.48885, 13.5128) -> [ 650 (7.74412, 15.7877); 1246 (7.35985, 14.9542); 1294 (7.52507, 15.3666); ]
    623 (11.5238, 8.73731) -> [ 1620 (13.096, 9.75284); ]
    624 (4.45799, 19.9236) -> [ 1023 (5.12076, 22.0604); ]
    625 (21.695, 9.37693) -> [ 1936 (21.8363, 9.41217); ]
    626 (14.1632, 8.47942) -> [ 1235 (15.8532, 9.6488); ]
    631 (5.17555, 18.0055) -> [ 858 (5.64931, 20.1127); ]
    632 (17.7846, 9.38547) -> [ ]
    633 (7.37906, 15.4414) -> [ 1096 (8.25547, 17.4234); ]
    638 (10.3806, 14.8574) -> [ 106 (12.1593, 17.1676); ]
    642 (6.6832, 4.10369) -> [ 1877 (8.29617, 4.87954); 2182 (7.09176, 4.34646); ]
    644 (4.77464, 10.273) -> [ ]
    646 (2.47174, 8.82751) -> [ 1578 (3.09492, 10.6534); 2211 (2.77824, 10.2406); ]
    647 (2.7326, 17.2059) -> [ 1221 (2.99661, 19.1884); ]
    648 (9.7515, 18.7706) -> [ 419 (11.4665, 21.1862); 752 (10.8335, 20.4526); 2214 (10.6676, 19.7533); ]
    650 (7.74412, 15.7877) -> [ 2419 (8.38687, 17.0606); ]
    652 (12.2249, 4.24039) -> [ 462 (14.6927, 5.03931); 859 (14.5764, 5.1427); 947 (14.535, 5.05132); 1153 (13.1343, 4.53812); ]
    653 (14.8456, 0.926428) -> [ 420 (17.3401, 0.798836); 560 (17.4294, 0.444906); ]
    655 (19.3016, 5.59436) -> [ 1874 (20.7153, 5.92136); ]
    656 (17.4567, 6.93421) -> [ ]
    658 (9.28656, 7.57778) -> [ ]
    660 (4.80147, 11.6607) -> [ 1437 (4.85205, 11.888); 1532 (5.27603, 12.855); 2246 (5.04642, 12.0307); ]
    662 (16.6684, 5.2034) -> [ 344 (18.5987, 5.72674); 1366 (18.7394, 5.60865); ]
    664 (2.23081, 2.55729) -> [ 2051 (1.41362, 2.24124); 2206 (1.72902, 1.83288); ]
    666 (14.7801, 3.04123) -> [ ]
    667 (16.3513, 6.40496) -> [ 241 (18.6682, 7.28141); 605 (17.9974, 7.12435); 656 (17.4567, 6.93421); 1375 (16.5356, 6.46757); 1514 (17.7694, 6.8699); 2336 (16.5679, 6.48066); ]
    669 (18.8529, 15.2003) -> [ ]
    670 (12.3234, 16.3835) -> [ 778 (13.5939, 18.1953); 2442 (12.8363, 17.004); ]
    671 (10.4006, 4.2846) -> [ 1949 (10.8201, 4.49899); ]
    677 (12.6984, 10.2448) -> [ 2348 (13.2254, 10.5175); ]
    678 (18.6743, 19.2468) -> [ 994 (19.1558, 19.63); 1967 (18.6557, 19.2562); 2382 (19.3967, 19.9746); ]
    679 (16.4181, 8.20621) -> [ 360 (18.6297, 9.02177); 1602 (17.4714, 8.68049); ]
    683 (16.6441, 18.0272) -> [ 519 (17.8921, 19.2756); 1497 (17.4996, 18.818); 1676 (16.974, 18.4731); 1760 (16.9653, 18.5342); 1833 (17.3587, 19.0702); ]
    684 (8.97927, 12.4677) -> [ 353 (10.7116, 14.4469); 727 (9.82195, 13.4328); 876 (10.2677, 14.0983); 1131 (10.2505, 14.1352); ]
    685 (7.96351, 8.2542) -> [ 576 (9.81656, 9.72858); 2011 (8.52185, 8.7037); ]
    688 (16.1294, 14.2818) -> [ 998 (17.2235, 15.0767); 1413 (16.886, 14.8383); ]
    690 (11.1911, 11.8429) -> [ 726 (13.2785, 13.6356); 1301 (12.4488, 12.8421); 1776 (12.0317, 12.6979); ]
    693 (3.36772, 12.0886) -> [ 1922 (3.61615, 12.9594); ]
    694 (4.42187, 5.76526) -> [ 397 (6.27457, 7.99769); 479 (5.53085, 6.78332); ]
    695 (9.98411, 8.21636) -> [ ]
    696 (7.17767, 5.70813) -> [ ]
    697 (13.8108, 14.1921) -> [ 1097 (15.102, 15.4871); ]
    699 (17.577, 11.6075) -> [ 122 (19.2988, 12.5722); 313 (18.4621, 12.1309); ]
    700 (11.1503, 16.9165) -> [ 1091 (12.133, 18.6183); 1902 (11.6875, 17.758); 2485 (12.0073, 18.1544); ]
    701 (16.5957, 16.738) -> [ 896 (18.115, 17.9222); 1467 (17.2862, 17.216); ]
    703 (9.37299, 8.10931) -> [ 1624 (10.7557, 9.10115); ]
    706 (14.4621, 3.05265) -> [ ]
    708 (3.72798, 6.20306) -> [ 617 (5.16082, 8.60137); 1979 (4.78929, 7.67702); ]
    710 (16.3676, 2.87373) -> [ ]
    711 (14.28, 10.4729) -> [ 1702 (15.909, 11.5105); ]
    712 (3.53124, 6.19647) -> [ 1401 (3.8755, 7.91184); ]
    713 (10.6903, 4.67737) -> [ 442 (12.0614, 5.10893); 793 (12.5499, 5.27149); 945 (12.1736, 5.41918); 1052 (12.7975, 5.56726); 1441 (10.7504, 4.73524); ]
    719 (18.5308, 3.07085) -> [ 271 (21.0838, 3.40758); ]
    721 (5.85196, 14.662) -> [ 898 (6.35808, 15.5994); 1215 (6.51961, 16.2528); 1391 (6.20703, 15.654); ]
    722 (8.19654, 17.7358) -> [ 1724 (8.87518, 19.3588); 2302 (8.72874, 18.967); ]
    723 (2.64831, 13.5671) -> [ 1588 (2.8829, 15.3654); 1778 (2.69042, 13.9827); 1808 (2.70146, 14.4681); 2008 (2.74379, 15.1236); ]
    726 (13.2785, 13.6356) -> [ 339 (13.8274, 14.1232); 697 (13.8108, 14.1921); 1480 (14.2854, 14.7879); ]
    729 (18.4108, 1.07446) -> [ 1680 (19.59, -0.30732); 2007 (20.1428, 0.709234); ]
    730 (16.8042, 14.437) -> [ 1300 (16.938, 14.6233); 2078 (17.1422, 14.8659); 2322 (17.2275, 14.9561); ]
    731 (9.74316, 10.4632) -> [ 602 (11.0859, 11.518); 690 (11.1911, 11.8429); 2391 (10.8744, 11.3185); ]
    734 (17.2227, 8.38083) -> [ 348 (19.5435, 9.40584); 503 (19.5997, 9.33586); ]
    735 (6.96197, 7.73198) -> [ 818 (8.54516, 9.16702); 1540 (8.00136, 8.691); ]
    745 (10.3455, 4.00627) -> [ 1586 (12.309, 4.38637); ]
    747 (10.0308, 16.2152) -> [ 572 (10.9275, 18.2004); 839 (10.7825, 17.3503); 1157 (10.1132, 16.3152); 1546 (10.4605, 17.2092); 1793 (10.7251, 17.5629); 2128 (10.8987, 17.5735); ]
    748 (7.42783, 13.9095) -> [ 1192 (8.44789, 15.6298); 2108 (8.03974, 15.4351); ]
    752 (10.8335, 20.4526) -> [ 552 (11.4917, 21.5207); 894 (12.0368, 22.1255); 1981 (10.8002, 20.4582); ]
    754 (16.0757, 10.1767) -> [ 2175 (17.0871, 10.898); ]
    756 (20.0014, 14.8538) -> [ 1111 (20.8892, 15.3058); 1476 (21.3067, 15.7376); ]
    759 (15.0504, 17.012) -> [ 1176 (16.0084, 18.0577); ]
    760 (12.3181, 21.3714) -> [ 2438 (12.9696, 22.6865); ]
    762 (10.9353, 1.70174) -> [ 1938 (12.7554, 1.95725); ]
    763 (16.4953, 11.7677) -> [ ]
    764 (5.32932, 14.3962) -> [ 1432 (5.86375, 15.5799); ]
    765 (12.2609, 4.22157) -> [ 1895 (13.8139, 4.69526); ]
    768 (7.48093, 9.43025) -> [ 318 (8.14355, 10.2594); 600 (8.28204, 10.422); ]
    769 (0.895815, 15.6906) -> [ ]
    770 (12.8008, 4.22211) -> [ 1917 (13.9799, 4.56052); ]
    771 (13.9758, 3.8691) -> [ 917 (15.7889, 4.19859); 1309 (15.4128, 4.20696); 1585 (15.8807, 4.47854); 1837 (14.6932, 4.12754); 2385 (15.6198, 4.15613); ]
    772 (4.84241, 10.5759) -> [ 637 (5.35825, 11.9508); 1012 (5.32776, 11.9389); 1099 (5.3306, 11.6645); ]
    773 (19.8574, 11.4549) -> [ 1635 (21.7727, 12.0309); ]
    776 (13.5559, 15.6829) -> [ 826 (14.8039, 17.3571); ]
    777 (7.54759, 6.87355) -> [ 340 (9.26088, 8.51825); 907 (9.59211, 8.25861); 1195 (8.30686, 7.69221); 1470 (8.63944, 8.11168); ]
    778 (13.5939, 18.1953) -> [ 151 (14.129, 18.7439); 837 (15.0248, 19.9329); 1133 (14.12, 18.8461); ]
    779 (17.3814, 9.34982) -> [ 1412 (19.2263, 10.2516); ]
    780 (5.42307, 5.14161) -> [ 559 (6.84098, 6.09466); 777 (7.54759, 6.87355); 952 (7.33851, 6.67168); 1057 (6.13781, 5.54434); 1595 (6.76651, 6.21974); ]
    782 (18.9503, 10.062) -> [ ]
    783 (2.26802, 14.7779) -> [ ]
    785 (14.8139, 8.10165) -> [ 2461 (15.0222, 8.21658); ]
    787 (15.0692, 10.5698) -> [ 521 (17.1866, 12.2205); 657 (15.7036, 10.9934); 864 (16.9178, 11.8311); 914 (17.0778, 12.0606); ]
    790 (19.5005, 15.5088) -> [ 1397 (19.9714, 15.9329); ]
    791 (4.45686, 13.7394) -> [ 1346 (4.97802, 14.688); 1796 (4.7371, 14.6158); 2172 (5.04689, 14.5668); ]
    792 (15.2116, 2.98137) -> [ ]
    793 (12.5499, 5.27149) -> [ 2483 (13.0065, 5.42757); ]
    795 (7.98455, 16.0421) -> [ 733 (9.50988, 18.2803); 1046 (8.78267, 17.3791); 1255 (8.80288, 17.5343); 1571 (8.7452, 17.5747); ]
    796 (14.4703, 16.7794) -> [ 1100 (15.6815, 18.3424); 1942 (15.4272, 17.9738); ]
    797 (0.533673, 15.8276) -> [ 1666 (0.250754, 16.7074); ]
    802 (12.6117, 10.8995) -> [ ]
    803 (8.66229, 10.64) -> [ 1422 (9.63588, 11.823); 1599 (9.81743, 11.7093); ]
    804 (18.5535, 3.06978) -> [ ]
    805 (20.5122, 3.47422) -> [ ]
    807 (15.0718, 3.99889) -> [ 578 (17.7099, 4.38342); 985 (17.2489, 4.2751); 2082 (15.7156, 4.15639); ]
    808 (16.555, 11.4724) -> [ 1085 (18.2522, 12.6142); 1348 (17.2912, 11.9774); ]
    809 (5.83564, 4.50064) -> [ 1619 (6.0303, 4.87462); ]
    813 (2.67954, 16.9599) -> [ 2132 (2.80144, 17.7361); ]
    815 (16.5994, 5.7773) -> [ 2399 (18.2223, 6.23825); ]
    816 (16.5026, 9.78306) -> [ 265 (18.4657, 10.754); 389 (17.7584, 10.3077); 1109 (17.3996, 10.1337); ]
    818 (8.54516, 9.16702) -> [ 2178 (9.54898, 10.2939); ]
    820 (10.6407, 11.8628) -> [ ]
    821 (1.64787, 11.0677) -> [ 555 (1.75341, 12.5386); 1263 (1.51109, 11.7933); 1313 (1.45538, 12.1906); 1923 (1.49815, 12.799); 1951 (1.51817, 11.7786); 2064 (1.82937, 12.836); 2313 (1.62923, 12.095); 2500 (1.53857, 12.6405); ]
    822 (4.83807, 5.02281) -> [ 2124 (5.97305, 6.07812); ]
    825 (6.64765, 13.1593) -> [ 748 (7.42783, 13.9095); 1478 (6.83809, 13.446); ]
    826 (14.8039, 17.3571) -> [ 2465 (15.5323, 18.3777); ]
    827 (15.2446, 11.5459) -> [ 517 (16.5786, 12.5029); 609 (16.5598, 12.5537); ]
    828 (14.5348, 20.7993) -> [ ]
    830 (16.559, 15.7357) -> [ 1713 (17.6366, 16.6688); ]
    832 (13.3553, 10.4595) -> [ 362 (15.2736, 11.6005); 827 (15.2446, 11.5459); 1236 (15.2256, 11.4575); 1660 (14.831, 11.3675); ]
    834 (5.90741, 16.9145) -> [ 668 (6.75316, 19.2786); ]
    836 (12.8938, 17.9379) -> [ 2486 (13.0559, 18.1647); ]
    837 (15.0248, 19.9329) -> [ 204 (16.3226, 21.4546); ]
    839 (10.7825, 17.3503) -> [ ]
    841 (5.18377, 17.0511) -> [ 1291 (5.29119, 17.3604); 2425 (5.28665, 17.6127); ]
    842 (12.4179, 9.69247) -> [ ]
    843 (11.9101, 16.4585) -> [ 2003 (12.7697, 17.5755); ]
    847 (6.17072, 19.6144) -> [ 1880 (6.46001, 20.33); 2451 (6.33822, 20.1043); ]
    848 (8.90779, 1.09238) -> [ 1229 (10.4149, 1.08667); ]
    850 (11.0718, 11.266) -> [ ]
    852 (13.9452, 21.0387) -> [ 2294 (14.523, 21.8689); ]
    853 (1.99666, 9.09838) -> [ 1484 (2.01891, 9.08466); ]
    854 (16.7564, 4.87759) -> [ ]
    856 (16.4986, 2.19381) -> [ 1719 (17.8268, 2.47174); ]
    858 (5.64931, 20.1127) -> [ 1249 (5.92167, 20.4913); ]
    860 (16.9122, 17.9475) -> [ 1481 (18.6447, 19.0675); ]
    861 (20.4377, 14.7641) -> [ 2194 (22.0754, 15.9121); ]
    862 (7.51109, 9.42282) -> [ 62 (7.82616, 9.81071); 803 (8.66229, 10.64); ]
    863 (3.63753, 16.2355) -> [ 458 (4.00157, 18.1216); ]
    864 (16.9178, 11.8311) -> [ 1071 (18.657, 13.0981); ]
    869 (15.1963, 12.5298) -> [ 219 (16.9874, 13.9437); ]
    871 (13.0516, 19.6065) -> [ 852 (13.9452, 21.0387); ]
    873 (17.9103, 13.3716) -> [ 304 (18.4218, 13.6272); 756 (20.0014, 14.8538); 1239 (18.764, 14.1088); 2016 (19.2522, 14.0909); 2276 (18.9596, 14.2466); 2280 (19.0426, 14.1035); ]
    875 (10.366, 6.25315) -> [ 2416 (11.1174, 6.46782); ]
    876 (10.2677, 14.0983) -> [ 2017 (10.3782, 14.2273); ]
    878 (9.84081, 20.7686) -> [ 2061 (10.3283, 21.9211); ]
    879 (15.9495, 12.9773) -> [ ]
    881 (9.33426, 14.5141) -> [ 680 (10.3391, 16.1332); 1580 (10.4674, 16.1732); 1879 (10.0972, 15.4714); 2430 (10.2237, 15.7739); ]
    885 (12.8352, 16.4034) -> [ 823 (14.1592, 17.722); 1073 (14.0015, 17.6881); ]
    886 (4.2841, 7.88242) -> [ 1794 (4.53467, 8.79901); ]
    887 (20.6037, 8.7005) -> [ 1872 (22.4582, 9.4495); ]
    889 (16.7344, 7.38066) -> [ 1716 (18.0483, 7.80975); ]
    891 (12.7397, 7.58487) -> [ 626 (14.1632, 8.47942); 971 (13.6326, 7.96756); 1010 (13.7951, 8.24222); 2110 (13.2635, 7.98974); ]
    892 (6.37677, 6.76187) -> [ 941 (7.58286, 7.74732); 1978 (7.56002, 7.50459); ]
    896 (18.115, 17.9222) -> [ 2351 (18.9698, 19.1131); ]
    897 (15.1254, 13.3499) -> [ ]
    900 (9.86439, -0.218358) -> [ 1330 (11.586, -0.534571); 1774 (10.8312, -0.946995); ]
    901 (18.078, 14.4187) -> [ 790 (19.5005, 15.5088); ]
    902 (11.7025, 15.7104) -> [ 306 (13.1953, 17.8091); 1409 (12.5722, 17.0624); ]
    903 (13.2746, 7.25783) -> [ 444 (14.6053, 7.79395); 481 (14.5945, 7.80942); 1158 (14.5916, 7.62908); 1380 (13.6717, 7.31372); 1634 (14.718, 7.77579); 1994 (14.7123, 8.0061); 2030 (14.5891, 7.66538); 2075 (14.5113, 7.60259); ]
    904 (17.3945, 1.85182) -> [ 1835 (17.6954, 1.78084); 1939 (18.566, 1.97943); 2405 (17.6414, 1.89897); ]
    906 (18.9057, 10.6112) -> [ 866 (19.6381, 11.0485); 1007 (19.8228, 11.1947); 2163 (19.0119, 10.7624); 2277 (19.2246, 10.8001); ]
    907 (9.59211, 8.25861) -> [ ]
    908 (10.2263, 0.956792) -> [ 1608 (12.0835, 0.302632); 2362 (11.2496, 0.97253); ]
    910 (9.77656, 17.0606) -> [ 225 (10.9603, 19.0848); 932 (10.5234, 18.5244); 1026 (10.9774, 18.66); 1843 (10.5438, 18.687); 2216 (10.2688, 18.067); 2431 (10.0527, 17.6724); ]
    912 (11.4588, 8.6147) -> [ 1781 (12.5552, 9.24141); ]
    913 (17.8708, 4.60737) -> [ ]
    914 (17.0778, 12.0606) -> [ 1930 (18.028, 12.7089); 2084 (18.0202, 12.7037); ]
    917 (15.7889, 4.19859) -> [ 1858 (17.7886, 4.16099); ]
    918 (11.1261, 13.0839) -> [ 2050 (11.2934, 13.3489); 2413 (11.2729, 13.2785); ]
    919 (10.8266, 13.9826) -> [ 927 (11.6066, 14.7217); 1162 (11.2791, 14.3782); 1771 (11.3482, 14.5121); 1847 (12.0117, 15.1115); 1973 (11.6134, 14.6809); 2180 (11.205, 14.3493); ]
    925 (7.59593, 9.62885) -> [ 168 (8.27992, 10.5936); 295 (8.30371, 10.6779); 686 (8.77025, 11.2916); 1163 (8.35865, 10.6883); 1756 (7.60564, 9.63263); ]
    926 (14.5529, 9.33739) -> [ ]
    927 (11.6066, 14.7217) -> [ 885 (12.8352, 16.4034); 1269 (12.7641, 16.3528); 1841 (12.758, 15.787); ]
    929 (16.2441, 13.3998) -> [ 1135 (17.4318, 14.6496); 1336 (17.5894, 14.7672); ]
    931 (13.0068, 2.23274) -> [ 2224 (14.64, 2.1295); ]
    933 (9.95746, 20.9276) -> [ 1963 (9.97324, 20.9463); ]
    936 (11.4729, -0.607179) -> [ 2270 (12.8787, -1.53247); ]
    939 (12.9274, 10.7377) -> [ 1076 (14.9115, 12.0823); 1818 (14.1566, 11.5458); 1962 (14.4012, 11.7292); ]
    941 (7.58286, 7.74732) -> [ 1868 (8.55254, 8.53848); ]
    942 (2.3341, 14.8152) -> [ ]
    944 (0.343365, 2.9703) -> [ 1203 (-1.64545, 3.18154); ]
    945 (12.1736, 5.41918) -> [ ]
    947 (14.535, 5.05132) -> [ 2200 (14.8399, 5.1864); ]
    949 (9.98921, 15.0789) -> [ 700 (11.1503, 16.9165); 2230 (10.516, 15.9556); 2418 (10.8094, 16.4442); ]
    950 (10.1588, 4.15105) -> [ 1311 (11.9853, 4.54449); ]
    952 (7.33851, 6.67168) -> [ 703 (9.37299, 8.10931); 1129 (8.96415, 7.91933); ]
    955 (18.9294, 14.3014) -> [ 469 (20.6866, 15.4448); ]
    958 (20.912, 0.711136) -> [ 1944 (20.4905, -1.24395); ]
    959 (17.9166, 19.4308) -> [ 707 (19.3767, 21.3277); 2138 (18.8145, 20.382); ]
    962 (9.87633, 19.8374) -> [ 2407 (10.0113, 20.0503); ]
    967 (18.3506, 3.13424) -> [ 805 (20.5122, 3.47422); 1369 (20.3311, 3.34611); ]
    968 (5.21831, 19.6115) -> [ ]
    974 (7.81663, 17.355) -> [ 1701 (8.68381, 19.1365); ]
    977 (6.05997, 17.7436) -> [ 460 (6.76338, 19.8076); ]
    978 (20.1799, 17.3796) -> [ 628 (21.4672, 18.3406); 1859 (20.4676, 17.4328); 2119 (21.4048, 18.1639); ]
    983 (8.22608, 18.0275) -> [ ]
    984 (20.25, 5.22547) -> [ 1506 (22.0392, 5.59469); 2023 (22.2436, 5.06598); ]
    985 (17.2489, 4.2751) -> [ 1706 (17.9749, 4.20444); 2048 (17.8487, 4.272); ]
    987 (16.2833, 15.4748) -> [ 1037 (18.2208, 16.9773); 2496 (16.8399, 16.5063); ]
    988 (14.9499, 12.8459) -> [ 730 (16.8042, 14.437); ]
    989 (16.973, 15.6471) -> [ 218 (17.3678, 15.9391); 751 (18.6691, 16.9885); ]
    990 (2.57809, 8.38451) -> [ 1222 (2.97045, 9.32775); 1299 (2.95722, 9.23675); ]
    992 (15.9173, 2.11567) -> [ ]
    995 (4.19742, 17.6178) -> [ 1211 (4.71566, 19.2244); ]
    996 (14.473, 10.7953) -> [ 456 (15.1688, 11.3029); ]
    1000 (17.3346, 3.85092) -> [ 2112 (17.9948, 3.98434); ]
    1001 (10.5847, 9.21198) -> [ 1350 (11.9349, 10.3529); 2010 (11.3421, 9.89085); ]
    1004 (1.20571, 11.8165) -> [ ]
    1008 (4.81921, 18.0632) -> [ 1570 (5.09212, 19.7981); ]
    1009 (5.9207, 17.4601) -> [ 877 (6.60835, 19.6487); ]
    1010 (13.7951, 8.24222) -> [ 1281 (14.7534, 8.81343); ]
    1011 (16.1005, 5.20798) -> [ ]
    1013 (6.45564, 13.6695) -> [ 716 (7.46051, 15.6606); ]
    1017 (11.2012, 9.27704) -> [ 677 (12.6984, 10.2448); ]
    1018 (15.0828, 19.3375) -> [ 261 (15.7143, 20.1057); ]
    1024 (12.838, 8.45801) -> [ ]
    1027 (4.78682, 7.78659) -> [ 1417 (5.01947, 8.23079); 1946 (4.93207, 8.2807); ]
    1031 (20.255, 7.86767) -> [ 1364 (20.8103, 8.23819); ]
    1033 (12.4827, 3.96309) -> [ ]
    1037 (18.2208, 16.9773) -> [ 1473 (19.2853, 17.7813); ]
    1038 (0.490673, 8.75843) -> [ 1536 (-0.987003, 7.90329); ]
    1039 (0.983796, 12.0803) -> [ ]
    1040 (11.6837, 10.9989) -> [ 1731 (13.1225, 12.1232); 1997 (12.9805, 11.8692); ]
    1044 (7.78582, 17.2528) -> [ 264 (8.74033, 19.5048); ]
    1046 (8.78267, 17.3791) -> [ 648 (9.7515, 18.7706); 1783 (9.64839, 18.8775); 2482 (9.10489, 17.6872); ]
    1047 (14.9351, 8.06276) -> [ 951 (15.3185, 8.20073); ]
    1049 (15.2069, 14.166) -> [ ]
    1050 (6.77464, 10.2706) -> [ ]
    1051 (5.61985, 16.2522) -> [ ]
    1052 (12.7975, 5.56726) -> [ 814 (13.5931, 5.93444); 1420 (13.8608, 5.90817); 1568 (14.6528, 6.31406); ]
    1058 (1.50553, 14.5232) -> [ 810 (1.38733, 16.6839); 1054 (1.73981, 16.8669); ]
    1060 (19.9381, 13.5464) -> [ 498 (20.5647, 13.889); 1381 (21.2275, 14.1268); ]
    1063 (8.21966, 0.718666) -> [ 1140 (8.22405, -1.12834); 1231 (10.0318, -0.561859); 1371 (8.0276, -1.27209); 1408 (8.46831, -1.00371); 1524 (7.29053, -0.810449); 1623 (8.87349, -0.92384); 1799 (9.53537, -0.787619); 2077 (10.0999, 0.0370103); 2133 (8.31519, -1.07324); ]
    1069 (1.0711, 14.294) -> [ 769 (0.895815, 15.6906); 1217 (0.797009, 16.539); 1537 (0.815467, 15.7261); 1705 (0.893676, 15.3911); ]
    1071 (18.657, 13.0981) -> [ 334 (20.1433, 14.1497); ]
    1075 (8.10285, 3.09777) -> [ 1406 (9.05155, 3.15278); ]
    1076 (14.9115, 12.0823) -> [ 929 (16.2441, 13.3998); 1122 (16.4475, 13.1035); ]
    1077 (11.7026, 16.5218) -> [ 836 (12.8938, 17.9379); 1992 (12.5259, 17.6169); ]
    1078 (20.0685, 0.934595) -> [ 1518 (22.0435, 0.921452); ]
    1080 (8.66183, 20.0916) -> [ 1436 (8.87718, 20.726); ]
    1085 (18.2522, 12.6142) -> [ 411 (19.1614, 13.2243); 1060 (19.9381, 13.5464); 1318 (20.1411, 13.6586); 1601 (19.6534, 13.4444); ]
    1087 (18.7999, 16.1085) -> [ 978 (20.1799, 17.3796); 2102 (19.623, 17.105); ]
    1089 (12.3184, 14.0121) -> [ 2441 (12.7943, 14.5452); ]
    1091 (12.133, 18.6183) -> [ 370 (13.229, 20.53); ]
    1092 (3.77527, 15.6629) -> [ 995 (4.19742, 17.6178); 1738 (3.9717, 17.2301); 2046 (4.42017, 17.5561); ]
    1093 (16.4964, 8.8652) -> [ 779 (17.3814, 9.34982); 880 (17.2158, 9.19263); 2397 (17.5255, 9.36541); ]
    1095 (18.9497, 11.2906) -> [ ]
    1097 (15.102, 15.4871) -> [ ]
    1100 (15.6815, 18.3424) -> [ ]
    1101 (15.0052, 2.15203) -> [ 1240 (16.926, 2.49756); 1338 (15.3542, 2.24642); 1488 (15.264, 2.2125); ]
    1103 (0.973847, 9.43942) -> [ 2093 (0.313397, 11.0597); 2321 (0.542364, 10.947); ]
    1109 (17.3996, 10.1337) -> [ 2428 (18.0392, 10.5572); ]
    1111 (20.8892, 15.3058) -> [ ]
    1112 (19.4711, 9.95382) -> [ 1029 (21.1578, 10.6345); 1155 (21.6096, 10.7121); 1286 (21.0652, 10.6465); 1292 (21.2362, 10.7087); 2100 (19.7091, 10.097); ]
    1117 (20.5704, 13.3235) -> [ 1015 (22.4903, 14.5809); ]
    1119 (18.1647, 13.965) -> [ 1404 (19.5173, 14.8442); 2307 (18.9221, 14.4507); ]
    1121 (19.9737, 4.27435) -> [ 2380 (21.6446, 4.15034); ]
    1122 (16.4475, 13.1035) -> [ 48 (17.0894, 13.5854); 93 (17.037, 13.5332); 121 (18.0157, 14.3281); 316 (17.021, 13.7545); 364 (18.0785, 14.2825); 901 (18.078, 14.4187); 1613 (18.0135, 14.0902); ]
    1125 (9.86321, 2.97222) -> [ 1683 (10.5419, 3.15997); 1891 (11.1677, 3.11858); ]
    1128 (12.2324, 9.39572) -> [ 2143 (13.0151, 9.90353); ]
    1129 (8.96415, 7.91933) -> [ 447 (9.96785, 8.6425); 486 (10.589, 9.32515); 1001 (10.5847, 9.21198); 2204 (10.3918, 8.96535); ]
    1130 (18.5288, 2.47928) -> [ 546 (19.8945, 2.80035); 1065 (19.4314, 2.72959); 1232 (19.8636, 2.81678); 1353 (20.0919, 2.27785); ]
    1131 (10.2505, 14.1352) -> [ 1684 (10.3314, 14.3793); ]
    1132 (2.14402, 12.6279) -> [ 2115 (2.59208, 14.577); ]
    1136 (7.01128, 5.9363) -> [ 1357 (8.69812, 6.83698); ]
    1138 (11.6632, 14.4956) -> [ ]
    1146 (16.6004, 12.7811) -> [ 514 (17.7198, 13.7188); 938 (17.7509, 13.7256); 1119 (18.1647, 13.965); 1374 (18.1995, 14.0304); ]
    1148 (7.75846, 1.89266) -> [ 2334 (9.43204, 2.22705); 2436 (9.37733, 2.07213); ]
    1149 (5.29162, 19.6734) -> [ 495 (5.78079, 21.8779); ]
    1151 (19.4859, 15.3967) -> [ 111 (20.8404, 16.2626); ]
    1153 (13.1343, 4.53812) -> [ ]
    1154 (15.8557, 18.6404) -> [ 788 (17.3323, 20.304); ]
    1157 (10.1132, 16.3152) -> [ ]
    1161 (3.60972, 14.7693) -> [ 2171 (3.95541, 15.6944); ]
    1162 (11.2791, 14.3782) -> [ 1425 (12.6566, 15.3539); ]
    1163 (8.35865, 10.6883) -> [ 2000 (9.50721, 11.9041); ]
    1166 (11.8719, 8.4235) -> [ 1287 (12.7636, 9.01534); 2312 (12.1159, 8.43823); ]
    1167 (14.7499, 1.80881) -> [ 1082 (16.7875, 1.9174); ]
    1172 (16.3229, 18.3104) -> [ 296 (17.4506, 19.3729); 922 (17.4387, 19.2974); ]
    1175 (11.6988, 17.3941) -> [ 1932 (12.4821, 18.6747); ]
    1176 (16.0084, 18.0577) -> [ 1385 (17.3231, 19.5844); ]
    1180 (10.1922, 17.6039) -> [ 1704 (10.7755, 18.5845); 2067 (10.6641, 18.4389); 2478 (11.1782, 18.7849); ]
    1183 (16.8235, 3.5808) -> [ 2409 (18.4035, 3.56014); 2440 (18.5086, 3.51276); ]
    1187 (12.1241, 18.7168) -> [ 798 (12.7467, 19.9987); 1502 (13.1236, 20.5538); 1708 (12.7617, 19.9336); 2164 (12.5894, 19.8388); ]
    1194 (9.34843, 13.3893) -> [ 2161 (10.4934, 14.7572); 2361 (10.2431, 14.7255); ]
    1195 (8.30686, 7.69221) -> [ 1461 (9.43136, 8.51089); ]
    1196 (6.80209, 17.1011) -> [ 1610 (7.38437, 18.5524); 2127 (7.35944, 18.6331); 2398 (7.36866, 18.5243); ]
    1199 (15.4468, 9.30062) -> [ 2403 (16.4854, 9.8527); ]
    1201 (11.7712, 5.68386) -> [ 2184 (13.0423, 6.05665); ]
    1204 (6.7588, 11.2497) -> [ 1212 (8.09673, 13.0674); 1446 (6.87366, 11.4939); ]
    1206 (14.7208, 0.900404) -> [ 1686 (16.6197, 0.546428); ]
    1207 (11.3121, 6.13784) -> [ 903 (13.2746, 7.25783); ]
    1211 (4.71566, 19.2244) -> [ 629 (5.02488, 20.0627); 1352 (4.94236, 20.3174); 1389 (5.06372, 20.349); ]
    1212 (8.09673, 13.0674) -> [ 570 (8.41768, 13.9045); 881 (9.33426, 14.5141); 1529 (8.83001, 13.9888); ]
    1214 (14.9017, 14.7169) -> [ 2445 (15.6202, 15.2896); ]
    1215 (6.51961, 16.2528) -> [ 1775 (7.09612, 17.6367); ]
    1217 (0.797009, 16.539) -> [ 1273 (0.125967, 18.2581); 1943 (0.475022, 18.2429); ]
    1219 (16.653, 8.67091) -> [ 1766 (17.6674, 9.04526); ]
    1221 (2.99661, 19.1884) -> [ 554 (3.28135, 21.0425); ]
    1225 (9.88831, 21.6714) -> [ 2039 (10.144, 22.7207); ]
    1227 (20.6684, 17.044) -> [ 1893 (21.4922, 17.9444); ]
    1229 (10.4149, 1.08667) -> [ 1632 (12.3151, 0.955336); ]
    1230 (19.47, 9.44402) -> [ 2029 (20.8126, 10.0081); ]
    1232 (19.8636, 2.81678) -> [ 1605 (21.636, 2.41022); 1607 (21.619, 2.45226); 2079 (20.9087, 1.43133); 2310 (21.5033, 2.73996); ]
    1233 (11.4689, 11.474) -> [ 615 (12.8589, 12.5951); ]
    1235 (15.8532, 9.6488) -> [ ]
    1237 (14.2751, 2.45307) -> [ 1782 (15.8965, 2.74313); 1876 (15.8051, 2.56826); 2169 (15.878, 2.66584); 2326 (15.8175, 3.08923); ]
    1240 (16.926, 2.49756) -> [ 2252 (18.0085, 3.03359); 2476 (18.3811, 2.88482); ]
    1241 (10.894, 1.27891) -> [ 1999 (11.9238, 1.46172); ]
    1242 (12.5799, 5.74539) -> [ 2481 (14.1676, 6.20576); ]
    1243 (10.1093, 7.92061) -> [ 623 (11.5238, 8.73731); 912 (11.4588, 8.6147); 1274 (11.5898, 8.60088); 1641 (11.4454, 8.41376); 1661 (11.8894, 8.65008); ]
    1246 (7.35985, 14.9542) -> [ 883 (8.59524, 16.5131); 1386 (8.06072, 15.8708); 1910 (8.24356, 16.055); 2193 (8.2146, 16.1464); ]
    1248 (0.739085, 17.6072) -> [ 1169 (-0.231458, 19.0214); 1200 (-0.422531, 19.2068); 1421 (-0.380901, 19.153); 1445 (0.716119, 18.8528); 1672 (-0.55661, 18.3987); ]
    1250 (17.7608, 16.3934) -> [ 1430 (18.9537, 17.4454); 2319 (18.7958, 17.2974); ]
    1251 (10.3949, 7.13395) -> [ 1166 (11.8719, 8.4235); ]
    1258 (7.78814, 9.53704) -> [ ]
    1262 (1.37176, 11.798) -> [ 2320 (1.26179, 13.0798); ]
    1264 (2.08557, 8.49757) -> [ 761 (2.27422, 9.82837); 1337 (2.14155, 9.54324); 1762 (2.31968, 9.56758); ]
    1265 (15.8619, 5.14818) -> [ 2456 (17.4221, 5.75298); ]
    1270 (1.56905, 0.351522) -> [ 2024 (1.01673, -1.3522); ]
    1272 (13.6639, 15.7138) -> [ 796 (14.4703, 16.7794); ]
    1275 (7.13039, 8.11054) -> [ 1429 (7.87713, 8.8713); 1679 (7.90259, 9.11914); ]
    1278 (5.39867, 15.2877) -> [ 1355 (6.00945, 16.8488); 1485 (6.1246, 16.9991); ]
    1279 (7.41423, 9.18334) -> [ 1188 (7.99228, 9.66731); 1662 (8.92358, 10.4896); ]
    1280 (16.4809, 9.82828) -> [ 1392 (18.1503, 10.7949); ]
    1281 (14.7534, 8.81343) -> [ 816 (16.5026, 9.78306); 1280 (16.4809, 9.82828); ]
    1285 (13.5589, 15.7919) -> [ 268 (13.9219, 16.2224); ]
    1289 (0.649164, 14.5444) -> [ 2260 (-0.0303241, 16.0314); ]
    1294 (7.52507, 15.3666) -> [ 753 (8.35562, 16.8765); ]
    1296 (13.9921, 13.9242) -> [ 1214 (14.9017, 14.7169); 1468 (15.4679, 15.2441); 1626 (14.8954, 14.6448); 1773 (15.4134, 15.2252); 2470 (14.0453, 13.9782); ]
    1297 (19.8833, 11.9401) -> [ 1123 (20.9212, 12.6131); ]
    1298 (15.3791, 16.6721) -> [ 1862 (16.4024, 17.6158); 2207 (16.0176, 17.2763); ]
    1300 (16.938, 14.6233) -> [ 538 (17.3056, 14.9502); ]
    1301 (12.4488, 12.8421) -> [ 2069 (12.7674, 13.1029); ]
    1302 (11.7746, 5.96992) -> [ 1525 (13.2701, 6.58057); ]
    1303 (5.71138, 16.6571) -> [ 977 (6.05997, 17.7436); 1009 (5.9207, 17.4601); ]
    1308 (12.1902, 1.98459) -> [ 1237 (14.2751, 2.45307); 2370 (13.3779, 2.56253); ]
    1309 (15.4128, 4.20696) -> [ ]
    1314 (13.1519, 15.9309) -> [ 2494 (14.2385, 17.147); ]
    1315 (12.3662, 14.653) -> [ 2165 (12.6107, 15.0628); ]
    1324 (11.9224, 12.9563) -> [ 2045 (12.3815, 13.45); ]
    1325 (19.9998, 4.81214) -> [ 466 (21.7824, 5.13836); 758 (21.7116, 5.04952); ]
    1327 (10.0833, 5.61062) -> [ ]
    1331 (15.0323, 10.4719) -> [ 808 (16.555, 11.4724); 2042 (15.4603, 10.7802); ]
    1332 (17.683, 5.13744) -> [ 2035 (18.5826, 5.51898); ]
    1333 (16.4181, 3.23336) -> [ ]
    1337 (2.14155, 9.54324) -> [ ]
    1339 (15.4653, 9.79537) -> [ 333 (17.4004, 10.8099); 467 (17.0467, 10.6753); 634 (17.0256, 10.6359); 754 (16.0757, 10.1767); 1228 (17.1627, 10.9759); 1710 (16.8938, 10.3543); 2191 (16.6904, 10.5895); ]
    1343 (19.8179, 18.7361) -> [ 1627 (21.2882, 19.72); 2389 (21.2731, 20.1082); ]
    1345 (18.7047, 7.72407) -> [ 1542 (20.584, 8.2985); ]
    1348 (17.2912, 11.9774) -> [ 1173 (18.9937, 13.2515); ]
    1349 (17.02, 3.75431) -> [ 1950 (18.3319, 3.81436); ]
    1350 (11.9349, 10.3529) -> [ 530 (13.643, 11.6154); 616 (12.9578, 11.1395); 802 (12.6117, 10.8995); 1090 (12.9731, 10.9866); 1174 (13.0145, 10.9884); 1816 (12.8708, 11.2442); ]
    1351 (12.7913, 8.06391) -> [ 2396 (14.0917, 8.70162); ]
    1354 (1.80287, 8.99586) -> [ ]
    1355 (6.00945, 16.8488) -> [ 844 (6.54517, 18.115); ]
    1360 (8.31006, 14.6197) -> [ 1819 (9.19482, 15.9553); ]
    1361 (18.0509, 19.9212) -> [ 491 (19.0968, 21.2455); 1873 (19.137, 21.6006); ]
    1366 (18.7394, 5.60865) -> [ 2317 (18.7392, 5.61309); ]
    1370 (10.1786, 11.5176) -> [ 2088 (10.6899, 12.0813); ]
    1372 (10.3727, 14.8133) -> [ 1077 (11.7026, 16.5218); ]
    1373 (16.4216, 1.04857) -> [ 180 (17.9725, 0.996524); 729 (18.4108, 1.07446); 1414 (18.2723, 0.00110868); 1526 (17.4453, -0.226575); 1812 (17.9729, 1.00023); ]
    1374 (18.1995, 14.0304) -> [ ]
    1379 (8.86278, 2.18169) -> [ 464 (11.0316, 2.28517); 1761 (10.7656, 2.5075); 1791 (10.7603, 2.24373); ]
    1386 (8.06072, 15.8708) -> [ ]
    1387 (10.7572, 9.42821) -> [ 58 (12.3158, 10.8498); 279 (11.9609, 10.6488); ]
    1388 (3.05331, 14.8251) -> [ 1105 (3.46238, 16.8473); 2166 (3.3703, 15.6572); ]
    1391 (6.20703, 15.654) -> [ 1196 (6.80209, 17.1011); ]
    1392 (18.1503, 10.7949) -> [ 1095 (18.9497, 11.2906); 2091 (18.6246, 11.0984); ]
    1397 (19.9714, 15.9329) -> [ 293 (20.2884, 16.2979); ]
    1399 (19.909, 12.4691) -> [ 954 (20.496, 12.7666); ]
    1402 (5.34488, 9.01163) -> [ ]
    1403 (9.02953, 15.6177) -> [ ]
    1407 (5.65282, 9.45842) -> [ 2090 (6.37147, 10.7281); ]
    1409 (12.5722, 17.0624) -> [ 188 (13.3772, 18.1264); 1759 (12.8354, 17.538); ]
    1411 (1.19479, 0.11861) -> [ 1451 (-0.000826321, -1.3809); ]
    1412 (19.2263, 10.2516) -> [ ]
    1414 (18.2723, 0.00110868) -> [ 1530 (19.3474, -1.38118); 2118 (19.5777, -0.778692); ]
    1419 (15.9093, 8.97811) -> [ 717 (17.1428, 9.51749); 1216 (17.4528, 9.61136); 1498 (17.2691, 9.60429); 1551 (17.4235, 9.6134); 1694 (16.5509, 9.2481); 1955 (16.726, 9.38064); 2229 (17.0536, 9.53559); 2354 (16.7323, 9.45898); ]
    1422 (9.63588, 11.823) -> [ 1636 (10.5061, 12.7888); 2063 (10.3643, 12.7058); ]
    1429 (7.87713, 8.8713) -> [ ]
    1434 (9.8164, 17.3245) -> [ 1014 (10.395, 18.4945); ]
    1435 (14.1845, 12.2943) -> [ 897 (15.1254, 13.3499); ]
    1438 (7.09888, 7.2983) -> [ 526 (8.7537, 8.46896); 1644 (8.37742, 8.33975); ]
    1439 (7.68738, 18.7509) -> [ 529 (8.28348, 20.4068); ]
    1444 (14.8483, 0.506267) -> [ 2238 (15.9819, -1.14144); ]
    1448 (14.752, 7.11573) -> [ 1690 (15.2741, 7.30184); 2471 (16.0788, 7.78921); ]
    1450 (15.6127, -0.16168) -> [ 1320 (17.2132, -1.54338); ]
    1454 (1.21879, 10.6374) -> [ 1556 (0.813353, 12.5512); ]
    1458 (5.96495, 17.7406) -> [ 1469 (6.4821, 19.5379); ]
    1462 (17.8767, 1.86495) -> [ 1523 (19.7723, 1.68435); 1805 (19.7382, 2.28827); ]
    1464 (21.6439, 13.4537) -> [ 1539 (22.5642, 13.8451); ]
    1465 (6.73442, 10.6721) -> [ 1218 (7.56032, 11.7856); 2070 (7.16825, 11.4385); ]
    1466 (13.446, 18.188) -> [ ]
    1473 (19.2853, 17.7813) -> [ 665 (20.6309, 18.8325); ]
    1475 (6.78006, 10.1074) -> [ 1504 (7.50876, 11.1121); ]
    1479 (6.12965, 4.13179) -> [ 1853 (7.34432, 5.01148); ]
    1480 (14.2854, 14.7879) -> [ 1854 (15.588, 16.1595); 2499 (14.7382, 15.2852); ]
    1482 (2.70524, 11.9938) -> [ 1671 (3.13964, 12.6152); ]
    1483 (1.88653, 15.0051) -> [ 1945 (1.53955, 16.8433); ]
    1493 (18.8279, 15.9421) -> [ 45 (18.9414, 16.1009); ]
    1495 (6.1355, 4.35679) -> [ 2318 (6.98151, 4.8953); 2367 (6.64864, 4.77967); ]
    1498 (17.2691, 9.60429) -> [ 1630 (18.4237, 10.1313); ]
    1499 (17.4263, 13.2747) -> [ 955 (18.9294, 14.3014); ]
    1500 (14.5631, 10.3305) -> [ 2308 (15.2868, 10.8745); ]
    1502 (13.1236, 20.5538) -> [ ]
    1505 (14.6226, 10.0757) -> [ 1736 (15.6019, 10.6245); ]
    1509 (5.72005, 9.52862) -> [ 1006 (6.59712, 10.9443); 1204 (6.7588, 11.2497); 1465 (6.73442, 10.6721); ]
    1511 (2.08297, 15.9055) -> [ ]
    1514 (17.7694, 6.8699) -> [ 916 (19.1064, 7.32579); ]
    1516 (14.3349, 13.8002) -> [ 2056 (15.5547, 15.1146); ]
    1520 (4.28646, 16.3964) -> [ 1008 (4.81921, 18.0632); ]
    1525 (13.2701, 6.58057) -> [ 649 (14.1845, 7.14998); 2092 (14.6313, 7.47443); ]
    1527 (10.4075, 2.74379) -> [ 2423 (11.2218, 2.70498); ]
    1535 (14.841, 16.8604) -> [ 2177 (15.4685, 17.7871); ]
    1545 (16.4694, 8.32052) -> [ 1964 (17.729, 8.85913); ]
    1546 (10.4605, 17.2092) -> [ 1966 (10.9166, 18.2389); ]
    1547 (9.38213, 1.36529) -> [ 1241 (10.894, 1.27891); ]
    1548 (14.7976, 1.83709) -> [ 856 (16.4986, 2.19381); 992 (15.9173, 2.11567); 1780 (15.3389, 1.95754); 1888 (15.8708, 2.05413); ]
    1555 (7.8201, 9.26708) -> [ 799 (8.53784, 10.0407); ]
    1556 (0.813353, 12.5512) -> [ 405 (0.671063, 13.6868); 579 (-0.452269, 13.5343); 1806 (-0.201796, 13.9677); 2199 (-0.574647, 13.9911); 2390 (0.491055, 13.0495); ]
    1562 (12.9894, 2.7737) -> [ 666 (14.7801, 3.04123); 1574 (14.2819, 3.0674); 2420 (14.3471, 3.08427); ]
    1563 (15.2741, 7.21406) -> [ 1456 (15.848, 7.3571); 1606 (15.488, 7.28673); ]
    1565 (6.558, 11.2912) -> [ 213 (6.85203, 11.8793); 1621 (7.49546, 13.0233); ]
    1567 (2.55754, 20.0431) -> [ 2490 (2.17116, 22.0054); ]
    1568 (14.6528, 6.31406) -> [ 2148 (16.2678, 6.89896); 2179 (15.9725, 6.7177); ]
    1569 (13.6734, 15.5962) -> [ 2292 (14.5768, 16.2769); ]
    1572 (9.05952, 20.3751) -> [ 1225 (9.88831, 21.6714); ]
    1574 (14.2819, 3.0674) -> [ ]
    1578 (3.09492, 10.6534) -> [ 390 (3.41619, 12.5846); 547 (3.57856, 12.629); 693 (3.36772, 12.0886); 1213 (3.49843, 12.6095); ]
    1580 (10.4674, 16.1732) -> [ 212 (11.368, 17.604); 345 (11.092, 17.0568); ]
    1585 (15.8807, 4.47854) -> [ 248 (17.3102, 4.83931); 854 (16.7564, 4.87759); 1332 (17.683, 5.13744); ]
    1587 (11.5127, 5.47546) -> [ 1242 (12.5799, 5.74539); 2392 (12.1491, 5.67408); ]
    1588 (2.8829, 15.3654) -> [ 2247 (3.31575, 16.6232); 2271 (3.17828, 16.2579); 2491 (3.05854, 16.3579); ]
    1597 (9.52191, 16.5053) -> [ 966 (9.89276, 17.9095); 1180 (10.1922, 17.6039); ]
    1599 (9.81743, 11.7093) -> [ 918 (11.1261, 13.0839); 1561 (10.8929, 12.6499); ]
    1601 (19.6534, 13.4444) -> [ 1377 (20.3413, 13.8869); 1842 (20.8221, 14.3704); ]
    1603 (19.7136, 12.0791) -> [ 1062 (20.612, 12.6089); ]
    1608 (12.0835, 0.302632) -> [ 446 (13.4698, -0.434463); 566 (13.5696, -0.543151); 606 (12.9011, -0.176344); 1036 (13.1472, -1.08268); 1811 (12.847, -0.736354); 2085 (13.0474, -0.157859); 2109 (12.5686, -1.02853); 2141 (13.666, 0.128); 2464 (12.9943, 0.232783); ]
    1609 (4.6148, 9.66939) -> [ 1560 (4.85289, 9.96571); 1900 (5.46959, 10.8643); 2338 (5.55063, 10.832); 2477 (5.34297, 10.3678); ]
    1613 (18.0135, 14.0902) -> [ 408 (18.7898, 14.8107); 1316 (19.3105, 14.8768); ]
    1614 (3.01654, 9.76095) -> [ 2033 (3.36476, 10.6623); ]
    1616 (18.17, 17.8899) -> [ 2358 (18.7812, 18.0717); ]
    1617 (6.30549, 13.7539) -> [ 2256 (6.58824, 14.7127); ]
    1620 (13.096, 9.75284) -> [ 157 (14.6639, 10.6144); 711 (14.28, 10.4729); 996 (14.473, 10.7953); 1477 (14.2227, 10.3191); ]
    1621 (7.49546, 13.0233) -> [ 1395 (8.03682, 13.728); ]
    1624 (10.7557, 9.10115) -> [ 1758 (12.2002, 10.152); ]
    1629 (3.81606, 11.7911) -> [ ]
    1630 (18.4237, 10.1313) -> [ 556 (20.1705, 10.7933); ]
    1634 (14.718, 7.77579) -> [ 574 (15.8009, 8.32773); 2457 (15.5799, 8.08619); ]
    1636 (10.5061, 12.7888) -> [ ]
    1638 (16.0216, 16.6473) -> [ ]
    1639 (7.73704, 4.68201) -> [ 2401 (9.05228, 5.65161); ]
    1640 (16.7426, 15.4473) -> [ ]
    1647 (7.69105, 13.9975) -> [ 2021 (8.38664, 15.4786); ]
    1648 (14.9965, 9.84117) -> [ ]
    1655 (7.26792, 20.549) -> [ 1984 (7.64856, 21.9385); ]
    1658 (4.25423, 9.4447) -> [ 1459 (5.06924, 10.9729); 2244 (4.77534, 10.2559); ]
    1660 (14.831, 11.3675) -> [ 1998 (15.0303, 11.4661); ]
    1661 (11.8894, 8.65008) -> [ 2475 (11.8894, 8.64999); ]
    1662 (8.92358, 10.4896) -> [ ]
    1663 (6.86127, 10.0924) -> [ 2301 (7.54991, 10.7784); ]
    1667 (12.536, 1.3234) -> [ 1745 (14.2776, 1.25792); 2350 (14.0944, 1.16246); ]
    1674 (8.73802, 10.0358) -> [ 2203 (9.29974, 10.5179); ]
    1675 (13.4892, 14.4932) -> [ 2410 (14.3833, 15.7997); ]
    1676 (16.974, 18.4731) -> [ 1361 (18.0509, 19.9212); ]
    1679 (7.90259, 9.11914) -> [ 1674 (8.73802, 10.0358); ]
    1683 (10.5419, 3.15997) -> [ 2365 (11.5835, 3.47671); ]
    1687 (5.63568, 8.78057) -> [ 1050 (6.77464, 10.2706); 2297 (6.65116, 10.1624); ]
    1693 (4.90257, 8.93664) -> [ 270 (5.47539, 10.4285); 422 (5.68809, 10.5052); 2027 (5.32324, 9.58918); ]
    1698 (8.9233, 7.63833) -> [ 1019 (9.91358, 8.41102); ]
    1701 (8.68381, 19.1365) -> [ 1390 (8.75754, 19.3834); ]
    1702 (15.909, 11.5105) -> [ 2111 (16.9004, 12.2929); ]
    1704 (10.7755, 18.5845) -> [ 564 (11.4942, 19.6476); 781 (11.8201, 20.1372); 2402 (11.4889, 19.5943); ]
    1707 (10.6676, 15.5638) -> [ 1777 (11.849, 16.9187); 1986 (11.098, 16.0148); 2257 (11.5188, 16.3935); ]
    1708 (12.7617, 19.9336) -> [ 1182 (13.2869, 20.9227); ]
    1710 (16.8938, 10.3543) -> [ 1740 (17.7651, 10.8374); 2394 (17.4821, 10.6054); ]
    1713 (17.6366, 16.6688) -> [ 1426 (18.8253, 17.8362); ]
    1715 (10.9571, 6.10922) -> [ 1472 (11.5141, 6.4084); 2116 (11.7643, 6.46939); ]
    1716 (18.0483, 7.80975) -> [ ]
    1720 (10.5188, 20.4198) -> [ 1787 (10.8601, 20.9872); 2150 (10.8873, 20.8889); ]
    1724 (8.87518, 19.3588) -> [ 2447 (9.90518, 21.0732); ]
    1730 (7.32738, 11.2213) -> [ 870 (7.58868, 11.6924); ]
    1731 (13.1225, 12.1232) -> [ 449 (13.9198, 12.8547); 587 (14.1695, 13.2549); 1164 (13.9209, 12.6992); 1189 (14.3752, 13.3558); ]
    1736 (15.6019, 10.6245) -> [ 240 (17.1319, 11.542); 2250 (16.7973, 11.2954); ]
    1738 (3.9717, 17.2301) -> [ 398 (4.04503, 19.1555); 739 (4.01612, 19.1109); 1822 (4.1369, 18.1721); ]
    1743 (8.50412, 21.4151) -> [ 1855 (9.72718, 22.4416); ]
    1750 (16.6399, 15.4022) -> [ 1250 (17.7608, 16.3934); ]
    1752 (5.31776, 4.97277) -> [ 2290 (5.32022, 5.06372); ]
    1753 (2.176, 19.8483) -> [ 1306 (2.0123, 20.7065); 2202 (1.3495, 21.0737); ]
    1758 (12.2002, 10.152) -> [ 939 (12.9274, 10.7377); 1728 (12.7425, 10.6793); 1905 (13.3582, 11.0731); ]
    1761 (10.7656, 2.5075) -> [ ]
    1762 (2.31968, 9.56758) -> [ ]
    1765 (13.1297, 8.57564) -> [ 926 (14.5529, 9.33739); 1856 (13.8665, 8.95208); 2325 (14.1623, 9.25261); ]
    1771 (11.3482, 14.5121) -> [ 1725 (12.5887, 15.9033); ]
    1772 (18.2086, 5.70337) -> [ 1643 (19.0098, 6.05598); ]
    1775 (7.09612, 17.6367) -> [ 1439 (7.68738, 18.7509); 2282 (7.35764, 18.3127); ]
    1777 (11.849, 16.9187) -> [ 26 (12.4363, 17.6788); 1244 (12.7957, 18.2068); 1508 (12.8752, 18.2252); 2443 (12.4312, 17.7219); ]
    1781 (12.5552, 9.24141) -> [ 1807 (13.914, 10.1004); 2137 (13.3103, 9.6425); ]
    1783 (9.64839, 18.8775) -> [ 1720 (10.5188, 20.4198); ]
    1785 (7.40814, 2.39202) -> [ 1652 (8.83101, 2.57058); 2113 (9.19064, 2.37338); 2342 (9.12313, 2.44008); ]
    1786 (4.1495, 9.08038) -> [ 2488 (5.13774, 10.0581); ]
    1791 (10.7603, 2.24373) -> [ 1722 (12.29, 2.20925); 2363 (12.1373, 2.30191); ]
    1792 (15.3809, 17.2971) -> [ 1172 (16.3229, 18.3104); 2053 (15.5963, 17.498); ]
    1800 (17.665, 1.34602) -> [ 2036 (18.72, -0.353069); ]
    1803 (17.6672, 10.6137) -> [ 2435 (19.1034, 11.4101); ]
    1812 (17.9729, 1.00023) -> [ 786 (19.8444, 0.556071); ]
    1817 (8.2379, 6.27311) -> [ 1711 (8.68869, 6.44108); 2062 (8.71631, 6.5452); ]
    1818 (14.1566, 11.5458) -> [ 189 (15.6912, 12.3304); 1615 (15.8429, 12.4564); ]
    1819 (9.19482, 15.9553) -> [ 910 (9.77656, 17.0606); 1434 (9.8164, 17.3245); ]
    1822 (4.1369, 18.1721) -> [ 624 (4.45799, 19.9236); 2235 (4.73089, 20.0819); ]
    1824 (12.9988, 20.918) -> [ 909 (13.7944, 22.4484); ]
    1825 (18.7225, 4.59973) -> [ 1325 (19.9998, 4.81214); ]
    1829 (16.1995, 2.46685) -> [ 2152 (17.3325, 2.79882); 2480 (17.7764, 2.83763); ]
    1830 (16.2224, 14.8464) -> [ 2089 (17.38, 15.8426); ]
    1831 (1.80971, 9.82723) -> [ 1110 (2.2003, 11.088); 2122 (1.62645, 10.6724); 2408 (1.93155, 11.2695); ]
    1846 (15.5139, 3.03396) -> [ ]
    1849 (15.6693, 10.5235) -> [ 2386 (17.2112, 11.2182); ]
    1850 (7.97618, 13.5335) -> [ 346 (9.04978, 15.1089); ]
    1851 (10.8971, 15.3536) -> [ 1875 (12.1733, 16.8935); 1884 (11.8907, 16.548); 2103 (11.8438, 16.4459); ]
    1854 (15.588, 16.1595) -> [ 401 (15.8499, 16.6404); 824 (16.5143, 17.084); 1326 (15.847, 16.649); 1491 (16.7361, 17.5016); 1638 (16.0216, 16.6473); 1737 (16.4762, 17.0476); ]
    1856 (13.8665, 8.95208) -> [ 1339 (15.4653, 9.79537); ]
    1863 (15.2401, 14.0259) -> [ 1252 (15.7725, 14.6419); 1830 (16.2224, 14.8464); ]
    1869 (1.93748, 13.603) -> [ 1483 (1.88653, 15.0051); 2335 (1.9804, 15.1155); ]
    1878 (10.6377, 13.554) -> [ ]
    1881 (11.6493, 10.4932) -> [ 681 (11.7339, 10.5957); 1045 (12.0355, 10.8853); 2080 (12.0043, 10.7869); ]
    1887 (2.0116, 7.85221) -> [ 2352 (0.0156117, 7.97889); ]
    1890 (2.21565, 15.2835) -> [ ]
    1891 (11.1677, 3.11858) -> [ ]
    1892 (11.4932, 1.81331) -> [ 259 (13.3346, 1.73552); ]
    1895 (13.8139, 4.69526) -> [ 541 (15.4065, 5.05337); 1271 (15.3773, 5.10584); 2269 (14.4296, 4.83932); 2333 (14.658, 4.83349); ]
    1898 (18.8781, 11.5908) -> [ ]
    1901 (11.1193, 13.6597) -> [ 1138 (11.6632, 14.4956); ]
    1905 (13.3582, 11.0731) -> [ 2136 (14.6062, 11.9374); ]
    1908 (20.8756, 4.41067) -> [ 1259 (22.507, 3.6173); ]
    1914 (11.312, 7.18963) -> [ 1328 (11.671, 7.45635); 1347 (11.8032, 7.38458); 1739 (12.0793, 7.57552); 1934 (12.7234, 7.73056); ]
    1915 (0.916935, 16.7544) -> [ 2360 (0.87211, 17.8162); 2458 (0.939435, 17.5723); ]
    1917 (13.9799, 4.56052) -> [ 2223 (15.3179, 4.89728); ]
    1920 (4.1408, 7.30106) -> [ 1693 (4.90257, 8.93664); ]
    1923 (1.49815, 12.799) -> [ 1058 (1.50553, 14.5232); 2018 (1.33203, 13.769); ]
    1929 (17.2597, 8.22699) -> [ 2306 (18.6477, 8.52492); ]
    1931 (10.126, 9.19722) -> [ 2444 (10.8109, 9.98388); ]
    1932 (12.4821, 18.6747) -> [ 871 (13.0516, 19.6065); 1700 (13.0359, 19.7226); 1823 (12.7012, 19.1245); ]
    1933 (14.0369, 9.88783) -> [ 1961 (15.0113, 10.592); ]
    1937 (-0.335679, 14.767) -> [ 1528 (-0.877146, 14.41); 1696 (-0.829278, 14.4608); 2101 (-0.983775, 14.5248); ]
    1938 (12.7554, 1.95725) -> [ 1995 (14.3033, 2.25387); 2044 (14.2394, 2.17969); 2439 (14.4023, 1.96644); ]
    1939 (18.566, 1.97943) -> [ 193 (19.963, 0.801527); ]
    1942 (15.4272, 17.9738) -> [ ]
    1948 (2.4466, 15.4081) -> [ 647 (2.7326, 17.2059); 813 (2.67954, 16.9599); ]
    1953 (7.27071, 9.78108) -> [ ]
    1956 (5.6305, 4.34401) -> [ ]
    1961 (15.0113, 10.592) -> [ 2094 (16.0124, 11.2831); ]
    1973 (11.6134, 14.6809) -> [ 150 (12.7735, 15.7074); ]
    1977 (1.37699, 19.2879) -> [ 354 (2.0673, 19.4531); 1521 (1.98481, 19.5197); 2258 (1.58235, 20.6896); 2305 (1.64307, 20.6608); ]
    1979 (4.78929, 7.67702) -> [ 1687 (5.63568, 8.78057); 1976 (5.53455, 8.32187); 2176 (5.19258, 7.91955); 2316 (5.05026, 7.97447); ]
    1980 (18.8799, 11.609) -> [ 1124 (20.2491, 12.5042); 1399 (19.909, 12.4691); 1603 (19.7136, 12.0791); ]
    1988 (2.76579, 16.0463) -> [ 434 (2.23979, 17.5887); ]
    1991 (12.7119, 2.66104) -> [ 148 (14.0936, 2.78362); 706 (14.4621, 3.05265); 1295 (14.2308, 2.9395); 1490 (14.1817, 2.76908); 2262 (14.1724, 2.63808); ]
    1995 (14.3033, 2.25387) -> [ 285 (15.4556, 3.00761); 792 (15.2116, 2.98137); 1846 (15.5139, 3.03396); ]
    2000 (9.50721, 11.9041) -> [ 2097 (10.0204, 12.7379); ]
    2002 (19.1102, 15.0461) -> [ 614 (19.3977, 15.2103); ]
    2010 (11.3421, 9.89085) -> [ 1447 (12.4916, 11.0679); 1860 (12.4561, 10.6096); ]
    2011 (8.52185, 8.7037) -> [ 1492 (9.70223, 9.86567); 1659 (9.78307, 9.73657); ]
    2012 (17.0968, 20.4646) -> [ 2087 (18.1496, 21.9188); ]
    2018 (1.33203, 13.769) -> [ 2005 (1.39724, 15.1524); ]
    2027 (5.32324, 9.58918) -> [ 399 (5.35335, 9.69466); ]
    2031 (16.6887, 20.629) -> [ 2015 (17.245, 21.2661); 2345 (17.3495, 21.7436); ]
    2032 (3.89315, 12.5905) -> [ 1319 (4.02269, 13.3033); 1664 (4.20897, 13.7105); 2105 (3.95564, 13.0117); 2217 (4.34462, 14.2791); ]
    2045 (12.3815, 13.45) -> [ 1675 (13.4892, 14.4932); ]
    2046 (4.42017, 17.5561) -> [ 1059 (4.827, 19.1387); 1591 (4.74541, 18.5814); ]
    2047 (6.32292, 3.84494) -> [ 1990 (7.50306, 4.413); 2283 (7.82117, 4.4183); 2497 (7.79743, 4.42846); ]
    2048 (17.8487, 4.272) -> [ ]
    2050 (11.2934, 13.3489) -> [ 1083 (12.3925, 14.6319); 1315 (12.3662, 14.653); ]
    2053 (15.5963, 17.498) -> [ 2213 (16.7367, 18.4402); ]
    2059 (15.0026, 18.1364) -> [ 2205 (15.5412, 18.6654); ]
    2063 (10.3643, 12.7058) -> [ 1901 (11.1193, 13.6597); ]
    2064 (1.82937, 12.836) -> [ 272 (1.7252, 13.9378); ]
    2068 (9.34733, 1.59001) -> [ 762 (10.9353, 1.70174); 2395 (10.7663, 1.7702); ]
    2071 (16.2726, 5.81662) -> [ 1972 (17.5585, 6.22611); ]
    2073 (6.92616, 9.05182) -> [ 1685 (7.72376, 10.0205); ]
    2074 (18.4294, 4.98195) -> [ ]
    2076 (2.46276, 8.42544) -> [ 1614 (3.01654, 9.76095); ]
    2081 (15.1479, 6.07411) -> [ 298 (16.7385, 6.66207); 1810 (16.7991, 6.67625); ]
    2082 (15.7156, 4.15639) -> [ ]
    2083 (1.35163, 10.1144) -> [ 1004 (1.20571, 11.8165); 1262 (1.37176, 11.798); 2095 (1.15269, 11.0854); 2183 (1.19188, 11.7105); 2487 (1.0873, 11.4241); ]
    2089 (17.38, 15.8426) -> [ 1282 (18.3165, 16.6531); 1512 (18.3793, 16.6046); 1654 (18.331, 16.6246); ]
    2093 (0.313397, 11.0597) -> [ 1947 (-1.00465, 12.2949); ]
    2095 (1.15269, 11.0854) -> [ 1039 (0.983796, 12.0803); ]
    2099 (3.04675, 17.1367) -> [ 2140 (3.08036, 17.4838); ]
    2100 (19.7091, 10.097) -> [ 2151 (21.2973, 10.5764); ]
    2104 (18.5535, 16.5967) -> [ 2106 (18.9256, 16.9206); ]
    2112 (17.9948, 3.98434) -> [ ]
    2113 (9.19064, 2.37338) -> [ 2019 (10.8308, 2.36847); ]
    2115 (2.59208, 14.577) -> [ ]
    2117 (10.0833, 3.5112) -> [ 1983 (11.6489, 3.83284); ]
    2121 (12.3114, 14.5013) -> [ 776 (13.5559, 15.6829); 961 (13.0075, 15.4154); 1021 (13.195, 15.4744); 1285 (13.5589, 15.7919); ]
    2123 (17.8815, 14.5483) -> [ 669 (18.8529, 15.2003); ]
    2125 (15.394, 3.7832) -> [ 1333 (16.4181, 3.23336); ]
    2126 (11.5751, 6.76577) -> [ 1885 (13.1191, 7.60175); ]
    2128 (10.8987, 17.5735) -> [ 1682 (11.6266, 18.9063); 1735 (11.093, 17.9053); ]
    2135 (17.8312, 9.34942) -> [ 1112 (19.4711, 9.95382); 1741 (19.4633, 9.92543); 2327 (19.4033, 10.0538); ]
    2136 (14.6062, 11.9374) -> [ 237 (15.915, 12.9927); 869 (15.1963, 12.5298); 879 (15.9495, 12.9773); ]
    2139 (7.98526, 3.33785) -> [ 963 (9.65334, 3.69904); 1191 (9.4073, 3.49854); ]
    2142 (19.3202, 13.9267) -> [ 77 (20.04, 14.4297); ]
    2144 (0.0148446, 11.2562) -> [ 2034 (-0.905933, 12.7352); ]
    2148 (16.2678, 6.89896) -> [ 1137 (17.4571, 7.26907); ]
    2149 (7.79118, 14.1727) -> [ 2364 (8.54909, 15.4815); ]
    2152 (17.3325, 2.79882) -> [ ]
    2160 (13.5479, 18.3862) -> [ 755 (14.0122, 19.1937); 2489 (14.2564, 19.5557); ]
    2161 (10.4934, 14.7572) -> [ 1851 (10.8971, 15.3536); ]
    2165 (12.6107, 15.0628) -> [ 355 (13.0333, 15.6205); 1267 (13.0207, 15.8167); 1314 (13.1519, 15.9309); 1592 (13.0636, 15.7797); ]
    2170 (5.47456, 4.6347) -> [ 2013 (5.77724, 4.79856); ]
    2177 (15.4685, 17.7871) -> [ 1344 (16.2924, 18.8966); ]
    2181 (8.61883, 1.41479) -> [ 1002 (10.382, 1.64685); ]
    2185 (9.71482, 4.01971) -> [ 1165 (10.5969, 4.53498); 2379 (10.1767, 4.26779); ]
    2189 (8.12221, 10.8641) -> [ 575 (8.49581, 11.2305); ]
    2190 (16.8125, 3.33902) -> [ 549 (18.0138, 3.50536); 719 (18.5308, 3.07085); 804 (18.5535, 3.06978); 967 (18.3506, 3.13424); 1098 (17.6998, 3.60816); ]
    2191 (16.6904, 10.5895) -> [ 2240 (17.8366, 11.3885); ]
    2193 (8.2146, 16.1464) -> [ 1633 (8.94642, 17.1155); ]
    2203 (9.29974, 10.5179) -> [ 1370 (10.1786, 11.5176); 1827 (10.3743, 11.5648); ]
    2207 (16.0176, 17.2763) -> [ 2275 (17.2942, 18.4688); ]
    2209 (1.68552, 1.35666) -> [ 2309 (1.3271, -0.158238); ]
    2211 (2.77824, 10.2406) -> [ ]
    2218 (13.0679, 19.4397) -> [ 2332 (13.3456, 19.7334); ]
    2223 (15.3179, 4.89728) -> [ 662 (16.6684, 5.2034); 2426 (16.6987, 5.29907); ]
    2228 (15.1932, 9.83541) -> [ ]
    2241 (2.59769, 13.15) -> [ 1388 (3.05331, 14.8251); ]
    2247 (3.31575, 16.6232) -> [ ]
    2250 (16.7973, 11.2954) -> [ ]
    2252 (18.0085, 3.03359) -> [ 1460 (19.5139, 3.10477); ]
    2253 (1.96173, 15.8533) -> [ ]
    2255 (6.46671, 5.03678) -> [ 2134 (7.35068, 5.41028); ]
    2268 (1.13598, 6.19549) -> [ 2498 (-0.666989, 7.0611); ]
    2271 (3.17828, 16.2579) -> [ ]
    2272 (14.3191, 20.3829) -> [ 1703 (15.4881, 21.5269); 1912 (15.1502, 21.0107); 2231 (14.7067, 20.8967); 2273 (15.2201, 21.2694); 2289 (15.1238, 21.0447); ]
    2283 (7.82117, 4.4183) -> [ 1549 (9.30927, 5.00538); ]
    2287 (18.3892, 4.88481) -> [ 819 (19.6184, 5.22831); 2347 (19.2151, 5.05303); ]
    2293 (1.99934, 13.5787) -> [ 1581 (2.04044, 15.1444); 1890 (2.21565, 15.2835); 2388 (2.12587, 15.0443); ]
    2296 (0.745422, 5.87775) -> [ 2315 (-1.2334, 5.58745); ]
    2297 (6.65116, 10.1624) -> [ 1611 (7.49693, 11.3486); 1730 (7.32738, 11.2213); 1940 (7.29712, 11.4601); ]
    2306 (18.6477, 8.52492) -> [ 1656 (19.4669, 8.81486); 1769 (19.6738, 8.81368); 1958 (19.5171, 8.79227); 2472 (19.5057, 8.75026); ]
    2308 (15.2868, 10.8745) -> [ 763 (16.4953, 11.7677); ]
    2311 (8.69834, 9.15267) -> [ 2043 (9.60924, 10.0023); ]
    2320 (1.26179, 13.0798) -> [ 1714 (-0.136107, 13.2059); ]
    2321 (0.542364, 10.947) -> [ 2368 (-0.426865, 12.2565); ]
    2324 (8.92301, 18.4135) -> [ 962 (9.87633, 19.8374); 2162 (9.72431, 19.5097); ]
    2325 (14.1623, 9.25261) -> [ 593 (15.4852, 9.98564); 1544 (15.3999, 10.1677); 1648 (14.9965, 9.84117); 2228 (15.1932, 9.83541); ]
    2327 (19.4033, 10.0538) -> [ 905 (20.794, 10.6172); ]
    2328 (13.215, 5.09264) -> [ 1359 (14.4631, 5.37236); 2174 (13.9638, 5.27758); 2226 (14.4682, 5.21795); ]
    2331 (2.71941, 17.5882) -> [ 319 (1.76805, 18.9771); 2298 (2.80968, 18.6184); ]
    2332 (13.3456, 19.7334) -> [ 361 (14.272, 21.1767); ]
    2335 (1.9804, 15.1155) -> [ 1511 (2.08297, 15.9055); 2253 (1.96173, 15.8533); ]
    2349 (9.41036, 12.4295) -> [ 1878 (10.6377, 13.554); ]
    2350 (14.0944, 1.16246) -> [ 1487 (15.3935, 0.339535); ]
    2362 (11.2496, 0.97253) -> [ 2215 (12.6029, 0.477425); 2356 (12.8998, 1.09519); 2427 (12.4267, 0.935624); ]
    2365 (11.5835, 3.47671) -> [ 2383 (12.7266, 3.88601); ]
    2366 (13.8992, 4.20773) -> [ 1618 (15.0658, 4.49349); ]
    2371 (11.0761, 9.09263) -> [ 2198 (11.826, 9.55942); ]
    2373 (12.4996, 5.02819) -> [ 2452 (13.8802, 5.49298); ]
    2375 (1.28814, 17.0384) -> [ 567 (1.53879, 17.3358); 801 (1.6047, 17.985); 882 (1.54503, 17.553); ]
    2377 (2.4638, 9.08517) -> [ 2145 (2.84412, 10.6365); ]
    2383 (12.7266, 3.88601) -> [ 2366 (13.8992, 4.20773); ]
    2386 (17.2112, 11.2182) -> [ 2249 (17.5827, 11.4916); ]
    2393 (10.5297, 15.7882) -> [ 75 (10.8453, 16.2021); ]
    2395 (10.7663, 1.7702) -> [ 1308 (12.1902, 1.98459); 1892 (11.4932, 1.81331); ]
    2396 (14.0917, 8.70162) -> [ 1199 (15.4468, 9.30062); ]
    2397 (17.5255, 9.36541) -> [ 452 (18.6879, 9.89051); 782 (18.9503, 10.062); ]
    2401 (9.05228, 5.65161) -> [ 875 (10.366, 6.25315); 2055 (10.5271, 6.4906); ]
    2402 (11.4889, 19.5943) -> [ 636 (12.3593, 20.7819); 2446 (12.3221, 20.4918); ]
    2403 (16.4854, 9.8527) -> [ 1803 (17.6672, 10.6137); ]
    2407 (10.0113, 20.0503) -> [ 1106 (10.3647, 20.6352); 1202 (10.1772, 20.4929); 1717 (10.5356, 20.7594); ]
    2408 (1.93155, 11.2695) -> [ 975 (1.95321, 12.0198); 1132 (2.14402, 12.6279); 1342 (1.94524, 11.9499); ]
    2409 (18.4035, 3.56014) -> [ 317 (19.6429, 3.68016); ]
    2413 (11.2729, 13.2785) -> [ 305 (12.2223, 14.386); 2121 (12.3114, 14.5013); ]
    2420 (14.3471, 3.08427) -> [ 139 (16.0236, 3.30808); ]
    2421 (14.6069, 2.11761) -> [ 453 (16.2126, 2.66991); 569 (16.1812, 2.53462); 1829 (16.1995, 2.46685); ]
    2423 (11.2218, 2.70498) -> [ 2251 (12.3492, 2.99259); 2329 (12.7147, 3.0398); ]
    2426 (16.6987, 5.29907) -> [ 1772 (18.2086, 5.70337); 1928 (18.3212, 5.70383); ]
    2432 (2.42316, 14.8335) -> [ ]
    2433 (14.0166, 12.0978) -> [ 988 (14.9499, 12.8459); ]
    2434 (11.4041, 11.5144) -> [ 2114 (12.2492, 12.3695); ]
    2435 (19.1034, 11.4101) -> [ 1297 (19.8833, 11.9401); ]
    2440 (18.5086, 3.51276) -> [ 980 (19.7685, 3.09831); 1916 (19.3932, 2.99086); ]
    2442 (12.8363, 17.004) -> [ 1821 (13.5841, 18.0132); ]
    2452 (13.8802, 5.49298) -> [ 1305 (14.6592, 5.74875); ]
    2453 (2.29826, 14.4164) -> [ 1798 (2.62859, 14.8677); ]
    2454 (21.3736, 15.2337) -> [ 1645 (22.4005, 15.8246); ]
    2462 (13.6132, 3.74118) -> [ 807 (15.0718, 3.99889); 1788 (14.5358, 4.17058); ]
    2465 (15.5323, 18.3777) -> [ 461 (16.1359, 18.872); 1154 (15.8557, 18.6404); ]
    2471 (16.0788, 7.78921) -> [ 734 (17.2227, 8.38083); 1929 (17.2597, 8.22699); 1935 (17.4126, 8.3499); ]
    2473 (17.5296, 2.2949) -> [ 1692 (18.5932, 2.35759); 1751 (18.9257, 2.46301); 2254 (18.4161, 2.47017); 2286 (18.5545, 2.29026); ]
    2484 (7.14218, 9.69817) -> [ 2189 (8.12221, 10.8641); ]
    2489 (14.2564, 19.5557) -> [ 1598 (15.2796, 20.8179); ]
    2491 (3.05854, 16.3579) -> [ 1156 (3.48693, 17.9118); ]
    2493 (12.6338, 14.6924) -> [ 1272 (13.6639, 15.7138); 1569 (13.6734, 15.5962); ]
    2499 (14.7382, 15.2852) -> [ 2450 (15.7279, 16.469); ]
