1 15 
0.919091 15.1246 
0.577231 15.7074 
0.431635 16.0243 
0.22005 16.666 
0.152395 16.9416 
0.0666612 17.4575 
0.0490822 17.7278 
0.0185347 18.6724 
0.00760252 19.3537 
0.00139215 21.3691 
0.00121601 23.3436 
0.0121996 25.3917 
0.0110872 27.0488 
0.0221467 28.0723 
0.0862173 28.9747 
0.102617 29.0973 
0.202042 29.7792 
0.31667 30.3577 
0.45341 30.8864 
0.497475 31.0291 
0.712381 31.7169 
0.947727 32.3471 
1.06678 32.6263 
1.35944 33.249 
1.75255 33.9761 
2.00842 34.4057 
2.14799 34.6128 
2.66162 35.3316 
3.29533 36.0575 
3.74775 36.5088 
4.28274 36.9839 
4.56899 37.2193 
5.54849 37.9263 
5.72612 38.0414 
6.0413 38.2306 
6.16885 38.3058 
6.88566 38.6862 
7.65211 39.0535 
8.34786 39.3086 
9.04815 39.5407 
9.56047 39.6696 
10.1017 39.7876 
10.7041 39.8712 
11.7465 39.974 
12.2125 39.9837 
13.3955 39.9942 
14.2881 39.9228 
15.0974 39.8046 
15.2857 39.7671 
16.1956 39.5451 
16.982 39.3024 
17.1096 39.2565 
17.838 38.9494 
18.2836 38.7446 
18.7546 38.4864 
19.3793 38.1295 
19.7105 37.9072 
19.8457 37.8144 
20.304 37.4681 
20.5846 37.2505 
21.2297 36.6985 
21.9158 36.0173 
22.2271 35.6547 
22.5873 35.2003 
22.8129 34.8843 
23.1122 34.4371 
23.1997 34.2991 
23.5956 33.6266 
23.7404 33.3344 
24.0736 32.5828 
24.3325 31.9015 
24.4241 31.6046 
24.6024 30.9396 
24.7923 30.0368 
24.9007 29.3599 
24.9628 28.5515 
24.995 27.6953 
24.9856 26.0682 
24.9939 25.3554 
24.9981 24.7688 
24.9989 23.9984 
24.9969 23.4494 
24.9907 21.6135 
24.8896 20.7783 
24.7161 19.9688 
24.6115 19.653 
24.409 19.1163 
24.209 18.6669 
23.948 18.154 
23.5379 17.4869 
23.3897 17.283 
23.3682 17.2526 
22.9125 16.6963 
22.5825 16.3088 
22.0557 15.8184 
21.5964 15.4248 
21.236 15.1536 
21 15 

