Iteration, w1,w2,w3, f1,f2,f3, MaxRegret
0, 1,0,0, 20.1367,121.776,10.0684, 0.0
0, 0,1,0, 38.8607,0.407743,19.4303, 0.0
0, 0,0,1, 35.9986,1.5862,2.12489, 0.0
0,0.707434,0.292566,0, 20.9192,2.51653,10.4596, 0.291587
1,0,0.655399,0.344601, 44.273,0.54721,2.23104, 0.306915
2,0.637945,0.0269584,0.335097, 23.5377,11.5563,2.94526, 0.279471
3,0.52702,0.217955,0.255025, 20.8645,2.66381,10.4323, 0.203216
4,0.568834,0.235247,0.19592, 20.8708,2.64555,10.4354, 0.156118
5,0.569239,0.235414,0.195347, 20.8649,2.66365,10.4325, 0.155662
6,0.568837,0.235248,0.195915, 20.8538,2.70245,10.4269, 0.156114
7,0.567996,0.234901,0.197103, 20.8446,2.72543,10.4223, 0.157061
8,0.567511,0.2347,0.19779, 20.9017,2.57074,10.4509, 0.157608
9,0.570965,0.236128,0.192907, 20.893,2.58445,10.4465, 0.153717
10,0.57064,0.235994,0.193366, 20.8951,2.57733,10.4475, 0.154083
11,0.570808,0.236064,0.193128, 20.8921,2.58568,10.4461, 0.153894
12,0.570611,0.235982,0.193407, 20.8447,2.71427,10.4223, 0.154116
13,0.567745,0.234797,0.197458, 20.8789,2.62707,10.4394, 0.157344
14,0.569655,0.235587,0.194759, 20.8595,2.68495,10.4297, 0.155193
15,0.568372,0.235056,0.196572, 20.9056,2.55111,10.4528, 0.156638
16,0.571436,0.236323,0.19224, 20.853,2.69709,10.4265, 0.153186
17,0.568111,0.234948,0.196941, 20.8842,2.60825,10.4421, 0.156932
18,0.570086,0.235765,0.19415, 20.8815,2.61476,10.4407, 0.154708
19,0.569936,0.235703,0.194362, 20.8743,2.64354,10.4371, 0.154877
20,0.569284,0.235433,0.195283, 20.8657,2.65672,10.4328, 0.155611
21,0.56899,0.235312,0.195698, 20.8941,2.57846,10.4471, 0.155942
22,0.570782,0.236052,0.193166, 20.8465,2.7356,10.4233, 0.153924
23,0.567299,0.234612,0.198089, 20.8842,2.60916,10.4421, 0.157847
24,0.570065,0.235756,0.19418, 20.9,2.57003,10.45, 0.154732
25,0.570982,0.236135,0.192883, 20.8828,2.61908,10.4414, 0.153698
26,0.569837,0.235662,0.194501, 20.8963,2.57534,10.4482, 0.154988
27,0.570855,0.236083,0.193062, 20.8844,2.60537,10.4422, 0.153841
28,0.570152,0.235792,0.194056, 20.8774,2.63019,10.4387, 0.154633
29,0.569584,0.235557,0.194859, 20.8661,2.65832,10.433, 0.155273
30,0.568955,0.235297,0.195748, 20.8762,2.62894,10.4381, 0.155982
31,0.569612,0.235569,0.194819, 20.9251,2.5008,10.4625, 0.155241
32,0.5713,0.236267,0.192433, 20.9133,2.52394,10.4567, 0.151966
33,0.572102,0.236599,0.191299, 20.8988,2.56933,10.4494, 0.152436
34,0.570998,0.236142,0.192859, 20.8689,2.64838,10.4345, 0.15368
35,0.569175,0.235388,0.195436, 20.8187,2.80906,10.4093, 0.155733
36,0.565817,0.233999,0.200184, 20.893,2.58514,10.4465, 0.159516
37,0.570624,0.235987,0.193389, 20.8506,2.70519,10.4253, 0.154101
38,0.567938,0.234876,0.197186, 20.8971,2.5748,10.4486, 0.157127
39,0.570868,0.236088,0.193043, 20.9184,2.51912,10.4592, 0.153826
40,0.572222,0.236648,0.19113, 20.8952,2.57457,10.4476, 0.152301
41,0.570874,0.236091,0.193036, 20.8868,2.60866,10.4434, 0.15382
42,0.570076,0.235761,0.194163, 20.8822,2.61609,10.4411, 0.154719
43,0.569905,0.23569,0.194405, 20.9323,2.48659,10.4661, 0.154911
44,0.570437,0.23591,0.193653, 20.8959,2.57954,10.448, 0.151736
45,0.570756,0.236042,0.193202, 20.869,2.65144,10.4345, 0.153953
46,0.569107,0.23536,0.195533, 20.8824,2.61933,10.4412, 0.15581
47,0.569831,0.235659,0.194509, 20.8823,2.61671,10.4412, 0.154994
48,0.569891,0.235684,0.194425, 20.8983,2.56996,10.4492, 0.154927
49,0.570983,0.236136,0.192881, 20.884,2.61466,10.442, 0.153697
50,0.569938,0.235704,0.194358, 20.9145,2.53305,10.4573, 0.154874
51,0.571877,0.236506,0.191617, 20.8319,2.7646,10.4159, 0.15269
52,0.566703,0.234366,0.198931, 20.9136,2.5315,10.4568, 0.158518
53,0.571915,0.236521,0.191563, 20.8739,2.6349,10.437, 0.152647
54,0.569478,0.235513,0.195009, 20.882,2.61757,10.441, 0.155392
55,0.569871,0.235676,0.194452, 20.8852,2.60255,10.4426, 0.154949
56,0.570218,0.235819,0.193963, 20.9261,2.49488,10.463, 0.154559
57,0.570915,0.236107,0.192978, 20.8748,2.64032,10.4374, 0.151863
58,0.569356,0.235463,0.195181, 20.8557,2.69329,10.4279, 0.15553
59,0.568192,0.234982,0.196826, 20.8878,2.60669,10.4439, 0.15684
60,0.570122,0.23578,0.194099, 20.8877,2.5983,10.4439, 0.154667
61,0.570316,0.23586,0.193824, 20.8821,2.61584,10.441, 0.154448
62,0.569911,0.235692,0.194396, 20.8791,2.62559,10.4395, 0.154904
63,0.569689,0.2356,0.194711, 20.8694,2.65003,10.4347, 0.155155
64,0.569139,0.235373,0.195488, 20.8709,2.65202,10.4355, 0.155774
65,0.569094,0.235355,0.195551, 20.8711,2.64424,10.4355, 0.155824
66,0.569268,0.235426,0.195306, 20.8733,2.63731,10.4367, 0.155629
67,0.569423,0.235491,0.195086, 20.8619,2.67476,10.431, 0.155454
68,0.568594,0.235148,0.196259, 20.8552,2.69773,10.4276, 0.156388
69,0.568097,0.234942,0.196961, 20.8645,2.66941,10.4323, 0.156948
70,0.568711,0.235196,0.196093, 20.8756,2.63479,10.4378, 0.156257
71,0.56948,0.235514,0.195006, 20.8866,2.60155,10.4433, 0.15539
72,0.570241,0.235829,0.193931, 20.8928,2.58728,10.4464, 0.154533
73,0.570574,0.235967,0.19346, 20.8834,2.61495,10.4417, 0.154158
74,0.569931,0.235701,0.194368, 20.8547,2.70144,10.4273, 0.154881
75,0.568018,0.234909,0.197073, 20.8789,2.61978,10.4395, 0.157037
76,0.569821,0.235655,0.194524, 20.8714,2.65104,10.4357, 0.155006
77,0.569116,0.235364,0.19552, 20.9146,2.5266,10.4573, 0.1558
78,0.572037,0.236571,0.191392, 20.8849,2.60055,10.4425, 0.15251
79,0.570264,0.235838,0.193898, 20.9031,2.56361,10.4515, 0.154507
80,0.571135,0.236199,0.192666, 20.908,2.54577,10.454, 0.153526
81,0.571566,0.236377,0.192057, 20.8743,2.64178,10.4371, 0.15304
82,0.569323,0.235449,0.195228, 20.8766,2.63428,10.4383, 0.155567
83,0.569492,0.235519,0.194989, 20.8644,2.66246,10.4322, 0.155377
84,0.568863,0.235259,0.195877, 20.8804,2.6205,10.4402, 0.156085
85,0.569805,0.235648,0.194547, 20.8606,2.67323,10.4303, 0.155024
86,0.568627,0.235161,0.196212, 20.8769,2.63028,10.4385, 0.156351
87,0.569582,0.235556,0.194861, 20.8904,2.59519,10.4452, 0.155275
88,0.570389,0.23589,0.193721, 20.9063,2.55169,10.4531, 0.154366
89,0.571422,0.236317,0.19226, 20.9229,2.5104,10.4615, 0.153202
90,0.57192,0.236523,0.191557, 20.8969,2.5736,10.4484, 0.152131
91,0.570897,0.2361,0.193003, 20.8938,2.5807,10.4469, 0.153794
92,0.570729,0.236031,0.193241, 20.8998,2.56805,10.4499, 0.153983
93,0.571029,0.236155,0.192816, 20.9093,2.53954,10.4547, 0.153645
94,0.571718,0.23644,0.191842, 20.8798,2.62517,10.4399, 0.152869
95,0.569698,0.235604,0.194698, 20.8671,2.6555,10.4335, 0.155144
96,0.569017,0.235323,0.19566, 20.8708,2.64231,10.4354, 0.155911
97,0.569311,0.235444,0.195244, 20.8681,2.65457,10.4341, 0.15558
98,0.569038,0.235331,0.195631, 20.9043,2.55742,10.4521, 0.155888
99,0.571284,0.23626,0.192456, 20.8647,2.66267,10.4323, 0.153358
100,0.568859,0.235257,0.195884, 20.8314,2.7705,10.4157, 0.15609
101,0.566584,0.234316,0.1991, 20.8847,2.61519,10.4423, 0.158652
102,0.569926,0.235699,0.194375, 20.8928,2.592,10.4464, 0.154888
103,0.570463,0.235921,0.193616, 20.8608,2.67512,10.4304, 0.154283
104,0.568586,0.235144,0.19627, 20.884,2.61069,10.442, 0.156397
105,0.570029,0.235741,0.194229, 20.8694,2.64985,10.4347, 0.154771
106,0.569143,0.235375,0.195482, 20.8992,2.57518,10.4496, 0.15577
107,0.570859,0.236085,0.193056, 20.8795,2.6236,10.4397, 0.153836
108,0.569734,0.235619,0.194647, 20.8946,2.57811,10.4473, 0.155104
109,0.57079,0.236056,0.193154, 20.9472,2.44947,10.4736, 0.153915
110,0.568145,0.234962,0.196893, 20.8914,2.58847,10.4457, 0.151127
111,0.570546,0.235955,0.193499, 20.8467,2.72105,10.4234, 0.154189
112,0.567603,0.234738,0.19766, 20.8844,2.6111,10.4422, 0.157505
113,0.57002,0.235738,0.194242, 20.9186,2.51781,10.4593, 0.154782
114,0.572255,0.236662,0.191083, 20.9125,2.53445,10.4563, 0.152264
115,0.571843,0.236491,0.191666, 20.8872,2.60014,10.4436, 0.152728
116,0.570273,0.235842,0.193884, 20.8707,2.65031,10.4354, 0.154496
117,0.569132,0.23537,0.195497, 20.85,2.70835,10.425, 0.155782
118,0.567871,0.234849,0.197281, 20.9073,2.54491,10.4537, 0.157203
119,0.571587,0.236386,0.192027, 20.8824,2.61204,10.4412, 0.153017
120,0.569998,0.235729,0.194273, 20.9136,2.53111,10.4568, 0.154806
121,0.571925,0.236525,0.191549, 20.908,2.54581,10.454, 0.152636
122,0.571565,0.236376,0.192058, 20.9073,2.5442,10.4536, 0.153041
123,0.571604,0.236393,0.192003, 20.9085,2.54518,10.4543, 0.152997
124,0.57158,0.236383,0.192037, 20.8642,2.66977,10.4321, 0.153024
125,0.568703,0.235193,0.196105, 20.8482,2.72069,10.4241, 0.156266
126,0.56761,0.234741,0.197649, 20.8388,2.74944,10.4194, 0.157496
127,0.567013,0.234494,0.198493, 20.8813,2.61461,10.4406, 0.158169
128,0.569939,0.235704,0.194356, 20.859,2.67712,10.4295, 0.154872
129,0.568542,0.235126,0.196332, 20.8686,2.65604,10.4343, 0.156446
130,0.569005,0.235318,0.195677, 20.9252,2.5065,10.4626, 0.155925
131,0.571686,0.236427,0.191887, 20.8633,2.66927,10.4316, 0.152069
132,0.568714,0.235197,0.196089, 20.8702,2.6458,10.4351, 0.156253
133,0.569233,0.235412,0.195355, 20.8708,2.64907,10.4354, 0.155668
134,0.56916,0.235382,0.195458, 20.9231,2.50613,10.4615, 0.15575
135,0.571633,0.236405,0.191962, 20.8681,2.65386,10.4341, 0.152055
136,0.569054,0.235338,0.195609, 20.8617,2.67585,10.4309, 0.15587
137,0.56857,0.235138,0.196292, 20.8919,2.58666,10.4459, 0.156415
138,0.570588,0.235973,0.193439, 20.8744,2.63526,10.4372, 0.154142
139,0.56947,0.23551,0.19502, 20.8808,2.61696,10.4404, 0.155402
140,0.569885,0.235682,0.194433, 20.9017,2.56287,10.4508, 0.154933
141,0.571153,0.236206,0.192641, 20.8878,2.60336,10.4439, 0.153506
142,0.570199,0.235811,0.19399, 20.9168,2.52478,10.4584, 0.15458
143,0.572081,0.23659,0.191328, 20.8909,2.58848,10.4454, 0.15246
144,0.570546,0.235955,0.1935, 20.8855,2.60773,10.4428, 0.15419
145,0.570098,0.23577,0.194133, 20.8405,2.73275,10.4203, 0.154694
146,0.567358,0.234637,0.198006, 20.8565,2.69004,10.4282, 0.15778
147,0.568262,0.235011,0.196727, 20.8733,2.64452,10.4366, 0.156762
148,0.569262,0.235424,0.195314, 20.9316,2.48092,10.4658, 0.155636
149,0.570048,0.235749,0.194203, 20.8486,2.71526,10.4243, 0.151633
150,0.567724,0.234788,0.197487, 20.8925,2.59585,10.4462, 0.157367
151,0.570373,0.235884,0.193743, 20.8853,2.60499,10.4426, 0.154384
152,0.570161,0.235796,0.194043, 20.8361,2.74605,10.418, 0.154623
153,0.567082,0.234523,0.198395, 20.8803,2.62724,10.4402, 0.15809
154,0.569651,0.235585,0.194764, 20.9218,2.51132,10.4609, 0.155197
155,0.571968,0.236543,0.191489, 20.8593,2.67573,10.4296, 0.152144
156,0.568572,0.235139,0.196289, 20.8874,2.60074,10.4437, 0.156412
157,0.570259,0.235836,0.193904, 20.8718,2.65744,10.4359, 0.154512
158,0.568974,0.235305,0.195721, 20.8219,2.79718,10.411, 0.15596
159,0.566051,0.234096,0.199853, 20.8789,2.62496,10.4395, 0.159253
160,0.569703,0.235606,0.194691, 20.8872,2.60507,10.4436, 0.155139
161,0.570159,0.235795,0.194046, 20.8558,2.68914,10.4279, 0.154625
162,0.568282,0.235019,0.1967, 20.9136,2.5415,10.4568, 0.15674
163,0.57167,0.23642,0.19191, 20.8485,2.71713,10.4242, 0.152923
164,0.567685,0.234772,0.197543, 20.9195,2.519,10.4598, 0.157412
165,0.572224,0.236649,0.191127, 20.8522,2.70822,10.4261, 0.152297
166,0.567873,0.23485,0.197277, 20.8823,2.61859,10.4411, 0.1572
167,0.569848,0.235666,0.194485, 20.8509,2.71635,10.4254, 0.154975
168,0.567701,0.234779,0.19752, 20.8539,2.689,10.427, 0.157393
169,0.568285,0.23502,0.196695, 20.8531,2.70355,10.4265, 0.156736
170,0.567973,0.234891,0.197136, 20.8791,2.62231,10.4396, 0.157088
171,0.569763,0.235631,0.194606, 20.8964,2.58084,10.4482, 0.155071
172,0.570725,0.236029,0.193246, 20.8801,2.63418,10.44, 0.153987
173,0.569494,0.23552,0.194986, 20.8749,2.63597,10.4374, 0.155374
174,0.569454,0.235503,0.195043, 20.863,2.66822,10.4315, 0.15542
175,0.568737,0.235207,0.196056, 20.8604,2.69056,10.4302, 0.156227
176,0.568251,0.235006,0.196743, 20.9175,2.52167,10.4588, 0.156774
177,0.572159,0.236622,0.191219, 20.8849,2.60948,10.4425, 0.152373
178,0.570057,0.235753,0.19419, 20.885,2.60447,10.4425, 0.15474
179,0.570173,0.235801,0.194026, 20.885,2.61383,10.4425, 0.154609
180,0.569957,0.235712,0.194331, 20.838,2.74134,10.419, 0.154852
181,0.56718,0.234563,0.198258, 20.8671,2.65753,10.4336, 0.157981
182,0.568972,0.235304,0.195724, 20.9024,2.55896,10.4512, 0.155962
183,0.571247,0.236245,0.192508, 20.8726,2.64758,10.4363, 0.1534
184,0.569193,0.235396,0.195411, 20.8501,2.70681,10.4251, 0.155713
185,0.567903,0.234862,0.197235, 20.8881,2.60244,10.4441, 0.157166
186,0.57022,0.23582,0.19396, 20.8772,2.62931,10.4386, 0.154557
187,0.569604,0.235566,0.19483, 20.8563,2.69517,10.4281, 0.15525
188,0.568152,0.234965,0.196883, 20.8772,2.63375,10.4386, 0.156886
189,0.569504,0.235524,0.194972, 20.8476,2.71091,10.4238, 0.155363
190,0.567816,0.234826,0.197357, 20.912,2.53298,10.456, 0.157264
191,0.571879,0.236506,0.191615, 20.8561,2.69491,10.428, 0.152688
192,0.568157,0.234967,0.196875, 20.8692,2.65286,10.4346, 0.15688
193,0.569076,0.235347,0.195577, 20.8874,2.6109,10.4437, 0.155845
194,0.570025,0.235739,0.194236, 20.8865,2.60961,10.4433, 0.154777
195,0.570054,0.235752,0.194194, 20.8746,2.64083,10.4373, 0.154743
196,0.569344,0.235458,0.195197, 20.8573,2.69354,10.4286, 0.155543
197,0.568187,0.234979,0.196834, 20.9053,2.54849,10.4527, 0.156847
198,0.5715,0.23635,0.19215, 20.8989,2.56756,10.4495, 0.153115
199,0.571041,0.23616,0.1928, 20.8911,2.59056,10.4456, 0.153632
200,0.570497,0.235935,0.193569, 20.9243,2.49952,10.4621, 0.154245
201,0.571204,0.236227,0.192569, 20.8384,2.73831,10.4192, 0.15194
202,0.567242,0.234589,0.198169, 20.8673,2.65897,10.4336, 0.15791
203,0.56894,0.235291,0.195769, 20.7953,2.89969,10.3977, 0.155998
204,0.564102,0.23329,0.202607, 20.8614,2.67319,10.4307, 0.161447
205,0.568628,0.235162,0.19621, 20.8767,2.63112,10.4383, 0.15635
206,0.569563,0.235549,0.194888, 20.8818,2.62605,10.4409, 0.155296
207,0.569678,0.235596,0.194726, 20.8866,2.60409,10.4433, 0.155167
208,0.570182,0.235804,0.194014, 20.8755,2.6389,10.4377, 0.1546
209,0.569388,0.235476,0.195136, 20.8845,2.60662,10.4422, 0.155494
210,0.570123,0.23578,0.194097, 20.9074,2.548,10.4537, 0.154665
211,0.571512,0.236354,0.192134, 20.892,2.58778,10.446, 0.153101
212,0.570562,0.235962,0.193476, 20.8716,2.64502,10.4358, 0.154171
213,0.569251,0.235419,0.19533, 20.8832,2.61461,10.4416, 0.155648
214,0.569939,0.235704,0.194357, 20.8572,2.68417,10.4286, 0.154873
215,0.568389,0.235063,0.196548, 20.8687,2.65101,10.4343, 0.156619
216,0.569117,0.235364,0.195519, 20.8544,2.69687,10.4272, 0.155799
217,0.568115,0.23495,0.196935, 20.8476,2.71177,10.4238, 0.156927
218,0.567798,0.234819,0.197383, 20.8747,2.63594,10.4373, 0.157284
219,0.569454,0.235504,0.195042, 20.864,2.67144,10.432, 0.155419
220,0.568666,0.235178,0.196156, 20.8945,2.57655,10.4472, 0.156307
221,0.570827,0.236071,0.193102, 20.9094,2.54274,10.4547, 0.153873
222,0.57164,0.236407,0.191953, 20.8923,2.5891,10.4462, 0.152957
223,0.570531,0.235949,0.19352, 20.8349,2.75556,10.4174, 0.154206
224,0.566887,0.234442,0.198671, 20.9133,2.53052,10.4567, 0.15831
225,0.57194,0.236531,0.191529, 20.8563,2.69202,10.4281, 0.152619
226,0.56822,0.234993,0.196788, 20.8895,2.59178,10.4448, 0.15681
227,0.570468,0.235923,0.193609, 20.9214,2.51307,10.4607, 0.154277
228,0.57208,0.236589,0.191331, 20.9103,2.53741,10.4551, 0.152173
229,0.57177,0.236461,0.191768, 20.8775,2.62866,10.4388, 0.15281
230,0.569619,0.235572,0.19481, 20.9215,2.51533,10.4607, 0.155234
231,0.572234,0.236653,0.191113, 20.8306,2.76158,10.4153, 0.152214
232,0.566765,0.234391,0.198844, 20.8832,2.6115,10.4416, 0.158448
233,0.570011,0.235734,0.194255, 20.8469,2.71879,10.4235, 0.154792
234,0.56765,0.234757,0.197593, 20.9187,2.5137,10.4594, 0.157451
235,0.572086,0.236592,0.191322, 20.8762,2.62873,10.4381, 0.152175
236,0.569617,0.235571,0.194812, 20.879,2.6221,10.4395, 0.155235
237,0.569768,0.235633,0.194599, 20.8738,2.63682,10.4369, 0.155066
238,0.569435,0.235495,0.19507, 20.9001,2.56276,10.45, 0.155441
239,0.571156,0.236207,0.192637, 20.8828,2.61231,10.4414, 0.153503
240,0.569992,0.235726,0.194282, 20.8985,2.56851,10.4492, 0.154813
241,0.571018,0.23615,0.192832, 20.8488,2.72015,10.4244, 0.153658
242,0.567621,0.234746,0.197633, 20.8981,2.57262,10.449, 0.157484
243,0.57092,0.23611,0.19297, 20.8674,2.65094,10.4337, 0.153768
244,0.569118,0.235365,0.195517, 20.9212,2.51025,10.4606, 0.155797
245,0.571887,0.23651,0.191603, 20.8712,2.65016,10.4356, 0.152122
246,0.569136,0.235372,0.195492, 20.89,2.59182,10.445, 0.155778
247,0.570467,0.235922,0.19361, 20.8826,2.62685,10.4413, 0.154278
248,0.56966,0.235589,0.194752, 20.8742,2.64242,10.4371, 0.155187
249,0.569309,0.235443,0.195248, 20.8507,2.7029,10.4253, 0.155583
250,0.567987,0.234897,0.197117, 20.9038,2.56268,10.4519, 0.157072
251,0.571158,0.236208,0.192635, 20.8973,2.5791,10.4486, 0.1535
252,0.570766,0.236046,0.193187, 20.9364,2.47212,10.4682, 0.153941
253,0.56952,0.235531,0.19495, 20.8847,2.60519,10.4423, 0.151492
254,0.570156,0.235794,0.19405, 20.9011,2.56408,10.4505, 0.154628
255,0.571124,0.236194,0.192682, 20.8986,2.59032,10.4493, 0.153538
256,0.570502,0.235937,0.193561, 20.9065,2.54506,10.4533, 0.154238
257,0.571583,0.236384,0.192033, 20.8789,2.62874,10.4395, 0.153021
258,0.569617,0.235571,0.194812, 20.8517,2.70376,10.4258, 0.155236
259,0.567968,0.234889,0.197143, 20.8972,2.57814,10.4486, 0.157093
260,0.570789,0.236056,0.193155, 20.8392,2.73563,10.4196, 0.153915
261,0.567298,0.234612,0.19809, 20.8597,2.67536,10.4299, 0.157848
262,0.56858,0.235142,0.196277, 20.9129,2.53365,10.4564, 0.156403
263,0.571862,0.236499,0.191638, 20.8703,2.64797,10.4351, 0.152706
264,0.569185,0.235392,0.195423, 20.9236,2.50311,10.4618, 0.155723
265,0.571436,0.236323,0.19224, 20.8962,2.57903,10.4481, 0.152002
266,0.570768,0.236047,0.193185, 20.8392,2.7379,10.4196, 0.153939
267,0.567251,0.234592,0.198157, 20.8706,2.64976,10.4353, 0.157901
268,0.569145,0.235376,0.19548, 20.8881,2.59809,10.444, 0.155768
269,0.570321,0.235862,0.193817, 20.8969,2.57547,10.4485, 0.154443
270,0.570852,0.236082,0.193066, 20.919,2.51478,10.4595, 0.153844
271,0.572164,0.236624,0.191212, 20.8758,2.64004,10.4379, 0.152196
272,0.569362,0.235465,0.195172, 20.8553,2.69697,10.4277, 0.155523
273,0.568113,0.234949,0.196938, 20.8707,2.64954,10.4354, 0.156929
274,0.569149,0.235377,0.195473, 20.8671,2.65346,10.4335, 0.155762
275,0.569062,0.235341,0.195596, 20.8717,2.63924,10.4358, 0.15586
276,0.56938,0.235473,0.195147, 20.881,2.61646,10.4405, 0.155502
277,0.569897,0.235687,0.194417, 20.9204,2.50876,10.4602, 0.15492
278,0.571777,0.236464,0.191759, 20.8773,2.63224,10.4387, 0.152093
279,0.569538,0.235538,0.194924, 20.9166,2.51888,10.4583, 0.155325
280,0.572228,0.236651,0.191121, 20.8991,2.57138,10.4496, 0.152294
281,0.57095,0.236122,0.192929, 20.907,2.54799,10.4535, 0.153735
282,0.571512,0.236355,0.192133, 20.8772,2.63611,10.4386, 0.153101
283,0.569451,0.235502,0.195047, 20.8326,2.75647,10.4163, 0.155423
284,0.566869,0.234434,0.198697, 20.8596,2.68483,10.4298, 0.158331
285,0.568375,0.235057,0.196568, 20.8757,2.63512,10.4379, 0.156635
286,0.569473,0.235511,0.195016, 20.8766,2.62789,10.4383, 0.155398
287,0.569636,0.235579,0.194785, 20.8923,2.58769,10.4462, 0.155214
288,0.570564,0.235962,0.193474, 20.9136,2.52853,10.4568, 0.154169
289,0.571989,0.236552,0.191459, 20.8678,2.65426,10.4339, 0.152564
290,0.569045,0.235334,0.195621, 20.8558,2.68882,10.4279, 0.15588
291,0.568289,0.235021,0.19669, 20.8511,2.70615,10.4255, 0.156732
292,0.567917,0.234868,0.197215, 20.8682,2.65739,10.4341, 0.15715
293,0.568975,0.235305,0.195719, 20.8636,2.66159,10.4318, 0.155958
294,0.568883,0.235267,0.19585, 20.9006,2.56075,10.4503, 0.156063
295,0.571204,0.236227,0.192569, 20.8755,2.63102,10.4377, 0.153448
296,0.569565,0.23555,0.194885, 20.9359,2.47245,10.4679, 0.155294
297,0.569535,0.235537,0.194928, 20.8939,2.58139,10.447, 0.151496
298,0.570712,0.236024,0.193264, 20.8568,2.68798,10.4284, 0.154002
299,0.568307,0.235029,0.196664, 20.8842,2.6156,10.4421, 0.156712
