Iteration, w1,w2,w3, f1,f2,f3, MaxRegret
-3,1,0, 0, 21.2107,2.839, 10.6053
-2,0,1, 0, 51.7777,0.360858, 25.8889
-1,0,0, 1, 29.3441,6.29225, 2.30985
0,0,0.599834,0.400166, 44.0409,0.555462,2.41527, 0.364463
1,0.451474,0.548526,0, 21.1851,2.16082,10.5926, 0.216032
2,0.438459,0.336831,0.22471, 27.1137,2.51524,3.3584, 0.193328
3,0.326216,0.673784,0, 21.6516,1.72527,10.8258, 0.192582
4,0.387643,0.367313,0.245045, 21.1197,2.62152,10.5598, 0.170922
5,0.421728,0.346867,0.231405, 22.7788,1.15188,11.3894, 0.185952
6,0.38121,0.371171,0.247619, 21.1851,2.1178,10.5925, 0.168086
7,0.384138,0.369415,0.246447, 26.5777,2.97712,3.5191, 0.169377
8,0.423652,0.345713,0.230635, 21.351,1.90651,10.6755, 0.1868
9,0.369191,0.378381,0.252429, 21.384,1.94565,10.692, 0.162786
