Iteration, w1,w2,w3, f1,f2,f3, MaxRegret
-3,1,0, 0, 20.9825,3.17793, 10.4912
-2,0,1, 0, 49.8371,0.359599, 24.9185
-1,0,0, 1, 25.694,28.6674, 2.24216
0,0,0.271304,0.728696, 37.5269,0.67613,2.33683, 0.267901
1,0.455484,0.112439,0.432077, 25.3204,4.7698,2.78492, 0.151701
2,0.441229,0.151597,0.407174, 25.8055,3.15835,2.50405, 0.146475
3,0.112891,0.854846,0.032263, 23.9204,0.86556,11.9602, 0.0898261
4,0.707211,0.079435,0.213354, 20.8325,3.71505,10.4163, 0.076751
5,0.441229,0.151597,0.407174, 25.2925,3.41375,2.88941, 0.146475
6,0.707258,0.0794222,0.21332, 21.103,2.51733,10.5515, 0.0767385
7,0.438774,0.152263,0.408963, 24.8272,4.10841,2.85824, 0.14566
8,0.717886,0.0765387,0.205575, 20.653,3.8618,10.3265, 0.0739525
9,0.43792,0.152495,0.409585, 27.8798,3.00321,2.57402, 0.145376
10,0.627538,0.101051,0.271412, 20.6483,4.45355,10.3242, 0.0976363
11,0.441229,0.151597,0.407174, 25.3152,3.22944,2.96741, 0.146475
12,0.716326,0.076962,0.206712, 20.3577,9.73918,10.1789, 0.0743615
13,0.441229,0.151597,0.407174, 25.7556,3.37689,2.97189, 0.146475
14,0.694775,0.082809,0.222416, 20.5627,4.58326,10.2813, 0.0800109
15,0.441229,0.151597,0.407174, 24.707,6.53018,2.79823, 0.146475
16,0.721118,0.0756619,0.20322, 20.5266,5.11153,10.2633, 0.0731053
17,0.441229,0.151597,0.407174, 25.5696,3.59517,2.98184, 0.146475
18,0.700864,0.0811569,0.217979, 20.8259,5.76857,10.4129, 0.0784147
19,0.441229,0.151597,0.407174, 25.0129,3.70462,2.9853, 0.146475
20,0.780365,0,0.219635, 20.5272,35.9967,10.2636, 0.0727085
21,0.726218,0.0742783,0.199504, 20.7128,3.49489,10.3564, 0.0717685
22,0.436361,0.152918,0.410722, 25.3378,4.0033,2.52304, 0.144858
23,0.720433,0.0758479,0.203719, 20.5423,5.48637,10.2712, 0.073285
24,0.441229,0.151597,0.407174, 25.7463,4.08459,2.74887, 0.146475
25,0.695016,0.0827436,0.222241, 21.5418,3.64671,10.7709, 0.0799477
26,0.441229,0.151597,0.407174, 26.5217,3.17394,3.33146, 0.146475
27,0.653272,0.094069,0.252659, 20.7077,3.80363,10.3538, 0.0908904
28,0.438952,0.152215,0.408833, 24.6988,4.64704,3.00202, 0.145719
29,0.756394,0,0.243606, 21.2461,3.00782,10.6231, 0.0715085
30,0.77786,0,0.22214, 20.5005,7.69016,10.2503, 0.0735378
31,0.755136,0,0.244864, 23.5276,68.9516,3.23843, 0.0713896
32,0.733372,0.0723373,0.19429, 20.6796,4.42983,10.3398, 0.0698931
33,0.441229,0.151597,0.407174, 25.1332,3.66613,3.03308, 0.146475
34,0.719353,0.0761407,0.204506, 20.7804,3.68291,10.3902, 0.0735679
35,0.439946,0.151945,0.408109, 25.5982,3.15101,2.79494, 0.146049
36,0.708696,0.0790321,0.212272, 20.8194,5.29673,10.4097, 0.0763616
37,0.441229,0.151597,0.407174, 25.2475,3.44713,2.76574, 0.146475
38,0.722999,0.0751516,0.201849, 20.7802,3.39073,10.3901, 0.0726123
39,0.437347,0.15265,0.410003, 24.8532,4.01661,2.77121, 0.145186
40,0.735399,0.0717874,0.192814, 20.827,3.25752,10.4135, 0.0693618
41,0.437494,0.152611,0.409896, 25.9489,3.00504,2.65052, 0.145235
42,0.698546,0.0817859,0.219668, 20.5551,4.57584,10.2775, 0.0790224
43,0.441229,0.151597,0.407174, 24.8143,4.84692,2.77761, 0.146475
44,0.731785,0.072768,0.195447, 20.695,4.6333,10.3475, 0.0703092
45,0.441229,0.151597,0.407174, 25.0374,4.22555,2.80397, 0.146475
46,0.725357,0.074512,0.200131, 20.5038,9.81803,10.2519, 0.0719943
47,0.441229,0.151597,0.407174, 25.1435,3.95712,2.63635, 0.146475
48,0.726989,0.074069,0.198942, 21.2563,3.15515,10.6282, 0.0715663
49,0.441229,0.151597,0.407174, 25.0596,3.9086,2.71242, 0.146475
50,0.729443,0.0734033,0.197154, 20.6676,4.81104,10.3338, 0.0709231
51,0.441229,0.151597,0.407174, 25.5477,5.85035,3.03492, 0.146475
52,0.677859,0.0873984,0.234743, 21.0619,2.70561,10.5309, 0.0844453
53,0.439283,0.152125,0.408592, 24.9977,5.17533,2.52035, 0.145829
54,0.726667,0.0741565,0.199177, 20.7534,5.43128,10.3767, 0.0716509
55,0.441229,0.151597,0.407174, 25.8121,5.23457,3.144, 0.146475
56,0.668464,0.0899472,0.241589, 20.671,5.27475,10.3355, 0.086908
57,0.441229,0.151597,0.407174, 25.2542,4.11547,2.80358, 0.146475
58,0.715853,0.0770905,0.207057, 20.6943,4.13223,10.3471, 0.0744857
59,0.441229,0.151597,0.407174, 25.2202,3.44438,2.85629, 0.146475
60,0.721917,0.075445,0.202637, 21.3712,7.16225,10.6856, 0.0728958
61,0.441229,0.151597,0.407174, 24.2503,7.63028,2.84706, 0.146475
62,0.232572,0.208207,0.559221, 26.6019,2.74673,2.49069, 0.077207
63,0.678573,0.0872045,0.234222, 24.5205,6.23299,2.98445, 0.0842579
64,0.215118,0.212942,0.57194, 26.6393,2.24987,2.39494, 0.0714126
65,0.68387,0.0857674,0.230362, 20.4993,5.34463,10.2496, 0.0828694
66,0.441229,0.151597,0.407174, 25.7503,3.54518,2.58497, 0.146475
67,0.704178,0.0802579,0.215564, 20.6585,4.06622,10.3293, 0.077546
68,0.439876,0.151964,0.40816, 25.2345,4.0169,2.56565, 0.146026
69,0.72402,0.0748747,0.201106, 20.542,6.36222,10.271, 0.0723447
70,0.441229,0.151597,0.407174, 25.0367,4.18351,2.61895, 0.146475
71,0.730669,0.0730707,0.19626, 20.9595,2.63931,10.4797, 0.0706017
72,0.43573,0.153089,0.411181, 25.4533,3.17725,2.60107, 0.144649
73,0.720053,0.0759509,0.203996, 21.0936,4.35444,10.5468, 0.0733846
