Iteration, w1,w2,w3, f1,f2,f3, MaxRegret
-3,1,0, 0, 20.8486,5.08069, 10.4243
-2,0,1, 0, 49.4974,0.358714, 24.7487
-1,0,0, 1, 27.625,5.00479, 2.25275
0,0,0.498496,0.501504, 42.4039,0.605961,2.43176, 0.455854
1,0.66914,0.33086,0, 23.6275,1.76365,11.8138, 0.307501
2,0.579845,0.209446,0.210709, 20.9847,2.48058,10.4923, 0.252513
3,0.346013,0.653987,0, 22.3318,1.29621,11.1659, 0.200271
4,0.445214,0.276559,0.278227, 25.1666,3.73796,3.22802, 0.193883
5,0.481531,0.258455,0.260014, 26.3657,2.56429,2.85615, 0.209699
6,0.444633,0.276849,0.278519, 21.2787,2.51729,10.6393, 0.19363
7,0.453278,0.272539,0.274183, 25.8851,3.64059,2.91588, 0.197395
8,0.479592,0.259421,0.260986, 21.3076,2.9615,10.6538, 0.208855
9,0.482714,0.257865,0.259421, 26.0882,2.52409,2.82202, 0.210214
10,0.38254,0.307801,0.309658, 21.3487,1.95659,10.6744, 0.16659
11,0.413208,0.292514,0.294278, 26.8149,2.00981,2.77261, 0.179946
12,0.373016,0.312549,0.314435, 27.7339,1.73202,2.47695, 0.162442
13,0.251615,0.748385,0, 23.8542,1.40899,11.9271, 0.145633
14,0.285212,0.714788,0, 23.1544,1.07672,11.5772, 0.165079
15,0.314727,0.341606,0.343667, 21.1219,2.91883,10.561, 0.137059
16,0.47669,0.260868,0.262442, 20.9066,2.96367,10.4533, 0.207591
17,0.475587,0.261418,0.262995, 21.5995,1.76057,10.7997, 0.207111
18,0.402256,0.297973,0.299771, 21.0486,2.43365,10.5243, 0.175176
19,0.443123,0.277601,0.279276, 21.0153,2.56591,10.5076, 0.192973
20,0.451676,0.273338,0.274987, 25.9331,4.11872,3.47856, 0.196697
21,0.523696,0.237436,0.238868, 22.0076,1.64835,11.0038, 0.228061
22,0.401103,0.298548,0.300349, 22.038,2.89755,11.019, 0.174674
23,0.492224,0.253125,0.254652, 25.988,3.20786,2.56981, 0.214356
24,0.437628,0.280341,0.282032, 26.4852,2.38291,2.7838, 0.19058
25,0.360735,0.318671,0.320594, 26.1424,2.43103,2.75248, 0.157094
26,0.360957,0.318561,0.320482, 26.5515,2.2985,2.80636, 0.157191
27,0.351585,0.323233,0.325183, 27.9076,2.116,3.08287, 0.15311
28,0.355229,0.321416,0.323355, 26.6001,2.73567,2.8211, 0.154697
29,0.404467,0.296871,0.298662, 25.2882,3.49928,2.88814, 0.176139
