Iteration, w1,w2,w3, f1,f2,f3, MaxRegret
0,0.587425,0.329149,0.0834257, 22.5919,2.9019,0.270936, 0.328426
1,0.956445,0.043555,0, 21.4707,10.313,10.7354, 0.0326794
2,0.070647,0.929353,0, 28.418,0.802792,0.292266, 0.0392308
3,0.826607,0.173393,0, 21.9502,4.88432,0.279733, 0.130097
4,0.213478,0.786522,0, 24.8647,1.31479,0.266455, 0.0322032
5,0.95874,0.0329166,0.00834299, 21.4336,11.3668,0.292694, 0.0303268
6,0.344552,0.655448,0, 23.7812,1.7334,0.267022, 0.0265219
7,0.905069,0.0757354,0.0191958, 21.6862,6.94924,0.254436, 0.0259433
9,0.424053,0.575947,0, 23.3823,1.99001,0.31478, 0.023076
10,0.463312,0.536688,0, 23.2011,2.13945,11.6005, 0.0213744
12,0.973251,0.0267487,0, 21.3996,12.4527,10.6998, 0.0200696
13,0.0844464,0.915554,0, 27.6264,0.869085,0.290435, 0.0468937
14,0.842141,0.157859,0, 21.9767,4.75085,0.273827, 0.118442
15,0.269456,0.730544,0, 24.3368,1.48271,12.1684, 0.0364748
16,0.425462,0.574538,0, 23.4063,1.97417,11.7031, 0.0283896
17,0.269456,0.730544,0, 24.3286,1.48553,0.321371, 0.028352
19,0.508683,0.491317,0, 23.0284,2.30781,11.5142, 0.0240767
20,0.552561,0.447439,0, 22.9699,2.36736,0.244361, 0.0218027
21,0.560126,0.439874,0, 22.8928,2.45967,11.4464, 0.0214106
22,0.570249,0.429751,0, 22.7468,2.65762,0.334555, 0.0208859
23,0.972545,0.0274551,0, 21.395,12.5597,0.300623, 0.0205996
27,0.972545,0.0274551,0, 21.3948,12.6743,0.3015, 0.0201947
30,0.973251,0.0267487,0, 21.3502,14.4642,0.300977, 0.0197094
32,0.344552,0.655448,0, 23.7292,1.76392,11.8646, 0.0184543
33,0.0336973,0.966303,0, 32.0832,0.618926,16.0416, 0.0183809
34,0.180072,0.819928,0, 25.3259,1.19939,12.6629, 0.0411072
37,0.0327519,0.967248,0, 32.1804,0.615459,16.0902, 0.0178668
39,0.0770324,0.922968,0, 28.0879,0.828735,14.0439, 0.0169244
40,0.567223,0.432777,0, 22.8105,2.56947,0.270274, 0.0168704
41,0.534018,0.465982,0, 22.9571,2.38844,11.4785, 0.0183097
43,0.878271,0.104056,0.0176732, 21.7546,6.20807,0.254486, 0.0168281
44,0.0743802,0.92562,0, 28.1074,0.826882,0.290778, 0.0165044
45,0.111207,0.888793,0, 26.5987,0.982157,0.277382, 0.0161528
46,0.115837,0.884163,0, 26.6083,0.981176,13.3042, 0.0160482
48,0.112615,0.887385,0, 26.6984,0.969764,0.324127, 0.0156824
50,0.142468,0.857532,0, 26.0441,1.06275,13.0221, 0.0154469
52,0.137021,0.862979,0, 26.1673,1.0434,13.0836, 0.0151578
53,0.156178,0.843822,0, 25.6556,1.13208,12.8278, 0.0151374
55,0.149237,0.850763,0, 25.8732,1.09148,0.340553, 0.0148952
56,0.167208,0.832792,0, 25.5021,1.16313,0.328607, 0.0148883
58,0.156976,0.843024,0, 25.7523,1.11325,12.8761, 0.0147288
59,0.16039,0.83961,0, 25.6965,1.12323,0.286101, 0.0146554
61,0.98159,0.0146873,0.00372261, 21.2962,17.0921,0.340226, 0.0136113
62,0.979041,0.0167208,0.00423803, 21.3206,15.7558,0.26932, 0.0113128
64,0.726885,0.273115,0, 22.3164,3.49727,11.1582, 0.010724
65,0.661031,0.338969,0, 22.5189,3.04546,0.272409, 0.0135988
66,0.626651,0.373349,0, 22.568,2.94472,11.284, 0.0150996
67,0.619081,0.380919,0, 22.6246,2.84326,11.3123, 0.0154301
68,0.610395,0.389605,0, 22.7209,2.69397,11.3605, 0.0158093
70,0.731581,0.268419,0, 22.2972,3.55675,0.297255, 0.0103882
74,0.759951,0.240049,0, 22.1663,3.95182,0.232161, 0.0100983
75,0.718628,0.281372,0, 22.2804,3.5985,11.1402, 0.0120547
76,0.698422,0.301578,0, 22.4017,3.28345,11.2008, 0.0130113
77,0.678282,0.321718,0, 22.5095,3.05511,11.2547, 0.0139648
79,0.0192602,0.978004,0.00273532, 35.5098,0.530815,0.379358, 0.0100014
81,0.0347621,0.960301,0.00493689, 31.8334,0.62719,0.347335, 0.0097285
82,0.0459967,0.947471,0.00653242, 30.3485,0.688101,0.343806, 0.00953074
83,0.052856,0.939637,0.00750657, 29.699,0.721434,0.356698, 0.00941
85,0.0564721,0.935508,0.00802013, 29.3315,0.741862,0.34474, 0.00934634
86,0.0588631,0.932777,0.0083597, 29.0039,0.761783,0.319296, 0.00930425
87,0.0612533,0.930048,0.00869915, 28.8504,0.771952,0.359749, 0.00926218
90,0.988057,0.00952838,0.00241505, 21.2454,21.5055,0.272311, 0.00883035
92,0.0168556,0.980751,0.00239382, 36.3626,0.515251,0.390067, 0.00875272
93,0.0328911,0.962438,0.00467117, 31.9522,0.623832,0.352904, 0.00976144
94,0.0454937,0.948045,0.00646098, 30.207,0.694806,0.321779, 0.0095396
95,0.053712,0.93866,0.00762814, 29.5069,0.731701,0.317954, 0.00939493
97,0.0291774,0.970823,0, 32.8852,0.593928,16.4426, 0.00848459
98,0.0374244,0.962576,0, 31.3,0.647299,0.343828, 0.00835454
99,0.0161989,0.983801,0, 36.7785,0.507941,0.389133, 0.00828263
100,0.0294805,0.970519,0, 32.7793,0.597009,0.386959, 0.00883327
101,0.0391309,0.960869,0, 31.1417,0.653371,0.36523, 0.00867563
102,0.045198,0.954802,0, 30.4133,0.684886,15.2067, 0.00857653
103,0.0485432,0.951457,0, 29.9084,0.709762,14.9542, 0.00852189
104,0.0511689,0.948831,0, 29.7935,0.715872,0.316515, 0.008479
105,0.0518055,0.948194,0, 29.7392,0.718845,14.8696, 0.0084686
107,0.0429638,0.957036,0, 30.6702,0.673272,0.323749, 0.00826719
108,0.0456512,0.954349,0, 30.322,0.689453,15.161, 0.00822481
110,0.0271131,0.972887,0, 33.2898,0.582312,0.33876, 0.00807304
112,0.0156775,0.984322,0, 37.1037,0.502802,0.395219, 0.007998
113,0.0278697,0.97213,0, 33.1141,0.587106,16.557, 0.00850521
114,0.0367454,0.963255,0, 31.4476,0.641734,15.7238, 0.00836525
116,0.0345642,0.965436,0, 31.5647,0.636945,15.7824, 0.00796019
117,0.0155187,0.984481,0, 36.9179,0.505493,0.395074, 0.00789245
119,0.0400073,0.959993,0, 30.964,0.66042,15.482, 0.00787775
120,0.0423289,0.957671,0, 30.6157,0.675869,15.3078, 0.00784258
121,0.043791,0.956209,0, 30.4572,0.683216,0.318101, 0.00782044
123,0.0257481,0.974252,0, 33.4819,0.576961,0.358771, 0.00779001
124,0.0257845,0.974215,0, 33.6047,0.573999,0.355675, 0.00771833
125,0.0329997,0.967,0, 31.9687,0.622744,15.9844, 0.00767886
126,0.0150825,0.984917,0, 37.4332,0.497494,0.389175, 0.00764757
127,0.0249931,0.975007,0, 33.7313,0.570621,16.8656, 0.00772993
130,0.0373962,0.962604,0, 31.4683,0.640754,0.344541, 0.00761148
131,0.0391209,0.960879,0, 31.04,0.657535,0.36399, 0.00758505
132,0.988071,0.0119292,0, 21.2844,17.8887,0.301651, 0.00758433
135,0.988196,0.0118043,0, 21.2677,19.1389,10.6339, 0.00734143
136,0.9882,0.0117997,0, 21.267,19.2132,0.257088, 0.00733859
137,0.989406,0.0105942,0, 21.2415,21.1817,0.246169, 0.00673554
138,0.987806,0.00972824,0.00246571, 21.2762,18.325,0.363044, 0.00645934
139,0.0127338,0.987266,0, 38.6237,0.480726,0.402427, 0.00637248
140,0.0208794,0.979121,0, 34.8933,0.543497,0.372931, 0.00681751
142,0.0126179,0.987382,0, 38.9251,0.476683,0.400362, 0.00636937
143,0.0223291,0.977671,0, 34.5929,0.54998,17.2965, 0.00750171
144,0.0292563,0.970744,0, 32.7255,0.598326,16.3627, 0.00739486
146,0.0192562,0.980744,0, 35.5874,0.529691,17.7937, 0.00621614
147,0.991595,0.00670545,0.00169955, 21.1776,29.2217,0.258686, 0.00621423
148,0.745927,0.202698,0.0513755, 22.116,4.13336,0.312715, 0.0129455
151,0.0187734,0.981227,0, 35.7508,0.526224,0.383447, 0.00616095
152,0.0231735,0.976827,0, 34.2474,0.557707,0.366207, 0.00615598
153,0.0254721,0.974528,0, 33.5734,0.574722,16.7867, 0.00612069
154,0.0227281,0.977272,0, 34.3487,0.555687,17.1744, 0.00610104
155,0.0267977,0.973202,0, 33.3162,0.581544,16.6581, 0.00610033
156,0.0273435,0.972657,0, 33.0091,0.590511,0.348306, 0.00609195
159,0.990978,0.00719778,0.00182434, 21.1922,27.0197,0.228253, 0.00573511
162,0.991202,0.00879835,0, 21.2221,23.5239,0.237126, 0.00559379
163,0.552561,0.447439,0, 22.9125,2.43464,0.299506, 0.0055275
165,0.0108286,0.989171,0, 39.7903,0.466784,0.421468, 0.00537128
166,0.0180741,0.981926,0, 36.2297,0.517336,0.386818, 0.00623429
167,0.0222229,0.977777,0, 34.6305,0.549165,0.402163, 0.00617058
168,0.0247692,0.975231,0, 33.8965,0.566486,0.369503, 0.00613148
169,0.0261428,0.973857,0, 33.4292,0.578544,16.7146, 0.00611039
171,0.991595,0.00670545,0.00169955, 21.2254,23.2386,0.271226, 0.00534283
174,0.99165,0.0083504,0, 21.2179,23.5044,10.609, 0.00519335
175,0.0154449,0.984555,0, 37.3059,0.499706,0.396682, 0.00519084
176,0.991669,0.00833095,0, 21.2185,24.064,0.308689, 0.00518125
177,0.0177649,0.982235,0, 36.0056,0.521313,18.0028, 0.00515425
178,0.137021,0.862979,0, 25.9946,1.07217,0.269147, 0.00513718
179,0.0192804,0.98072,0, 35.3426,0.534102,17.6713, 0.00513035
180,0.020153,0.979847,0, 34.98,0.541333,17.49, 0.00511658
182,0.422558,0.577442,0, 23.5002,1.90777,11.7501, 0.00503739
186,0.0947978,0.905202,0, 27.3439,0.897177,0.341619, 0.00500925
