Iteration, w1,w2,w3, f1,f2,f3, MaxRegret
-3,1,0, 0, 20.1717,86.1769, 10.0858
-2,0,1, 0, 53.6036,0.330123, 26.8018
-1,0,0, 1, 25.0371,265.625, 2.16954
0,0,0.304206,0.695794, 31.7312,1.57383,15.8656, 0.355969
1,0,0.339524,0.660476, 26.257,6.57347,13.1285, 0.388659
2,0,0.29541,0.70459, 22.827,254.87,11.4135, 0.347827
3,0,0.47922,0.52078, 26.6858,1.51201,13.3429, 0.517963
4,0,0.295415,0.704585, 27.634,425.044,13.817, 0.347832
5,0,0.47922,0.52078, 25.8373,533.284,12.617, 0.517963
6,0,0.47922,0.52078, 25.4835,5.62352,12.7418, 0.517963
7,0,0.287237,0.712763, 26.8618,6.03169,13.4309, 0.340263
8,0,0.300667,0.699333, 27.4229,51.9168,5.62537, 0.352694
9,0,0.295415,0.704585, 25.9108,2.61112,12.9554, 0.307623
10,0,0.295415,0.704585, 25.3741,7.34966,12.687, 0.307623
11,0,0.288978,0.711022, 25.3167,8.41659,12.6583, 0.302542
12,0,0.287237,0.712763, 24.9995,654.026,12.4997, 0.302495
13,0,0.287237,0.712763, 25.6333,108.999,12.8166, 0.302495
14,0,0.287237,0.712763, 24.8201,64.887,12.41, 0.302495
15,0,0.287237,0.712763, 28.7817,1.61198,14.3909, 0.302495
16,0,0.287237,0.712763, 25.5516,8.64163,12.7758, 0.302495
17,0,0.287237,0.712763, 23.6624,4.7623,11.8312, 0.302495
18,0,0.287237,0.712763, 27.8839,1.38857,13.942, 0.302495
19,0,0.287237,0.712763, 27.9729,103.131,10.0825, 0.302495
