Iteration, w1,w2,w3, f1,f2,f3, MaxRegret, is_duplicate, wd,wr,wt
-3,1,0, 0, 20.0154,0.959798,10.0077, 0
-2,0,1, 0, 20.3631,0.959532,10.1816, 0
-1,0,0, 1, 24.5904,2.81677,2.21509, 0
0,0,0.53724,0.46276, 23.0793,1.3451,2.50313, 0.354229,0,1,0,0,0,1,0,0,0,1
1,0,0.846378,0.153622, 22.9797,1.11233,2.92948, 0.1202,0,0,0.53724,0.46276,0,1,0,0,0,1
1,0.855398,0,0.144602, 20.1228,0.991811,10.0614, 0.110673,0,1,0,0,0,0.53724,0.46276,0,0,1
1,0,0.843467,0.156533, 22.7405,1.10109,3.14097, 0.0905806,0,1,0,0,0,1,0,0,0.53724,0.46276
2,0.80445,0,0.19555, 21.1518,1.13809,4.77264, 0.149666,0,1,0,0,0.855398,0,0.144602,0,0,1
2,0.682305,0.170678,0.147016, 21.3219,1.06092,5.11719, 0.0850147,0,1,0,0,0,0.53724,0.46276,0.855398,0,0.144602
2,0.720133,0.150356,0.129511, 20.3394,0.990274,10.1697, 0.0748921,0,1,0,0,0,0.843467,0.156533,0,0.53724,0.46276
2,0,0.103907,0.896093, 24.005,1.79928,2.2775, 0.0685111,0,0,0.846378,0.153622,0,1,0,0,0,1
2,0,0.336313,0.663687, 23.6036,1.49331,2.38093, 0.0422847,0,0,0.53724,0.46276,0,0.846378,0.153622,0,0,1
2,0,0.929231,0.0707695, 22.8182,1.09663,3.10345, 0.0421246,0,0,0.53724,0.46276,0,1,0,0,0.846378,0.153622
2,0,0.932248,0.0677519, 22.511,1.04826,3.67564, 0.0403285,0,0,0.843467,0.156533,0,1,0,0,0.53724,0.46276
2,0.363403,0.536948,0.0996486, 21.3578,1.02253,4.95289, 0.0402715,0,1,0,0,0,1,0,0,0.843467,0.156533
3,0,0.722529,0.277471, 22.8412,1.16827,3.10769, 0.217105,0,0,0.103907,0.896093,0,1,0,0,0,1
3,0.642388,0,0.357612, 22.0015,1.31368,2.95666, 0.119515,0,1,0,0,0.80445,0,0.19555,0,0,1
3,0.682305,0.170678,0.147016, 21.2908,1.11109,4.42858, 0.0850147,1,1,0,0,0.720133,0.150356,0.129511,0,0.53724,0.46276
3,0.474787,0.282166,0.243047, 21.7672,1.05154,3.84962, 0.0591581,0,1,0,0,0,0.53724,0.46276,0.682305,0.170678,0.147016
3,0,0.207965,0.792035, 24.2345,1.69045,2.31176, 0.0529248,0,0,0.846378,0.153622,0,0.103907,0.896093,0,0,1
3,0,0.929231,0.0707695, 22.6282,1.06669,3.27446, 0.0524927,1,0,0.846378,0.153622,0,1,0,0,0.103907,0.896093
3,0.642388,0,0.357612, 21.5071,1.06421,3.93358, 0.0506045,1,0.80445,0,0.19555,0.855398,0,0.144602,0,0,1
3,0,0.28487,0.71513, 23.9671,1.64747,2.31387, 0.0465493,0,0,0.336313,0.663687,0,0.846378,0.153622,0,0,1
4,0,0.130281,0.869719, 23.978,1.9697,2.25688, 0.0859005,0,0,0.722529,0.277471,0,1,0,0,0,1
4,0.895556,0,0.104444, 20.305,0.987747,10.1525, 0.0799378,0,1,0,0,0.642388,0,0.357612,0,0,1
4,0,0.90362,0.0963798, 22.3789,1.06429,3.74996, 0.071489,0,0,0.103907,0.896093,0,1,0,0,0.722529,0.277471
4,0.786472,0.114716,0.0988122, 20.0993,0.988608,10.0497, 0.0571398,0,1,0,0,0,0.53724,0.46276,0.474787,0.282166,0.243047
4,0,0.273511,0.726489, 23.6894,1.45647,2.40118, 0.0564264,0,0,0.929231,0.0707695,0,1,0,0,0.103907,0.896093
4,0,0.266848,0.733152, 23.3582,1.36216,2.43415, 0.0552897,0,0,0.103907,0.896093,0,0.722529,0.277471,0,0,1
4,0,0.228161,0.771839, 24.1089,1.80689,2.29642, 0.0512505,0,0,0.846378,0.153622,0,0.207965,0.792035,0,0,1
4,0.812475,0.100746,0.0867789, 20.2442,0.985164,10.1221, 0.0501814,0,1,0,0,0.682305,0.170678,0.147016,0,0.53724,0.46276
5,0,0.684576,0.315424, 22.6028,1.13747,2.84346, 0.246801,0,0,0.130281,0.869719,0,1,0,0,0,1
5,0.80445,0,0.19555, 21.3999,1.02747,5.02841, 0.149666,1,1,0,0,0.895556,0,0.104444,0,0,1
5,0,0.812436,0.187564, 23.3029,1.13965,2.81982, 0.139124,0,0,0.273511,0.726489,0,1,0,0,0.103907,0.896093
5,0.682305,0.170678,0.147016, 21.0695,1.0403,5.19783, 0.0850147,1,1,0,0,0,0.53724,0.46276,0.786472,0.114716,0.0988122
5,0.682305,0.170678,0.147016, 20.9169,1.06173,5.42044, 0.0850147,1,1,0,0,0.812475,0.100746,0.0867789,0,0.53724,0.46276
5,0,0.356597,0.643403, 23.9524,1.51747,2.36397, 0.0840687,0,0,0.103907,0.896093,0,1,0,0,0.90362,0.0963798
5,0,0.90362,0.0963798, 22.7372,1.07051,3.30262, 0.0698385,1,0,0.722529,0.277471,0,1,0,0,0.130281,0.869719
5,0,0.227023,0.772977, 23.6782,1.71829,2.32568, 0.0601219,0,0,0.722529,0.277471,0,0.130281,0.869719,0,0,1
6,0,0.79493,0.20507, 23.4043,1.17428,2.72654, 0.15211,0,0,0.103907,0.896093,0,1,0,0,0.356597,0.643403
6,0.680478,0,0.319522, 21.9053,1.35946,3.28809, 0.126602,0,1,0,0,0.80445,0,0.19555,0,0,1
6,0,0.919414,0.0805862, 23.1224,1.10846,3.05617, 0.063054,0,0,0.684576,0.315424,0,1,0,0,0,1
6,0,0.918746,0.0812539, 22.5907,1.046,3.64653, 0.0602695,0,0,0.812436,0.187564,0,1,0,0,0.103907,0.896093
6,0.471796,0.283772,0.244432, 21.4968,1.14015,3.65299, 0.0587854,0,1,0,0,0.682305,0.170678,0.147016,0,0.53724,0.46276
6,0,0.919414,0.0805862, 23.0476,1.06464,3.4314, 0.0583941,1,0,0.130281,0.869719,0,1,0,0,0.684576,0.315424
6,0.895556,0,0.104444, 20.2595,0.989161,10.1297, 0.0571775,1,1,0,0,0.642388,0,0.357612,0.895556,0,0.104444
6,0,0.45832,0.54168, 23.4489,1.30047,2.52347, 0.0570633,0,0,0.103907,0.896093,0,0.356597,0.643403,0,0.90362,0.0963798
7,0.491131,0,0.508869, 22.3666,1.44456,2.72887, 0.091374,0,1,0,0,0.680478,0,0.319522,0,0,1
7,0,0.11988,0.88012, 24.3935,1.78343,2.29538, 0.0790431,0,0,0.919414,0.0805862,0,1,0,0,0,1
7,0,0.334573,0.665427, 23.4138,1.55113,2.39177, 0.0767416,0,0,0.918746,0.0812539,0,1,0,0,0.103907,0.896093
7,0,0.905698,0.094302, 23.1003,1.07735,3.46186, 0.0699478,0,0,0.103907,0.896093,0,1,0,0,0.79493,0.20507
7,0,0.905698,0.094302, 22.2112,1.05564,3.41914, 0.0620544,1,0,0.79493,0.20507,0,1,0,0,0.356597,0.643403
7,0.895556,0,0.104444, 20.2722,0.992078,10.1361, 0.0571775,1,1,0,0,0.642388,0,0.357612,0.895556,0,0.104444
7,0.680478,0,0.319522, 21.5893,1.18205,3.54839, 0.0567194,1,0.80445,0,0.19555,0.895556,0,0.104444,0,0,1
7,0,0.918746,0.0812539, 22.1857,1.06646,3.37173, 0.0566946,1,0,0.273511,0.726489,0,1,0,0,0.812436,0.187564
8,0,0.725882,0.274118, 23.4228,1.14376,2.88085, 0.214481,0,0,0.11988,0.88012,0,1,0,0,0,1
8,0,0.784612,0.215388, 23.0938,1.14322,2.85636, 0.159762,0,0,0.334573,0.665427,0,1,0,0,0.103907,0.896093
8,0.882031,0,0.117969, 20.1761,1.00537,10.088, 0.0902887,0,1,0,0,0.491131,0,0.508869,0,0,1
8,0,0.312177,0.687823, 23.4427,1.45757,2.3989, 0.0692903,0,0,0.103907,0.896093,0,1,0,0,0.905698,0.094302
8,0.895694,0,0.104306, 20.2507,0.999455,10.1253, 0.0649428,0,1,0,0,0.680478,0,0.319522,0.491131,0,0.508869
8,0,0.237706,0.762294, 23.9258,1.58478,2.31589, 0.0612503,0,0,0.919414,0.0805862,0,0.11988,0.88012,0,0,1
8,0,0.407308,0.592692, 23.6408,1.28172,2.5539, 0.0581848,0,0,0.918746,0.0812539,0,0.334573,0.665427,0,0.103907,0.896093
8,0.895556,0,0.104444, 20.1505,0.980908,10.0752, 0.0571775,1,1,0,0,0.642388,0,0.357612,0.895556,0,0.104444
9,0.80445,0,0.19555, 21.6282,1.08979,3.85269, 0.149666,1,1,0,0,0.882031,0,0.117969,0,0,1
9,0,0.812143,0.187857, 23.0148,1.11405,2.9471, 0.139342,0,0,0.103907,0.896093,0,1,0,0,0.312177,0.687823
9,0.882031,0,0.117969, 20.8481,1.01109,6.44438, 0.0734494,1,1,0,0,0.491131,0,0.508869,0.882031,0,0.117969
9,0.882031,0,0.117969, 20.1858,0.984986,10.0929, 0.0734494,1,1,0,0,0.895694,0,0.104306,0.491131,0,0.508869
9,0,0.916411,0.0835893, 22.594,1.07653,3.24676, 0.0654037,0,0,0.725882,0.274118,0,1,0,0,0,1
9,0,0.916892,0.0831084, 22.8939,1.05914,3.46311, 0.0616451,0,0,0.784612,0.215388,0,1,0,0,0.103907,0.896093
9,0,0.916411,0.0835893, 22.5586,1.05945,3.41389, 0.0614143,1,0,0.11988,0.88012,0,1,0,0,0.725882,0.274118
9,0.895556,0,0.104444, 20.2441,0.985891,10.1221, 0.0571775,1,1,0,0,0.642388,0,0.357612,0.895556,0,0.104444
10,0.571769,0,0.428231, 22.3532,1.21736,3.20185, 0.106377,0,1,0,0,0.80445,0,0.19555,0,0,1
10,0,0.1409,0.8591, 24.4282,1.94853,2.26863, 0.0929025,0,0,0.916411,0.0835893,0,1,0,0,0,1
10,0.882031,0,0.117969, 20.0961,0.986061,10.0481, 0.0734494,1,1,0,0,0.882031,0,0.117969,0.491131,0,0.508869
10,0.855271,0,0.144729, 20.1774,0.985792,10.0887, 0.0684212,0,1,0,0,0.491131,0,0.508869,0.882031,0,0.117969
10,0,0.307075,0.692925, 23.8764,1.53313,2.36396, 0.0675929,0,0,0.916892,0.0831084,0,1,0,0,0.103907,0.896093
10,0,0.0991737,0.900826, 24.2519,1.9646,2.27635, 0.0603543,0,0,0.725882,0.274118,0,0.916411,0.0835893,0,0,1
10,0,0.299433,0.700567, 24.0155,1.79355,2.28398, 0.0596725,0,0,0.11988,0.88012,0,1,0,0,0.916411,0.0835893
10,0.895556,0,0.104444, 20.2476,0.990951,10.1238, 0.0571775,1,1,0,0,0.642388,0,0.357612,0.895556,0,0.104444
11,0,0.688812,0.311188, 23.4546,1.17678,2.81978, 0.243487,0,0,0.1409,0.8591,0,1,0,0,0,1
11,0,0.725882,0.274118, 23.0495,1.15019,2.7993, 0.201399,1,0,0.11988,0.88012,0,1,0,0,0.299433,0.700567
11,0,0.790379,0.209621, 23.0803,1.13864,2.85582, 0.155485,0,0,0.307075,0.692925,0,1,0,0,0.103907,0.896093
11,0.515805,0,0.484195, 21.7062,1.17138,3.53802, 0.0959646,0,1,0,0,0.571769,0,0.428231,0,0,1
11,0,0.232131,0.767869, 23.558,1.47674,2.36179, 0.0756606,0,0,0.0991737,0.900826,0,0.916411,0.0835893,0,0,1
11,0,0.23683,0.76317, 23.4939,1.60567,2.38009, 0.0751409,0,0,0.916411,0.0835893,0,0.1409,0.8591,0,0,1
11,0.882031,0,0.117969, 20.325,0.994208,10.1625, 0.0734494,1,1,0,0,0.882031,0,0.117969,0.491131,0,0.508869
11,0.882031,0,0.117969, 20.2708,0.983256,10.1354, 0.0734494,1,1,0,0,0.491131,0,0.508869,0.855271,0,0.144729
12,0.525574,0,0.474426, 22.5594,1.15947,2.93144, 0.097782,0,1,0,0,0.515805,0,0.484195,0,0,1
12,0,0.903612,0.0963882, 22.8952,1.07575,3.29566, 0.0754182,0,0,0.688812,0.311188,0,1,0,0,0,1
12,0.882031,0,0.117969, 20.2405,0.984152,10.1203, 0.0734494,1,1,0,0,0.882031,0,0.117969,0.491131,0,0.508869
12,0.882031,0,0.117969, 20.2663,1.02452,10.1332, 0.0734494,1,1,0,0,0.491131,0,0.508869,0.882031,0,0.117969
12,0,0.903612,0.0963882, 23.0864,1.06791,3.36987, 0.0693608,1,0,0.1409,0.8591,0,1,0,0,0.688812,0.311188
12,0,0.311828,0.688172, 23.8953,1.52236,2.40113, 0.0668485,0,0,0.916411,0.0835893,0,0.23683,0.76317,0,0,1
12,0,0.914619,0.0853807, 22.5733,1.0643,3.36333, 0.0627306,0,0,0.11988,0.88012,0,1,0,0,0.725882,0.274118
12,0,0.9188,0.0812004, 22.6822,1.06406,3.3837, 0.0602298,0,0,0.790379,0.209621,0,1,0,0,0.103907,0.896093
13,0.870431,0,0.129569, 20.1422,0.988574,10.0711, 0.099167,0,1,0,0,0.525574,0,0.474426,0,0,1
13,0,0.146543,0.853457, 23.8809,1.79949,2.26309, 0.0966232,0,0,0.903612,0.0963882,0,1,0,0,0,1
13,0.882031,0,0.117969, 20.116,0.97947,10.058, 0.0734494,1,1,0,0,0.882031,0,0.117969,0.491131,0,0.508869
13,0.882031,0,0.117969, 20.2451,0.990072,10.1226, 0.0734494,1,1,0,0,0.491131,0,0.508869,0.882031,0,0.117969
13,0,0.34415,0.65585, 24.07,1.47147,2.36819, 0.0632746,0,0,0.916411,0.0835893,0,0.311828,0.688172,0,0,1
13,0,0.293908,0.706092, 23.977,1.76511,2.28939, 0.0632125,0,0,0.9188,0.0812004,0,1,0,0,0.103907,0.896093
13,0,0.37956,0.62044, 23.4961,1.34019,2.4559, 0.0593594,0,0,0.232131,0.767869,0,0.916411,0.0835893,0,0,1
13,0.895556,0,0.104444, 20.222,1.00395,10.111, 0.0571775,1,1,0,0,0.642388,0,0.357612,0.895556,0,0.104444
14,0,0.722844,0.277156, 23.8378,1.20542,2.68151, 0.216858,0,0,0.146543,0.853457,0,1,0,0,0,1
14,0,0.730484,0.269516, 23.1266,1.14151,2.81316, 0.199912,0,0,0.293908,0.706092,0,1,0,0,0.103907,0.896093
14,0.80445,0,0.19555, 21.2781,1.1368,4.25408, 0.149666,1,1,0,0,0.870431,0,0.129569,0,0,1
14,0.870431,0,0.129569, 20.3798,0.986394,10.1899, 0.0752011,1,1,0,0,0.525574,0,0.474426,0.870431,0,0.129569
14,0.882031,0,0.117969, 20.1952,0.983306,10.0976, 0.0734494,1,1,0,0,0.882031,0,0.117969,0.491131,0,0.508869
14,0.882031,0,0.117969, 20.2852,0.981635,10.1426, 0.0734494,1,1,0,0,0.491131,0,0.508869,0.882031,0,0.117969
14,0,0.283001,0.716999, 23.889,1.5691,2.33623, 0.0728908,0,0,0.903612,0.0963882,0,0.146543,0.853457,0,0,1
14,0,0.380971,0.619029, 24.3876,1.4433,2.41344, 0.0592034,0,0,0.916411,0.0835893,0,0.34415,0.65585,0,0,1
15,0.59787,0,0.40213, 21.4699,1.17054,3.66149, 0.111233,0,1,0,0,0.80445,0,0.19555,0,0,1
15,0,0.894052,0.105948, 22.5537,1.08032,3.22318, 0.0828984,0,0,0.722844,0.277156,0,1,0,0,0,1
15,0,0.894052,0.105948, 23.0657,1.07305,3.33199, 0.0769741,1,0,0.146543,0.853457,0,1,0,0,0.722844,0.277156
15,0.870431,0,0.129569, 20.1367,0.986074,10.0684, 0.0752011,1,1,0,0,0.525574,0,0.474426,0.870431,0,0.129569
15,0.882031,0,0.117969, 20.1418,0.981798,10.0709, 0.0734494,1,1,0,0,0.882031,0,0.117969,0.491131,0,0.508869
15,0.882031,0,0.117969, 20.1712,0.988376,10.0856, 0.0734494,1,1,0,0,0.491131,0,0.508869,0.882031,0,0.117969
15,0,0.349812,0.650188, 23.7034,1.41985,2.40751, 0.0650439,0,0,0.903612,0.0963882,0,0.283001,0.716999,0,0,1
15,0,0.918044,0.0819564, 22.5798,1.07954,3.23916, 0.0607906,0,0,0.730484,0.269516,0,1,0,0,0.103907,0.896093
16,0.528188,0,0.471812, 22.0592,1.44583,3.1172, 0.0982685,0,1,0,0,0.59787,0,0.40213,0,0,1
16,0,0.138384,0.861616, 24.118,1.78242,2.29535, 0.0912432,0,0,0.894052,0.105948,0,1,0,0,0,1
16,0.870431,0,0.129569, 20.1831,0.985798,10.0915, 0.0752011,1,1,0,0,0.525574,0,0.474426,0.870431,0,0.129569
16,0.882031,0,0.117969, 20.156,0.980157,10.078, 0.0734494,1,1,0,0,0.882031,0,0.117969,0.491131,0,0.508869
16,0.882031,0,0.117969, 20.2244,0.990364,10.1122, 0.0734494,1,1,0,0,0.491131,0,0.508869,0.882031,0,0.117969
16,0,0.385963,0.614037, 24.207,1.49296,2.38361, 0.0586514,0,0,0.916411,0.0835893,0,0.380971,0.619029,0,0,1
16,0,0.416591,0.583409, 23.1311,1.3802,2.46441, 0.0572007,0,0,0.903612,0.0963882,0,0.349812,0.650188,0,0,1
16,0.895556,0,0.104444, 20.2793,0.985518,10.1396, 0.0571775,1,1,0,0,0.642388,0,0.357612,0.895556,0,0.104444
17,0,0.726127,0.273873, 23.4719,1.19759,2.73756, 0.21429,0,0,0.138384,0.861616,0,1,0,0,0,1
17,0.462581,0,0.537419, 22.3341,1.28749,2.81525, 0.0860624,0,1,0,0,0.528188,0,0.471812,0,0,1
17,0.870431,0,0.129569, 20.1656,0.99316,10.0828, 0.0752011,1,1,0,0,0.525574,0,0.474426,0.870431,0,0.129569
17,0.882031,0,0.117969, 20.1734,0.995914,10.0867, 0.0734494,1,1,0,0,0.882031,0,0.117969,0.491131,0,0.508869
17,0.882031,0,0.117969, 20.2084,0.988829,10.1042, 0.0734494,1,1,0,0,0.491131,0,0.508869,0.882031,0,0.117969
17,0,0.267718,0.732282, 23.7285,1.57325,2.33252, 0.0693626,0,0,0.894052,0.105948,0,0.138384,0.861616,0,0,1
17,0,0.364445,0.635555, 23.8157,1.43738,2.40941, 0.0610306,0,0,0.916411,0.0835893,0,0.385963,0.614037,0,0,1
17,0.895556,0,0.104444, 20.2177,0.988397,10.1089, 0.0571775,1,1,0,0,0.642388,0,0.357612,0.895556,0,0.104444
18,0.882238,0,0.117762, 20.1714,0.982512,10.0857, 0.0901305,0,1,0,0,0.462581,0,0.537419,0,0,1
18,0,0.896384,0.103616, 22.6216,1.08341,3.20899, 0.0810732,0,0,0.726127,0.273873,0,1,0,0,0,1
18,0,0.896384,0.103616, 23.217,1.07243,3.34593, 0.0753947,1,0,0.138384,0.861616,0,1,0,0,0.726127,0.273873
18,0.870431,0,0.129569, 20.1928,0.986881,10.0964, 0.0752011,1,1,0,0,0.525574,0,0.474426,0.870431,0,0.129569
18,0.882031,0,0.117969, 20.2307,0.98361,10.1154, 0.0734494,1,1,0,0,0.882031,0,0.117969,0.491131,0,0.508869
18,0.882031,0,0.117969, 20.2039,0.990163,10.1019, 0.0734494,1,1,0,0,0.491131,0,0.508869,0.882031,0,0.117969
18,0.890623,0,0.109377, 20.1523,0.98482,10.0762, 0.0683881,0,1,0,0,0.528188,0,0.471812,0.462581,0,0.537419
18,0,0.333274,0.666726, 23.41,1.39462,2.45064, 0.0621027,0,0,0.894052,0.105948,0,0.267718,0.732282,0,0,1
19,0.80445,0,0.19555, 21.2232,1.12367,5.22618, 0.149666,1,1,0,0,0.882238,0,0.117762,0,0,1
19,0,0.136912,0.863088, 23.8059,1.72434,2.2908, 0.0902733,0,0,0.896384,0.103616,0,1,0,0,0,1
19,0.870431,0,0.129569, 20.1545,0.982323,10.0773, 0.0752011,1,1,0,0,0.525574,0,0.474426,0.870431,0,0.129569
19,0.882238,0,0.117762, 20.2266,0.98884,10.1133, 0.073631,1,1,0,0,0.462581,0,0.537419,0.882238,0,0.117762
19,0.882238,0,0.117762, 20.2138,0.989931,10.1069, 0.073631,1,1,0,0,0.890623,0,0.109377,0.462581,0,0.537419
19,0.882031,0,0.117969, 20.275,1.09211,10.1375, 0.0734494,1,1,0,0,0.882031,0,0.117969,0.491131,0,0.508869
19,0.882031,0,0.117969, 20.1774,0.983867,10.0887, 0.0734494,1,1,0,0,0.491131,0,0.508869,0.882031,0,0.117969
19,0.890623,0,0.109377, 20.1499,0.987285,10.075, 0.063845,1,1,0,0,0.528188,0,0.471812,0.890623,0,0.109377
20,0,0.740553,0.259447, 23.1869,1.14285,2.84453, 0.203003,0,0,0.136912,0.863088,0,1,0,0,0,1
20,0.683523,0,0.316477, 21.4605,1.06332,4.05353, 0.127168,0,1,0,0,0.80445,0,0.19555,0,0,1
20,0.870431,0,0.129569, 20.2185,0.980741,10.1092, 0.0752011,1,1,0,0,0.525574,0,0.474426,0.870431,0,0.129569
20,0.882238,0,0.117762, 20.19,0.999952,10.095, 0.073631,1,1,0,0,0.462581,0,0.537419,0.882238,0,0.117762
20,0.882238,0,0.117762, 20.1739,0.98238,10.087, 0.073631,1,1,0,0,0.882238,0,0.117762,0.462581,0,0.537419
20,0.882031,0,0.117969, 20.171,0.995773,10.0855, 0.0734494,1,1,0,0,0.882031,0,0.117969,0.491131,0,0.508869
20,0.882031,0,0.117969, 20.2073,0.994595,10.1036, 0.0734494,1,1,0,0,0.491131,0,0.508869,0.882031,0,0.117969
20,0,0.283837,0.716163, 23.751,1.58133,2.31877, 0.066707,0,0,0.896384,0.103616,0,0.136912,0.863088,0,0,1
21,0.586542,0,0.413458, 21.7928,1.29594,3.28027, 0.109125,0,1,0,0,0.683523,0,0.316477,0,0,1
21,0.870431,0,0.129569, 20.1784,1.00114,10.0892, 0.0752011,1,1,0,0,0.525574,0,0.474426,0.870431,0,0.129569
21,0.882238,0,0.117762, 20.1416,0.989426,10.0708, 0.073631,1,1,0,0,0.462581,0,0.537419,0.882238,0,0.117762
21,0.882238,0,0.117762, 20.1966,0.981938,10.0983, 0.073631,1,1,0,0,0.882238,0,0.117762,0.462581,0,0.537419
21,0.882031,0,0.117969, 20.2203,0.988111,10.1102, 0.0734494,1,1,0,0,0.882031,0,0.117969,0.491131,0,0.508869
21,0.882031,0,0.117969, 20.3026,0.986082,10.1513, 0.0734494,1,1,0,0,0.491131,0,0.508869,0.882031,0,0.117969
21,0,0.917168,0.0828316, 22.6292,1.08622,3.1709, 0.0648109,0,0,0.740553,0.259447,0,1,0,0,0,1
21,0.890623,0,0.109377, 20.2135,0.981596,10.1067, 0.063845,1,1,0,0,0.528188,0,0.471812,0.890623,0,0.109377
22,0.479052,0,0.520948, 22.2669,1.24073,3.03489, 0.0891268,0,1,0,0,0.586542,0,0.413458,0,0,1
22,0,0.132547,0.867453, 24.2415,1.95353,2.28363, 0.0873947,0,0,0.917168,0.0828316,0,1,0,0,0,1
22,0.870431,0,0.129569, 20.1716,0.979493,10.0858, 0.0752011,1,1,0,0,0.525574,0,0.474426,0.870431,0,0.129569
22,0.882238,0,0.117762, 20.2405,0.987972,10.1203, 0.073631,1,1,0,0,0.462581,0,0.537419,0.882238,0,0.117762
22,0.882238,0,0.117762, 20.2709,0.986903,10.1355, 0.073631,1,1,0,0,0.882238,0,0.117762,0.462581,0,0.537419
22,0.882031,0,0.117969, 20.1916,0.984329,10.0958, 0.0734494,1,1,0,0,0.882031,0,0.117969,0.491131,0,0.508869
22,0.882031,0,0.117969, 20.2043,0.992584,10.1022, 0.0734494,1,1,0,0,0.491131,0,0.508869,0.882031,0,0.117969
22,0.890623,0,0.109377, 20.2219,0.981935,10.1109, 0.063845,1,1,0,0,0.528188,0,0.471812,0.890623,0,0.109377
23,0,0.687323,0.312677, 23.5611,1.16561,2.76662, 0.244652,0,0,0.132547,0.867453,0,1,0,0,0,1
23,0.882074,0,0.117926, 20.2638,0.983698,10.1319, 0.0902564,0,1,0,0,0.479052,0,0.520948,0,0,1
23,0.870431,0,0.129569, 20.9807,1.03904,5.31013, 0.0752011,1,1,0,0,0.525574,0,0.474426,0.870431,0,0.129569
23,0.882238,0,0.117762, 20.2216,0.983733,10.1108, 0.073631,1,1,0,0,0.462581,0,0.537419,0.882238,0,0.117762
23,0.882238,0,0.117762, 20.2655,0.986179,10.1327, 0.073631,1,1,0,0,0.882238,0,0.117762,0.462581,0,0.537419
23,0.882031,0,0.117969, 20.1725,0.988958,10.0863, 0.0734494,1,1,0,0,0.882031,0,0.117969,0.491131,0,0.508869
23,0.882031,0,0.117969, 20.1977,0.983621,10.0988, 0.0734494,1,1,0,0,0.491131,0,0.508869,0.882031,0,0.117969
23,0,0.220589,0.779411, 23.8955,1.97734,2.26172, 0.0712982,0,0,0.917168,0.0828316,0,0.132547,0.867453,0,0,1
24,0.80445,0,0.19555, 20.9311,1.02441,6.49137, 0.149666,1,1,0,0,0.882074,0,0.117926,0,0,1
24,0.882238,0,0.117762, 20.2629,0.986751,10.1314, 0.073631,1,1,0,0,0.462581,0,0.537419,0.882238,0,0.117762
24,0.882238,0,0.117762, 20.1415,0.98086,10.0707, 0.073631,1,1,0,0,0.882238,0,0.117762,0.462581,0,0.537419
24,0.882031,0,0.117969, 20.2359,0.985532,10.1179, 0.0734494,1,1,0,0,0.882031,0,0.117969,0.491131,0,0.508869
24,0.882031,0,0.117969, 20.1654,0.998034,10.0827, 0.0734494,1,1,0,0,0.491131,0,0.508869,0.882031,0,0.117969
24,0,0.908711,0.0912888, 22.4215,1.07144,3.21935, 0.0714282,0,0,0.687323,0.312677,0,1,0,0,0,1
24,0,0.220126,0.779874, 24.3858,1.63166,2.34484, 0.0713455,0,0,0.917168,0.0828316,0,0.220589,0.779411,0,0,1
24,0.882074,0,0.117926, 20.1745,0.984606,10.0873, 0.0708324,1,1,0,0,0.479052,0,0.520948,0.882074,0,0.117926
25,0.738383,0,0.261617, 21.5971,1.1079,3.63291, 0.137375,0,1,0,0,0.80445,0,0.19555,0,0,1
25,0,0.137325,0.862675, 24.1474,1.9248,2.24752, 0.0905456,0,0,0.908711,0.0912888,0,1,0,0,0,1
25,0.882238,0,0.117762, 20.1647,1.00205,10.0824, 0.073631,1,1,0,0,0.462581,0,0.537419,0.882238,0,0.117762
25,0.882238,0,0.117762, 20.2185,1.00019,10.1093, 0.073631,1,1,0,0,0.882238,0,0.117762,0.462581,0,0.537419
25,0.882031,0,0.117969, 20.169,0.995005,10.0845, 0.0734494,1,1,0,0,0.882031,0,0.117969,0.491131,0,0.508869
25,0.882031,0,0.117969, 20.2151,0.984169,10.1076, 0.0734494,1,1,0,0,0.491131,0,0.508869,0.882031,0,0.117969
25,0.882074,0,0.117926, 20.2243,0.982733,10.1122, 0.0708324,1,1,0,0,0.479052,0,0.520948,0.882074,0,0.117926
25,0,0.908711,0.0912888, 23.0887,1.09417,3.12349, 0.0658913,1,0,0.132547,0.867453,0,1,0,0,0.687323,0.312677
26,0,0.694561,0.305439, 22.8189,1.20912,2.72985, 0.238988,0,0,0.137325,0.862675,0,1,0,0,0,1
26,0.533575,0,0.466425, 21.9346,1.24665,3.00438, 0.0992707,0,1,0,0,0.738383,0,0.261617,0,0,1
26,0.882238,0,0.117762, 20.2148,0.982615,10.1074, 0.073631,1,1,0,0,0.462581,0,0.537419,0.882238,0,0.117762
26,0.882238,0,0.117762, 20.2049,0.990656,10.1024, 0.073631,1,1,0,0,0.882238,0,0.117762,0.462581,0,0.537419
26,0.882031,0,0.117969, 20.2209,0.986601,10.1105, 0.0734494,1,1,0,0,0.882031,0,0.117969,0.491131,0,0.508869
26,0.882031,0,0.117969, 20.165,0.981093,10.0825, 0.0734494,1,1,0,0,0.491131,0,0.508869,0.882031,0,0.117969
26,0,0.239579,0.760421, 23.4743,1.61092,2.33947, 0.07263,0,0,0.908711,0.0912888,0,0.137325,0.862675,0,0,1
26,0.882074,0,0.117926, 20.3369,0.997278,10.1685, 0.0708324,1,1,0,0,0.479052,0,0.520948,0.882074,0,0.117926
27,0,0.892006,0.107994, 22.9098,1.0666,3.30859, 0.0844993,0,0,0.694561,0.305439,0,1,0,0,0,1
27,0,0.892006,0.107994, 22.6563,1.11707,2.99321, 0.0782642,1,0,0.137325,0.862675,0,1,0,0,0.694561,0.305439
27,0.898094,0,0.101906, 20.1381,0.989211,10.0691, 0.077995,0,1,0,0,0.533575,0,0.466425,0,0,1
27,0.882238,0,0.117762, 20.3397,0.997671,10.1698, 0.073631,1,1,0,0,0.462581,0,0.537419,0.882238,0,0.117762
27,0.882238,0,0.117762, 20.1613,1.00371,10.0806, 0.073631,1,1,0,0,0.882238,0,0.117762,0.462581,0,0.537419
27,0.882031,0,0.117969, 20.2127,0.982433,10.1064, 0.0734494,1,1,0,0,0.882031,0,0.117969,0.491131,0,0.508869
27,0.882031,0,0.117969, 20.3043,0.9973,10.1521, 0.0734494,1,1,0,0,0.491131,0,0.508869,0.882031,0,0.117969
27,0.882074,0,0.117926, 20.2452,0.982673,10.1226, 0.0708324,1,1,0,0,0.479052,0,0.520948,0.882074,0,0.117926
28,0.80445,0,0.19555, 21.3567,1.09787,4.12273, 0.149666,1,1,0,0,0.898094,0,0.101906,0,0,1
28,0,0.147378,0.852622, 24.7305,2.09312,2.27148, 0.0971736,0,0,0.892006,0.107994,0,1,0,0,0,1
28,0.882238,0,0.117762, 20.2176,0.981827,10.1088, 0.073631,1,1,0,0,0.462581,0,0.537419,0.882238,0,0.117762
28,0.882238,0,0.117762, 20.1669,0.994024,10.0835, 0.073631,1,1,0,0,0.882238,0,0.117762,0.462581,0,0.537419
28,0.882031,0,0.117969, 20.1151,0.979829,10.0576, 0.0734494,1,1,0,0,0.882031,0,0.117969,0.491131,0,0.508869
28,0.882031,0,0.117969, 20.2153,0.984246,10.1076, 0.0734494,1,1,0,0,0.491131,0,0.508869,0.882031,0,0.117969
28,0.882074,0,0.117926, 20.1491,0.994001,10.0746, 0.0708324,1,1,0,0,0.479052,0,0.520948,0.882074,0,0.117926
28,0,0.310922,0.689078, 24.0813,1.46485,2.38499, 0.0648862,0,0,0.908711,0.0912888,0,0.239579,0.760421,0,0,1
29,0,0.658758,0.341242, 23.8852,1.29255,2.57004, 0.267002,0,0,0.147378,0.852622,0,1,0,0,0,1
29,0.58759,0,0.41241, 21.856,1.41404,3.12135, 0.10932,0,1,0,0,0.80445,0,0.19555,0,0,1
29,0,0.21845,0.78155, 24.235,1.69172,2.30826, 0.0810979,0,0,0.892006,0.107994,0,0.147378,0.852622,0,0,1
29,0.882238,0,0.117762, 20.2133,0.985516,10.1067, 0.073631,1,1,0,0,0.462581,0,0.537419,0.882238,0,0.117762
29,0.882238,0,0.117762, 20.2539,0.98331,10.1269, 0.073631,1,1,0,0,0.882238,0,0.117762,0.462581,0,0.537419
29,0.882031,0,0.117969, 20.311,0.997926,10.1555, 0.0734494,1,1,0,0,0.882031,0,0.117969,0.491131,0,0.508869
29,0.882031,0,0.117969, 20.1837,0.983975,10.0918, 0.0734494,1,1,0,0,0.491131,0,0.508869,0.882031,0,0.117969
29,0.882074,0,0.117926, 20.2456,0.999541,10.1228, 0.0708324,1,1,0,0,0.479052,0,0.520948,0.882074,0,0.117926
30,0,0.863449,0.136551, 22.8854,1.15039,2.85697, 0.106843,0,0,0.658758,0.341242,0,1,0,0,0,1
30,0,0.863449,0.136551, 23.0871,1.07423,3.30947, 0.0965882,1,0,0.147378,0.852622,0,1,0,0,0.658758,0.341242
30,0.444587,0,0.555413, 22.4319,1.34885,2.76193, 0.0827146,0,1,0,0,0.58759,0,0.41241,0,0,1
30,0.882238,0,0.117762, 20.2055,0.980701,10.1028, 0.073631,1,1,0,0,0.462581,0,0.537419,0.882238,0,0.117762
30,0.882238,0,0.117762, 20.2736,1.01076,10.1368, 0.073631,1,1,0,0,0.882238,0,0.117762,0.462581,0,0.537419
30,0.882031,0,0.117969, 20.1254,0.978528,10.0627, 0.0734494,1,1,0,0,0.882031,0,0.117969,0.491131,0,0.508869
30,0.882031,0,0.117969, 20.1139,0.9799,10.057, 0.0734494,1,1,0,0,0.491131,0,0.508869,0.882031,0,0.117969
30,0.882074,0,0.117926, 20.2277,0.987371,10.1139, 0.0708324,1,1,0,0,0.479052,0,0.520948,0.882074,0,0.117926
31,0.878666,0,0.121334, 20.158,0.993947,10.079, 0.0928644,0,1,0,0,0.444587,0,0.555413,0,0,1
31,0.882238,0,0.117762, 20.1278,0.981283,10.0639, 0.073631,1,1,0,0,0.462581,0,0.537419,0.882238,0,0.117762
31,0.882238,0,0.117762, 20.2646,0.991291,10.1323, 0.073631,1,1,0,0,0.882238,0,0.117762,0.462581,0,0.537419
31,0.882031,0,0.117969, 20.1467,0.986506,10.0733, 0.0734494,1,1,0,0,0.882031,0,0.117969,0.491131,0,0.508869
31,0.882031,0,0.117969, 20.097,0.981018,10.0485, 0.0734494,1,1,0,0,0.491131,0,0.508869,0.882031,0,0.117969
31,0.882074,0,0.117926, 20.1975,0.983632,10.0988, 0.0708324,1,1,0,0,0.479052,0,0.520948,0.882074,0,0.117926
31,0,0.30686,0.69314, 22.9711,1.33027,2.50681, 0.0704532,0,0,0.892006,0.107994,0,0.21845,0.78155,0,0,1
31,0,0.913922,0.086078, 23.4028,1.08137,3.33307, 0.067351,0,0,0.863449,0.136551,0,1,0,0,0,1
