Iteration, w1,w2,w3, f1,f2,f3, MaxRegret, is_duplicate, wd,wr,wt
-3,1,0, 0, 20.1279,199504, 1.18025, 0
-2,0,1, 0, 31.9618,1.76454, 13.5624, 0
-1,0,0, 1, 22.7949,207.571, 0.238517, 0
0,0.922909,0.0770908,0, 21.8832,13.7273,2.26529, 0.0770902,0,1,0,0,0,1,0,0,0,1
1,0.454192,0,0.545808, 23.3172,63.3548,1.36935, 0.0378993,0,1,0,0,0.922909,0.0770908,0,0,0,1
2,0.784349,0.0655169,0.150135, 25.6255,2.44627,9.26176, 0.0224362,0,0.922909,0.0770908,0,0,1,0,0,0,1
3, DUPLICATE FOUND - RESOLUTION LIMIT, Weight: 0.784349,0.0655169,0.150135
4,0.947936,0.0520638,0, 22.0737,5.67764,4.64089, 0.0178293,0,1,0,0,0.922909,0.0770908,0,0.454192,0,0.545808
5,0.58289,0.0211672,0.395943, 22.2308,9.46789,2.4435, 0.0113743,0,0.947936,0.0520638,0,0.922909,0.0770908,0,0.454192,0,0.545808
6,0.682791,0.0241051,0.293104, 21.3359,14.7925,2.71619, 0.0170814,0,0.947936,0.0520638,0,0.58289,0.0211672,0.395943,0.454192,0,0.545808
7,0.605812,0.0159879,0.3782, 22.4463,13.1027,2.68898, 0.00877125,0,0.682791,0.0241051,0.293104,0.58289,0.0211672,0.395943,0.454192,0,0.545808
8,0,0.998457,0.00154301, 28.8826,2.24297,11.8133, 0.00103,0,0.784349,0.0655169,0.150135,0,1,0,0,0,1
9,0.00048271,0.999517,0,5.99309e-05, 0,0.922909,0.0770908,0,0,1,0,0.784349,0.0655169,0.150135
