ID,W_Distance,W_Risk,W_Time,Cost_Distance,Cost_Risk,Cost_Time
0,1,0,0,20.0154,0.959798,10.0077
1,0,1,0,20.3631,0.959532,10.1816
2,0,0,1,24.5904,2.81677,2.21509
3,0,0.53724,0.46276,23.0793,1.3451,2.50313
4,0,0.846378,0.153622,22.9797,1.11233,2.92948
5,0.855398,0,0.144602,20.1228,0.991811,10.0614
6,0,0.843467,0.156533,22.7405,1.10109,3.14097
7,0.80445,0,0.19555,21.1518,1.13809,4.77264
8,0.682305,0.170678,0.147016,21.3219,1.06092,5.11719
9,0.720133,0.150356,0.129511,20.3394,0.990274,10.1697
10,0,0.103907,0.896093,24.005,1.79928,2.2775
11,0,0.336313,0.663687,23.6036,1.49331,2.38093
12,0,0.929231,0.0707695,22.8182,1.09663,3.10345
13,0,0.932248,0.0677519,22.511,1.04826,3.67564
14,0.363403,0.536948,0.0996486,21.3578,1.02253,4.95289
15,0,0.722529,0.277471,22.8412,1.16827,3.10769
16,0.642388,0,0.357612,22.0015,1.31368,2.95666
17,0.682305,0.170678,0.147016,21.2908,1.11109,4.42858
18,0.474787,0.282166,0.243047,21.7672,1.05154,3.84962
19,0,0.207965,0.792035,24.2345,1.69045,2.31176
20,0,0.929231,0.0707695,22.6282,1.06669,3.27446
21,0.642388,0,0.357612,21.5071,1.06421,3.93358
22,0,0.28487,0.71513,23.9671,1.64747,2.31387
23,0,0.130281,0.869719,23.978,1.9697,2.25688
24,0.895556,0,0.104444,20.305,0.987747,10.1525
25,0,0.90362,0.0963798,22.3789,1.06429,3.74996
26,0.786472,0.114716,0.0988122,20.0993,0.988608,10.0497
27,0,0.273511,0.726489,23.6894,1.45647,2.40118
28,0,0.266848,0.733152,23.3582,1.36216,2.43415
29,0,0.228161,0.771839,24.1089,1.80689,2.29642
30,0.812475,0.100746,0.0867789,20.2442,0.985164,10.1221
31,0,0.684576,0.315424,22.6028,1.13747,2.84346
32,0.80445,0,0.19555,21.3999,1.02747,5.02841
33,0,0.812436,0.187564,23.3029,1.13965,2.81982
34,0.682305,0.170678,0.147016,21.0695,1.0403,5.19783
35,0.682305,0.170678,0.147016,20.9169,1.06173,5.42044
36,0,0.356597,0.643403,23.9524,1.51747,2.36397
37,0,0.90362,0.0963798,22.7372,1.07051,3.30262
38,0,0.227023,0.772977,23.6782,1.71829,2.32568
39,0,0.79493,0.20507,23.4043,1.17428,2.72654
40,0.680478,0,0.319522,21.9053,1.35946,3.28809
41,0,0.919414,0.0805862,23.1224,1.10846,3.05617
42,0,0.918746,0.0812539,22.5907,1.046,3.64653
43,0.471796,0.283772,0.244432,21.4968,1.14015,3.65299
44,0,0.919414,0.0805862,23.0476,1.06464,3.4314
45,0.895556,0,0.104444,20.2595,0.989161,10.1297
46,0,0.45832,0.54168,23.4489,1.30047,2.52347
47,0.491131,0,0.508869,22.3666,1.44456,2.72887
48,0,0.11988,0.88012,24.3935,1.78343,2.29538
49,0,0.334573,0.665427,23.4138,1.55113,2.39177
50,0,0.905698,0.094302,23.1003,1.07735,3.46186
51,0,0.905698,0.094302,22.2112,1.05564,3.41914
52,0.895556,0,0.104444,20.2722,0.992078,10.1361
53,0.680478,0,0.319522,21.5893,1.18205,3.54839
54,0,0.918746,0.0812539,22.1857,1.06646,3.37173
55,0,0.725882,0.274118,23.4228,1.14376,2.88085
56,0,0.784612,0.215388,23.0938,1.14322,2.85636
57,0.882031,0,0.117969,20.1761,1.00537,10.088
58,0,0.312177,0.687823,23.4427,1.45757,2.3989
59,0.895694,0,0.104306,20.2507,0.999455,10.1253
60,0,0.237706,0.762294,23.9258,1.58478,2.31589
61,0,0.407308,0.592692,23.6408,1.28172,2.5539
62,0.895556,0,0.104444,20.1505,0.980908,10.0752
63,0.80445,0,0.19555,21.6282,1.08979,3.85269
64,0,0.812143,0.187857,23.0148,1.11405,2.9471
65,0.882031,0,0.117969,20.8481,1.01109,6.44438
66,0.882031,0,0.117969,20.1858,0.984986,10.0929
67,0,0.916411,0.0835893,22.594,1.07653,3.24676
68,0,0.916892,0.0831084,22.8939,1.05914,3.46311
69,0,0.916411,0.0835893,22.5586,1.05945,3.41389
70,0.895556,0,0.104444,20.2441,0.985891,10.1221
71,0.571769,0,0.428231,22.3532,1.21736,3.20185
72,0,0.1409,0.8591,24.4282,1.94853,2.26863
73,0.882031,0,0.117969,20.0961,0.986061,10.0481
74,0.855271,0,0.144729,20.1774,0.985792,10.0887
75,0,0.307075,0.692925,23.8764,1.53313,2.36396
76,0,0.0991737,0.900826,24.2519,1.9646,2.27635
77,0,0.299433,0.700567,24.0155,1.79355,2.28398
78,0.895556,0,0.104444,20.2476,0.990951,10.1238
79,0,0.688812,0.311188,23.4546,1.17678,2.81978
80,0,0.725882,0.274118,23.0495,1.15019,2.7993
81,0,0.790379,0.209621,23.0803,1.13864,2.85582
82,0.515805,0,0.484195,21.7062,1.17138,3.53802
83,0,0.232131,0.767869,23.558,1.47674,2.36179
84,0,0.23683,0.76317,23.4939,1.60567,2.38009
85,0.882031,0,0.117969,20.325,0.994208,10.1625
86,0.882031,0,0.117969,20.2708,0.983256,10.1354
87,0.525574,0,0.474426,22.5594,1.15947,2.93144
88,0,0.903612,0.0963882,22.8952,1.07575,3.29566
89,0.882031,0,0.117969,20.2405,0.984152,10.1203
90,0.882031,0,0.117969,20.2663,1.02452,10.1332
91,0,0.903612,0.0963882,23.0864,1.06791,3.36987
92,0,0.311828,0.688172,23.8953,1.52236,2.40113
93,0,0.914619,0.0853807,22.5733,1.0643,3.36333
94,0,0.9188,0.0812004,22.6822,1.06406,3.3837
95,0.870431,0,0.129569,20.1422,0.988574,10.0711
96,0,0.146543,0.853457,23.8809,1.79949,2.26309
97,0.882031,0,0.117969,20.116,0.97947,10.058
98,0.882031,0,0.117969,20.2451,0.990072,10.1226
99,0,0.34415,0.65585,24.07,1.47147,2.36819
100,0,0.293908,0.706092,23.977,1.76511,2.28939
101,0,0.37956,0.62044,23.4961,1.34019,2.4559
102,0.895556,0,0.104444,20.222,1.00395,10.111
103,0,0.722844,0.277156,23.8378,1.20542,2.68151
104,0,0.730484,0.269516,23.1266,1.14151,2.81316
105,0.80445,0,0.19555,21.2781,1.1368,4.25408
106,0.870431,0,0.129569,20.3798,0.986394,10.1899
107,0.882031,0,0.117969,20.1952,0.983306,10.0976
108,0.882031,0,0.117969,20.2852,0.981635,10.1426
109,0,0.283001,0.716999,23.889,1.5691,2.33623
110,0,0.380971,0.619029,24.3876,1.4433,2.41344
111,0.59787,0,0.40213,21.4699,1.17054,3.66149
112,0,0.894052,0.105948,22.5537,1.08032,3.22318
113,0,0.894052,0.105948,23.0657,1.07305,3.33199
114,0.870431,0,0.129569,20.1367,0.986074,10.0684
115,0.882031,0,0.117969,20.1418,0.981798,10.0709
116,0.882031,0,0.117969,20.1712,0.988376,10.0856
117,0,0.349812,0.650188,23.7034,1.41985,2.40751
118,0,0.918044,0.0819564,22.5798,1.07954,3.23916
119,0.528188,0,0.471812,22.0592,1.44583,3.1172
120,0,0.138384,0.861616,24.118,1.78242,2.29535
121,0.870431,0,0.129569,20.1831,0.985798,10.0915
122,0.882031,0,0.117969,20.156,0.980157,10.078
123,0.882031,0,0.117969,20.2244,0.990364,10.1122
124,0,0.385963,0.614037,24.207,1.49296,2.38361
125,0,0.416591,0.583409,23.1311,1.3802,2.46441
126,0.895556,0,0.104444,20.2793,0.985518,10.1396
127,0,0.726127,0.273873,23.4719,1.19759,2.73756
128,0.462581,0,0.537419,22.3341,1.28749,2.81525
129,0.870431,0,0.129569,20.1656,0.99316,10.0828
130,0.882031,0,0.117969,20.1734,0.995914,10.0867
131,0.882031,0,0.117969,20.2084,0.988829,10.1042
132,0,0.267718,0.732282,23.7285,1.57325,2.33252
133,0,0.364445,0.635555,23.8157,1.43738,2.40941
134,0.895556,0,0.104444,20.2177,0.988397,10.1089
135,0.882238,0,0.117762,20.1714,0.982512,10.0857
136,0,0.896384,0.103616,22.6216,1.08341,3.20899
137,0,0.896384,0.103616,23.217,1.07243,3.34593
138,0.870431,0,0.129569,20.1928,0.986881,10.0964
139,0.882031,0,0.117969,20.2307,0.98361,10.1154
140,0.882031,0,0.117969,20.2039,0.990163,10.1019
141,0.890623,0,0.109377,20.1523,0.98482,10.0762
142,0,0.333274,0.666726,23.41,1.39462,2.45064
143,0.80445,0,0.19555,21.2232,1.12367,5.22618
144,0,0.136912,0.863088,23.8059,1.72434,2.2908
145,0.870431,0,0.129569,20.1545,0.982323,10.0773
146,0.882238,0,0.117762,20.2266,0.98884,10.1133
147,0.882238,0,0.117762,20.2138,0.989931,10.1069
148,0.882031,0,0.117969,20.275,1.09211,10.1375
149,0.882031,0,0.117969,20.1774,0.983867,10.0887
150,0.890623,0,0.109377,20.1499,0.987285,10.075
151,0,0.740553,0.259447,23.1869,1.14285,2.84453
152,0.683523,0,0.316477,21.4605,1.06332,4.05353
153,0.870431,0,0.129569,20.2185,0.980741,10.1092
154,0.882238,0,0.117762,20.19,0.999952,10.095
155,0.882238,0,0.117762,20.1739,0.98238,10.087
156,0.882031,0,0.117969,20.171,0.995773,10.0855
157,0.882031,0,0.117969,20.2073,0.994595,10.1036
158,0,0.283837,0.716163,23.751,1.58133,2.31877
159,0.586542,0,0.413458,21.7928,1.29594,3.28027
160,0.870431,0,0.129569,20.1784,1.00114,10.0892
161,0.882238,0,0.117762,20.1416,0.989426,10.0708
162,0.882238,0,0.117762,20.1966,0.981938,10.0983
163,0.882031,0,0.117969,20.2203,0.988111,10.1102
164,0.882031,0,0.117969,20.3026,0.986082,10.1513
165,0,0.917168,0.0828316,22.6292,1.08622,3.1709
166,0.890623,0,0.109377,20.2135,0.981596,10.1067
167,0.479052,0,0.520948,22.2669,1.24073,3.03489
168,0,0.132547,0.867453,24.2415,1.95353,2.28363
169,0.870431,0,0.129569,20.1716,0.979493,10.0858
170,0.882238,0,0.117762,20.2405,0.987972,10.1203
171,0.882238,0,0.117762,20.2709,0.986903,10.1355
172,0.882031,0,0.117969,20.1916,0.984329,10.0958
173,0.882031,0,0.117969,20.2043,0.992584,10.1022
174,0.890623,0,0.109377,20.2219,0.981935,10.1109
175,0,0.687323,0.312677,23.5611,1.16561,2.76662
176,0.882074,0,0.117926,20.2638,0.983698,10.1319
177,0.870431,0,0.129569,20.9807,1.03904,5.31013
178,0.882238,0,0.117762,20.2216,0.983733,10.1108
179,0.882238,0,0.117762,20.2655,0.986179,10.1327
180,0.882031,0,0.117969,20.1725,0.988958,10.0863
181,0.882031,0,0.117969,20.1977,0.983621,10.0988
182,0,0.220589,0.779411,23.8955,1.97734,2.26172
183,0.80445,0,0.19555,20.9311,1.02441,6.49137
184,0.882238,0,0.117762,20.2629,0.986751,10.1314
185,0.882238,0,0.117762,20.1415,0.98086,10.0707
186,0.882031,0,0.117969,20.2359,0.985532,10.1179
187,0.882031,0,0.117969,20.1654,0.998034,10.0827
188,0,0.908711,0.0912888,22.4215,1.07144,3.21935
189,0,0.220126,0.779874,24.3858,1.63166,2.34484
190,0.882074,0,0.117926,20.1745,0.984606,10.0873
191,0.738383,0,0.261617,21.5971,1.1079,3.63291
192,0,0.137325,0.862675,24.1474,1.9248,2.24752
193,0.882238,0,0.117762,20.1647,1.00205,10.0824
194,0.882238,0,0.117762,20.2185,1.00019,10.1093
195,0.882031,0,0.117969,20.169,0.995005,10.0845
196,0.882031,0,0.117969,20.2151,0.984169,10.1076
197,0.882074,0,0.117926,20.2243,0.982733,10.1122
198,0,0.908711,0.0912888,23.0887,1.09417,3.12349
199,0,0.694561,0.305439,22.8189,1.20912,2.72985
200,0.533575,0,0.466425,21.9346,1.24665,3.00438
201,0.882238,0,0.117762,20.2148,0.982615,10.1074
202,0.882238,0,0.117762,20.2049,0.990656,10.1024
203,0.882031,0,0.117969,20.2209,0.986601,10.1105
204,0.882031,0,0.117969,20.165,0.981093,10.0825
205,0,0.239579,0.760421,23.4743,1.61092,2.33947
206,0.882074,0,0.117926,20.3369,0.997278,10.1685
207,0,0.892006,0.107994,22.9098,1.0666,3.30859
208,0,0.892006,0.107994,22.6563,1.11707,2.99321
209,0.898094,0,0.101906,20.1381,0.989211,10.0691
210,0.882238,0,0.117762,20.3397,0.997671,10.1698
211,0.882238,0,0.117762,20.1613,1.00371,10.0806
212,0.882031,0,0.117969,20.2127,0.982433,10.1064
213,0.882031,0,0.117969,20.3043,0.9973,10.1521
214,0.882074,0,0.117926,20.2452,0.982673,10.1226
215,0.80445,0,0.19555,21.3567,1.09787,4.12273
216,0,0.147378,0.852622,24.7305,2.09312,2.27148
217,0.882238,0,0.117762,20.2176,0.981827,10.1088
218,0.882238,0,0.117762,20.1669,0.994024,10.0835
219,0.882031,0,0.117969,20.1151,0.979829,10.0576
220,0.882031,0,0.117969,20.2153,0.984246,10.1076
221,0.882074,0,0.117926,20.1491,0.994001,10.0746
222,0,0.310922,0.689078,24.0813,1.46485,2.38499
223,0,0.658758,0.341242,23.8852,1.29255,2.57004
224,0.58759,0,0.41241,21.856,1.41404,3.12135
225,0,0.21845,0.78155,24.235,1.69172,2.30826
226,0.882238,0,0.117762,20.2133,0.985516,10.1067
227,0.882238,0,0.117762,20.2539,0.98331,10.1269
228,0.882031,0,0.117969,20.311,0.997926,10.1555
229,0.882031,0,0.117969,20.1837,0.983975,10.0918
230,0.882074,0,0.117926,20.2456,0.999541,10.1228
231,0,0.863449,0.136551,22.8854,1.15039,2.85697
232,0,0.863449,0.136551,23.0871,1.07423,3.30947
233,0.444587,0,0.555413,22.4319,1.34885,2.76193
234,0.882238,0,0.117762,20.2055,0.980701,10.1028
235,0.882238,0,0.117762,20.2736,1.01076,10.1368
236,0.882031,0,0.117969,20.1254,0.978528,10.0627
237,0.882031,0,0.117969,20.1139,0.9799,10.057
238,0.882074,0,0.117926,20.2277,0.987371,10.1139
239,0.878666,0,0.121334,20.158,0.993947,10.079
240,0.882238,0,0.117762,20.1278,0.981283,10.0639
241,0.882238,0,0.117762,20.2646,0.991291,10.1323
242,0.882031,0,0.117969,20.1467,0.986506,10.0733
243,0.882031,0,0.117969,20.097,0.981018,10.0485
244,0.882074,0,0.117926,20.1975,0.983632,10.0988
245,0,0.30686,0.69314,22.9711,1.33027,2.50681
246,0,0.913922,0.086078,23.4028,1.08137,3.33307
