1 15 
1.10167 15.0005 
1.20333 15.0011 
1.305 15.0016 
1.40666 15.0021 
1.50833 15.0027 
1.60999 15.0032 
1.71166 15.0037 
1.81332 15.0042 
1.91499 15.0048 
2.01666 15.0053 
2.11832 15.0058 
2.21999 15.0064 
2.32165 15.0069 
2.42332 15.0074 
2.52498 15.008 
2.62601 15.0085 
2.7264 15.0089 
2.82616 15.0094 
2.92527 15.0098 
3.02375 15.0101 
3.12223 15.0105 
3.2207 15.0109 
3.31918 15.0113 
3.41766 15.0116 
3.51614 15.012 
3.61462 15.0124 
3.71309 15.0127 
3.81157 15.0131 
3.91005 15.0135 
4.00853 15.0139 
4.10766 15.0146 
4.20744 15.0156 
4.30788 15.017 
4.40897 15.0187 
4.51071 15.0207 
4.61246 15.0227 
4.7142 15.0248 
4.81594 15.0268 
4.91769 15.0288 
5.01943 15.0309 
5.12117 15.0329 
5.22291 15.0349 
5.32466 15.037 
5.4264 15.039 
5.52814 15.041 
5.62936 15.0432 
5.73005 15.0455 
5.8302 15.048 
5.92983 15.0507 
6.02893 15.0534 
6.12804 15.0562 
6.22714 15.059 
6.32624 15.0618 
6.42534 15.0645 
6.52444 15.0673 
6.62354 15.0701 
6.72264 15.0729 
6.82174 15.0757 
6.92085 15.0784 
7.01743 15.0812 
7.11151 15.084 
7.20307 15.0868 
7.29472 15.0898 
7.38646 15.093 
7.4808 15.0963 
7.57884 15.0997 
7.68058 15.1034 
7.78342 15.107 
7.88736 15.1107 
7.9924 15.1144 
8.09744 15.1182 
8.20193 15.1221 
8.30585 15.1263 
8.40921 15.1307 
8.51202 15.1354 
8.61464 15.1404 
8.71764 15.1456 
8.82102 15.1509 
8.92478 15.1564 
9.02903 15.1621 
9.13339 15.168 
9.23787 15.174 
9.34247 15.1802 
9.44717 15.1865 
9.55188 15.1928 
9.6565 15.1992 
9.76104 15.2057 
9.86549 15.2123 
9.96986 15.219 
10.0751 15.226 
10.1813 15.2333 
10.2884 15.2409 
10.3964 15.2486 
10.5054 15.2566 
10.6144 15.2647 
10.7225 15.2728 
10.8298 15.2811 
10.9361 15.2896 
11.0416 15.2982 
11.1466 15.3071 
11.2518 15.3161 
11.3573 15.3252 
11.463 15.3345 
11.5691 15.3438 
11.6758 15.3534 
11.783 15.3631 
11.8907 15.3731 
11.999 15.3832 
12.1079 15.3935 
12.2167 15.4041 
12.3255 15.415 
12.4343 15.4262 
12.543 15.4377 
12.6517 15.4495 
12.757 15.461 
12.8589 15.472 
12.9573 15.4827 
13.0523 15.493 
13.1439 15.503 
13.2355 15.5129 
13.3284 15.5229 
13.4225 15.533 
13.518 15.5432 
13.6147 15.5535 
13.7127 15.5639 
13.8107 15.5743 
13.9081 15.5851 
14.0049 15.5964 
14.101 15.6081 
14.1965 15.6203 
14.2988 15.6339 
14.4021 15.6478 
14.5065 15.6622 
14.612 15.6769 
14.7185 15.6919 
14.8188 15.7064 
14.9162 15.7206 
15.0109 15.7345 
15.1027 15.7483 
15.1918 15.7618 
15.2817 15.7756 
15.3754 15.7899 
15.4727 15.8048 
15.5738 15.8203 
15.6773 15.8361 
15.7798 15.8516 
15.881 15.8668 
15.98 15.8806 
16.0767 15.8929 
16.1722 15.904 
16.2667 15.9139 
16.3601 15.9225 
16.4534 15.9312 
16.5468 15.9399 
16.6426 15.9473 
16.7408 15.9535 
16.8414 15.9585 
16.9444 15.9622 
17.0393 15.9643 
17.1365 15.965 
17.2359 15.9644 
17.3376 15.9626 
17.4419 15.9594 
17.556 15.9547 
17.6673 15.9493 
17.7757 15.9433 
17.8804 15.9357 
17.981 15.9266 
18.0808 15.9166 
18.1797 15.9055 
18.2777 15.8935 
18.3789 15.8796 
18.4831 15.8637 
18.5905 15.8459 
18.6945 15.8269 
18.7952 15.8065 
18.8894 15.7867 
18.9833 15.7652 
19.0769 15.742 
19.1747 15.7165 
19.2767 15.6889 
19.383 15.6591 
19.4866 15.6287 
19.5884 15.5971 
19.6904 15.564 
19.7925 15.5294 
19.89 15.4942 
19.9836 15.4591 
20.0725 15.4248 
20.1568 15.3905 
20.2366 15.3562 
20.3166 15.321 
20.3968 15.285 
20.4772 15.248 
20.5576 15.2111 
20.6748 15.1558 
20.7793 15.1062 
20.9827 15.0086 
21 15 

20.2071,0.958412,0.410887,"1;1.10167;1.20333;1.305;1.40666;1.50833;1.60999;1.71166;1.81332;1.91499;2.01666;2.11832;2.21999;2.32165;2.42332;2.52498;2.62601;2.7264;2.82616;2.92527;3.02375;3.12223;3.2207;3.31918;3.41766;3.51614;3.61462;3.71309;3.81157;3.91005;4.00853;4.10766;4.20744;4.30788;4.40897;4.51071;4.61246;4.7142;4.81594;4.91769;5.01943;5.12117;5.22291;5.32466;5.4264;5.52814;5.62936;5.73005;5.8302;5.92983;6.02893;6.12804;6.22714;6.32624;6.42534;6.52444;6.62354;6.72264;6.82174;6.92085;7.01743;7.11151;7.20307;7.29472;7.38646;7.4808;7.57884;7.68058;7.78342;7.88736;7.9924;8.09744;8.20193;8.30585;8.40921;8.51202;8.61464;8.71764;8.82102;8.92478;9.02903;9.13339;9.23787;9.34247;9.44717;9.55188;9.6565;9.76104;9.86549;9.96986;10.0751;10.1813;10.2884;10.3964;10.5054;10.6144;10.7225;10.8298;10.9361;11.0416;11.1466;11.2518;11.3573;11.463;11.5691;11.6758;11.783;11.8907;11.999;12.1079;12.2167;12.3255;12.4343;12.543;12.6517;12.757;12.8589;12.9573;13.0523;13.1439;13.2355;13.3284;13.4225;13.518;13.6147;13.7127;13.8107;13.9081;14.0049;14.101;14.1965;14.2988;14.4021;14.5065;14.612;14.7185;14.8188;14.9162;15.0109;15.1027;15.1918;15.2817;15.3754;15.4727;15.5738;15.6773;15.7798;15.881;15.98;16.0767;16.1722;16.2667;16.3601;16.4534;16.5468;16.6426;16.7408;16.8414;16.9444;17.0393;17.1365;17.2359;17.3376;17.4419;17.556;17.6673;17.7757;17.8804;17.981;18.0808;18.1797;18.2777;18.3789;18.4831;18.5905;18.6945;18.7952;18.8894;18.9833;19.0769;19.1747;19.2767;19.383;19.4866;19.5884;19.6904;19.7925;19.89;19.9836;20.0725;20.1568;20.2366;20.3166;20.3968;20.4772;20.5576;20.6748;20.7793;20.9827;21","15;15.0005;15.0011;15.0016;15.0021;15.0027;15.0032;15.0037;15.0042;15.0048;15.0053;15.0058;15.0064;15.0069;15.0074;15.008;15.0085;15.0089;15.0094;15.0098;15.0101;15.0105;15.0109;15.0113;15.0116;15.012;15.0124;15.0127;15.0131;15.0135;15.0139;15.0146;15.0156;15.017;15.0187;15.0207;15.0227;15.0248;15.0268;15.0288;15.0309;15.0329;15.0349;15.037;15.039;15.041;15.0432;15.0455;15.048;15.0507;15.0534;15.0562;15.059;15.0618;15.0645;15.0673;15.0701;15.0729;15.0757;15.0784;15.0812;15.084;15.0868;15.0898;15.093;15.0963;15.0997;15.1034;15.107;15.1107;15.1144;15.1182;15.1221;15.1263;15.1307;15.1354;15.1404;15.1456;15.1509;15.1564;15.1621;15.168;15.174;15.1802;15.1865;15.1928;15.1992;15.2057;15.2123;15.219;15.226;15.2333;15.2409;15.2486;15.2566;15.2647;15.2728;15.2811;15.2896;15.2982;15.3071;15.3161;15.3252;15.3345;15.3438;15.3534;15.3631;15.3731;15.3832;15.3935;15.4041;15.415;15.4262;15.4377;15.4495;15.461;15.472;15.4827;15.493;15.503;15.5129;15.5229;15.533;15.5432;15.5535;15.5639;15.5743;15.5851;15.5964;15.6081;15.6203;15.6339;15.6478;15.6622;15.6769;15.6919;15.7064;15.7206;15.7345;15.7483;15.7618;15.7756;15.7899;15.8048;15.8203;15.8361;15.8516;15.8668;15.8806;15.8929;15.904;15.9139;15.9225;15.9312;15.9399;15.9473;15.9535;15.9585;15.9622;15.9643;15.965;15.9644;15.9626;15.9594;15.9547;15.9493;15.9433;15.9357;15.9266;15.9166;15.9055;15.8935;15.8796;15.8637;15.8459;15.8269;15.8065;15.7867;15.7652;15.742;15.7165;15.6889;15.6591;15.6287;15.5971;15.564;15.5294;15.4942;15.4591;15.4248;15.3905;15.3562;15.321;15.285;15.248;15.2111;15.1558;15.1062;15.0086;15",0.958412,"0;1;0"
