1 15 
1.08772 14.9272 
1.17544 14.8543 
1.26315 14.7815 
1.35087 14.7086 
1.43859 14.6358 
1.52631 14.5629 
1.61378 14.492 
1.701 14.423 
1.78797 14.3558 
1.87469 14.2906 
1.96116 14.2273 
2.04763 14.164 
2.13411 14.1006 
2.22058 14.0373 
2.30705 13.974 
2.39352 13.9107 
2.48138 13.848 
2.57062 13.7859 
2.66125 13.7244 
2.75325 13.6635 
2.83673 13.6101 
2.91948 13.5583 
3.00151 13.5081 
3.08281 13.4596 
3.16338 13.4128 
3.25314 13.3608 
3.34291 13.3087 
3.43267 13.2567 
3.52243 13.2046 
3.61408 13.1529 
3.7076 13.1015 
3.80301 13.0504 
3.90029 12.9995 
3.99946 12.949 
4.09862 12.8985 
4.19779 12.848 
4.29752 12.7986 
4.39782 12.7501 
4.49869 12.7027 
4.60013 12.6564 
4.70214 12.611 
4.80415 12.5657 
4.90615 12.5204 
5.00593 12.4769 
5.10347 12.4354 
5.19879 12.3957 
5.29187 12.358 
5.38524 12.3219 
5.48111 12.2856 
5.5795 12.249 
5.6804 12.2122 
5.78382 12.1752 
5.89256 12.137 
6.00033 12.1 
6.10712 12.0644 
6.21292 12.0301 
6.31775 11.9971 
6.41626 11.9668 
6.51916 11.9356 
6.62645 11.9036 
6.73813 11.8708 
6.84929 11.8388 
6.95995 11.8078 
7.06579 11.7791 
7.16682 11.7528 
7.26303 11.7289 
7.35933 11.7057 
7.45572 11.6832 
7.55342 11.6613 
7.65244 11.6398 
7.75277 11.6188 
7.85443 11.5983 
7.95739 11.5784 
8.05989 11.559 
8.16193 11.5403 
8.26349 11.5221 
8.36732 11.5044 
8.47343 11.4872 
8.57969 11.4706 
8.68613 11.4548 
8.79273 11.4396 
8.89675 11.4254 
8.99782 11.4126 
9.0985 11.4005 
9.1988 11.389 
9.30231 11.378 
9.40902 11.3675 
9.51933 11.3567 
9.63322 11.3458 
9.75283 11.3351 
9.87455 11.3247 
9.99839 11.3147 
10.1223 11.3061 
10.2462 11.299 
10.368 11.2928 
10.4877 11.2878 
10.6053 11.2838 
10.7261 11.2807 
10.85 11.2785 
10.9743 11.2778 
11.0989 11.2787 
11.2239 11.2811 
11.3461 11.2842 
11.4655 11.2879 
11.5934 11.2924 
11.7279 11.2978 
11.8595 11.304 
11.9881 11.3109 
12.1159 11.3192 
12.2344 11.328 
12.3454 11.3372 
12.4585 11.347 
12.5691 11.3574 
12.675 11.3679 
12.7763 11.3783 
12.8636 11.3878 
12.9484 11.3978 
13.0354 11.4086 
13.1246 11.42 
13.2183 11.4326 
13.3245 11.4477 
13.4316 11.4638 
13.5396 11.4806 
13.6495 11.4992 
13.759 11.5189 
13.8694 11.5394 
13.9809 11.5607 
14.0934 11.5829 
14.2064 11.606 
14.32 11.63 
14.4342 11.6549 
14.5466 11.6808 
14.6571 11.7078 
14.7653 11.7348 
14.8711 11.762 
14.9746 11.7893 
15.078 11.8175 
15.1814 11.8465 
15.2847 11.8764 
15.3881 11.9072 
15.4914 11.9388 
15.5948 11.9704 
15.6981 12.0021 
15.8028 12.0351 
15.9089 12.0695 
16.0163 12.1052 
16.1251 12.1424 
16.2335 12.181 
16.3401 12.2198 
16.445 12.2586 
16.5481 12.2976 
16.6494 12.3366 
16.7491 12.3763 
16.8471 12.4166 
16.9435 12.4574 
17.0382 12.4989 
17.1312 12.5409 
17.2243 12.583 
17.3173 12.625 
17.4104 12.6671 
17.5034 12.7091 
17.5965 12.7512 
17.6895 12.7932 
17.7896 12.84 
17.8902 12.8888 
17.9913 12.9396 
18.093 12.9924 
18.1951 13.0472 
18.2907 13.0994 
18.3864 13.1515 
18.4823 13.2052 
18.5785 13.2606 
18.6751 13.3176 
18.772 13.3762 
18.8692 13.4364 
18.9664 13.4966 
19.0606 13.5559 
19.152 13.6142 
19.2404 13.6714 
19.3259 13.7278 
19.4085 13.7831 
19.4911 13.8384 
19.5737 13.8937 
19.6571 13.9504 
19.7412 14.0084 
19.8261 14.0678 
19.9104 14.128 
19.9943 14.1892 
20.0769 14.2499 
20.1582 14.3101 
20.2417 14.3742 
20.3287 14.4427 
20.4192 14.5155 
20.5131 14.5926 
20.6105 14.6741 
20.7078 14.7556 
20.8052 14.837 
20.9026 14.9185 
21 15 

21.8154,1.18277,0.350289,"1;1.08772;1.17544;1.26315;1.35087;1.43859;1.52631;1.61378;1.701;1.78797;1.87469;1.96116;2.04763;2.13411;2.22058;2.30705;2.39352;2.48138;2.57062;2.66125;2.75325;2.83673;2.91948;3.00151;3.08281;3.16338;3.25314;3.34291;3.43267;3.52243;3.61408;3.7076;3.80301;3.90029;3.99946;4.09862;4.19779;4.29752;4.39782;4.49869;4.60013;4.70214;4.80415;4.90615;5.00593;5.10347;5.19879;5.29187;5.38524;5.48111;5.5795;5.6804;5.78382;5.89256;6.00033;6.10712;6.21292;6.31775;6.41626;6.51916;6.62645;6.73813;6.84929;6.95995;7.06579;7.16682;7.26303;7.35933;7.45572;7.55342;7.65244;7.75277;7.85443;7.95739;8.05989;8.16193;8.26349;8.36732;8.47343;8.57969;8.68613;8.79273;8.89675;8.99782;9.0985;9.1988;9.30231;9.40902;9.51933;9.63322;9.75283;9.87455;9.99839;10.1223;10.2462;10.368;10.4877;10.6053;10.7261;10.85;10.9743;11.0989;11.2239;11.3461;11.4655;11.5934;11.7279;11.8595;11.9881;12.1159;12.2344;12.3454;12.4585;12.5691;12.675;12.7763;12.8636;12.9484;13.0354;13.1246;13.2183;13.3245;13.4316;13.5396;13.6495;13.759;13.8694;13.9809;14.0934;14.2064;14.32;14.4342;14.5466;14.6571;14.7653;14.8711;14.9746;15.078;15.1814;15.2847;15.3881;15.4914;15.5948;15.6981;15.8028;15.9089;16.0163;16.1251;16.2335;16.3401;16.445;16.5481;16.6494;16.7491;16.8471;16.9435;17.0382;17.1312;17.2243;17.3173;17.4104;17.5034;17.5965;17.6895;17.7896;17.8902;17.9913;18.093;18.1951;18.2907;18.3864;18.4823;18.5785;18.6751;18.772;18.8692;18.9664;19.0606;19.152;19.2404;19.3259;19.4085;19.4911;19.5737;19.6571;19.7412;19.8261;19.9104;19.9943;20.0769;20.1582;20.2417;20.3287;20.4192;20.5131;20.6105;20.7078;20.8052;20.9026;21","15;14.9272;14.8543;14.7815;14.7086;14.6358;14.5629;14.492;14.423;14.3558;14.2906;14.2273;14.164;14.1006;14.0373;13.974;13.9107;13.848;13.7859;13.7244;13.6635;13.6101;13.5583;13.5081;13.4596;13.4128;13.3608;13.3087;13.2567;13.2046;13.1529;13.1015;13.0504;12.9995;12.949;12.8985;12.848;12.7986;12.7501;12.7027;12.6564;12.611;12.5657;12.5204;12.4769;12.4354;12.3957;12.358;12.3219;12.2856;12.249;12.2122;12.1752;12.137;12.1;12.0644;12.0301;11.9971;11.9668;11.9356;11.9036;11.8708;11.8388;11.8078;11.7791;11.7528;11.7289;11.7057;11.6832;11.6613;11.6398;11.6188;11.5983;11.5784;11.559;11.5403;11.5221;11.5044;11.4872;11.4706;11.4548;11.4396;11.4254;11.4126;11.4005;11.389;11.378;11.3675;11.3567;11.3458;11.3351;11.3247;11.3147;11.3061;11.299;11.2928;11.2878;11.2838;11.2807;11.2785;11.2778;11.2787;11.2811;11.2842;11.2879;11.2924;11.2978;11.304;11.3109;11.3192;11.328;11.3372;11.347;11.3574;11.3679;11.3783;11.3878;11.3978;11.4086;11.42;11.4326;11.4477;11.4638;11.4806;11.4992;11.5189;11.5394;11.5607;11.5829;11.606;11.63;11.6549;11.6808;11.7078;11.7348;11.762;11.7893;11.8175;11.8465;11.8764;11.9072;11.9388;11.9704;12.0021;12.0351;12.0695;12.1052;12.1424;12.181;12.2198;12.2586;12.2976;12.3366;12.3763;12.4166;12.4574;12.4989;12.5409;12.583;12.625;12.6671;12.7091;12.7512;12.7932;12.84;12.8888;12.9396;12.9924;13.0472;13.0994;13.1515;13.2052;13.2606;13.3176;13.3762;13.4364;13.4966;13.5559;13.6142;13.6714;13.7278;13.7831;13.8384;13.8937;13.9504;14.0084;14.0678;14.128;14.1892;14.2499;14.3101;14.3742;14.4427;14.5155;14.5926;14.6741;14.7556;14.837;14.9185;15",0.350289,"0;0;1"
