1 15 
1.10365 15.0007 
1.2073 15.0014 
1.31095 15.002 
1.4146 15.0027 
1.51825 15.0034 
1.6219 15.0041 
1.72555 15.0047 
1.82919 15.0054 
1.93284 15.0061 
2.03649 15.0068 
2.14014 15.0075 
2.24379 15.0081 
2.34744 15.0088 
2.45109 15.0095 
2.55474 15.0102 
2.65725 15.0109 
2.75863 15.0116 
2.85887 15.0123 
2.95798 15.013 
3.05595 15.0138 
3.15392 15.0145 
3.25189 15.0152 
3.34987 15.016 
3.44784 15.0167 
3.54581 15.0175 
3.64378 15.0182 
3.74175 15.019 
3.83972 15.0197 
3.9393 15.0205 
4.04048 15.0214 
4.14327 15.0223 
4.24767 15.0233 
4.35367 15.0243 
4.45968 15.0254 
4.56568 15.0264 
4.67072 15.0277 
4.77479 15.0292 
4.87791 15.0309 
4.98006 15.0328 
5.08124 15.035 
5.18243 15.0372 
5.28361 15.0394 
5.3848 15.0416 
5.48234 15.0438 
5.57623 15.0461 
5.67132 15.0486 
5.76761 15.0514 
5.8651 15.0545 
5.96744 15.0577 
6.07462 15.0612 
6.18181 15.0646 
6.28923 15.0679 
6.39691 15.0709 
6.50483 15.0738 
6.61299 15.0765 
6.71987 15.0793 
6.82523 15.0823 
6.92905 15.0857 
7.03135 15.0894 
7.13212 15.0934 
7.2329 15.0974 
7.33367 15.1014 
7.43444 15.1054 
7.53559 15.1094 
7.63714 15.1134 
7.73906 15.1174 
7.84137 15.1214 
7.94407 15.1254 
8.04676 15.1293 
8.14946 15.1333 
8.25215 15.1373 
8.35558 15.1416 
8.45973 15.1461 
8.56461 15.1509 
8.67022 15.156 
8.77656 15.1614 
8.8829 15.1668 
8.98923 15.1722 
9.09557 15.1776 
9.20087 15.1832 
9.30512 15.189 
9.40833 15.1951 
9.5105 15.2014 
9.61163 15.2079 
9.71275 15.2144 
9.81388 15.2209 
9.91501 15.2275 
10.0161 15.234 
10.1158 15.2407 
10.2141 15.2475 
10.3109 15.2545 
10.4063 15.2617 
10.5003 15.2691 
10.5942 15.2764 
10.6882 15.2838 
10.7841 15.2914 
10.8819 15.2992 
10.9816 15.3072 
11.0832 15.3155 
11.1868 15.324 
11.2904 15.3325 
11.394 15.341 
11.4967 15.3498 
11.5985 15.3587 
11.6994 15.3678 
11.7995 15.3771 
11.8987 15.3867 
11.9979 15.3962 
12.0956 15.4056 
12.1919 15.415 
12.2868 15.4242 
12.3801 15.4333 
12.472 15.4424 
12.5639 15.4514 
12.6563 15.4608 
12.749 15.4704 
12.8423 15.4803 
12.9359 15.4905 
13.03 15.501 
13.1241 15.5115 
13.2188 15.5223 
13.3139 15.5335 
13.4095 15.545 
13.5057 15.5567 
13.6024 15.5688 
13.6991 15.5809 
13.7958 15.593 
13.8927 15.6052 
13.9898 15.6174 
14.0871 15.6297 
14.1866 15.6425 
14.2881 15.6557 
14.3916 15.6694 
14.497 15.6834 
14.6042 15.6979 
14.7136 15.7131 
14.8252 15.7292 
14.9357 15.7458 
15.0451 15.7629 
15.1534 15.7806 
15.2585 15.7979 
15.3604 15.8149 
15.462 15.8316 
15.5635 15.8478 
15.6647 15.8636 
15.7658 15.879 
15.8666 15.894 
15.9674 15.9089 
16.0679 15.9229 
16.1681 15.9359 
16.2665 15.9474 
16.3631 15.9574 
16.4579 15.9658 
16.5511 15.9737 
16.6481 15.9803 
16.7505 15.9864 
16.8543 15.9911 
16.9596 15.9942 
17.0663 15.996 
17.169 15.9969 
17.2678 15.997 
17.37 15.9957 
17.4755 15.9929 
17.5834 15.9881 
17.6936 15.9814 
17.8063 15.9728 
17.9161 15.9628 
18.0232 15.9515 
18.1285 15.9394 
18.2313 15.9256 
18.3314 15.9103 
18.4308 15.8941 
18.5308 15.8766 
18.6307 15.8571 
18.7312 15.8365 
18.8325 15.8148 
18.9369 15.7905 
19.0431 15.7642 
19.1454 15.7376 
19.2437 15.7107 
19.3379 15.6836 
19.4258 15.6576 
19.5073 15.6326 
19.5899 15.606 
19.6735 15.5777 
19.7582 15.5478 
19.844 15.5162 
19.9308 15.4829 
20.0176 15.4496 
20.109 15.4135 
20.2049 15.3747 
20.2986 15.3357 
20.3903 15.2964 
20.4798 15.2569 
20.567 15.2168 
20.6519 15.1761 
20.7546 15.1252 
20.8348 15.0852 
21 15 

20.218,0.958415,0.411677,"1;1.10365;1.2073;1.31095;1.4146;1.51825;1.6219;1.72555;1.82919;1.93284;2.03649;2.14014;2.24379;2.34744;2.45109;2.55474;2.65725;2.75863;2.85887;2.95798;3.05595;3.15392;3.25189;3.34987;3.44784;3.54581;3.64378;3.74175;3.83972;3.9393;4.04048;4.14327;4.24767;4.35367;4.45968;4.56568;4.67072;4.77479;4.87791;4.98006;5.08124;5.18243;5.28361;5.3848;5.48234;5.57623;5.67132;5.76761;5.8651;5.96744;6.07462;6.18181;6.28923;6.39691;6.50483;6.61299;6.71987;6.82523;6.92905;7.03135;7.13212;7.2329;7.33367;7.43444;7.53559;7.63714;7.73906;7.84137;7.94407;8.04676;8.14946;8.25215;8.35558;8.45973;8.56461;8.67022;8.77656;8.8829;8.98923;9.09557;9.20087;9.30512;9.40833;9.5105;9.61163;9.71275;9.81388;9.91501;10.0161;10.1158;10.2141;10.3109;10.4063;10.5003;10.5942;10.6882;10.7841;10.8819;10.9816;11.0832;11.1868;11.2904;11.394;11.4967;11.5985;11.6994;11.7995;11.8987;11.9979;12.0956;12.1919;12.2868;12.3801;12.472;12.5639;12.6563;12.749;12.8423;12.9359;13.03;13.1241;13.2188;13.3139;13.4095;13.5057;13.6024;13.6991;13.7958;13.8927;13.9898;14.0871;14.1866;14.2881;14.3916;14.497;14.6042;14.7136;14.8252;14.9357;15.0451;15.1534;15.2585;15.3604;15.462;15.5635;15.6647;15.7658;15.8666;15.9674;16.0679;16.1681;16.2665;16.3631;16.4579;16.5511;16.6481;16.7505;16.8543;16.9596;17.0663;17.169;17.2678;17.37;17.4755;17.5834;17.6936;17.8063;17.9161;18.0232;18.1285;18.2313;18.3314;18.4308;18.5308;18.6307;18.7312;18.8325;18.9369;19.0431;19.1454;19.2437;19.3379;19.4258;19.5073;19.5899;19.6735;19.7582;19.844;19.9308;20.0176;20.109;20.2049;20.2986;20.3903;20.4798;20.567;20.6519;20.7546;20.8348;21","15;15.0007;15.0014;15.002;15.0027;15.0034;15.0041;15.0047;15.0054;15.0061;15.0068;15.0075;15.0081;15.0088;15.0095;15.0102;15.0109;15.0116;15.0123;15.013;15.0138;15.0145;15.0152;15.016;15.0167;15.0175;15.0182;15.019;15.0197;15.0205;15.0214;15.0223;15.0233;15.0243;15.0254;15.0264;15.0277;15.0292;15.0309;15.0328;15.035;15.0372;15.0394;15.0416;15.0438;15.0461;15.0486;15.0514;15.0545;15.0577;15.0612;15.0646;15.0679;15.0709;15.0738;15.0765;15.0793;15.0823;15.0857;15.0894;15.0934;15.0974;15.1014;15.1054;15.1094;15.1134;15.1174;15.1214;15.1254;15.1293;15.1333;15.1373;15.1416;15.1461;15.1509;15.156;15.1614;15.1668;15.1722;15.1776;15.1832;15.189;15.1951;15.2014;15.2079;15.2144;15.2209;15.2275;15.234;15.2407;15.2475;15.2545;15.2617;15.2691;15.2764;15.2838;15.2914;15.2992;15.3072;15.3155;15.324;15.3325;15.341;15.3498;15.3587;15.3678;15.3771;15.3867;15.3962;15.4056;15.415;15.4242;15.4333;15.4424;15.4514;15.4608;15.4704;15.4803;15.4905;15.501;15.5115;15.5223;15.5335;15.545;15.5567;15.5688;15.5809;15.593;15.6052;15.6174;15.6297;15.6425;15.6557;15.6694;15.6834;15.6979;15.7131;15.7292;15.7458;15.7629;15.7806;15.7979;15.8149;15.8316;15.8478;15.8636;15.879;15.894;15.9089;15.9229;15.9359;15.9474;15.9574;15.9658;15.9737;15.9803;15.9864;15.9911;15.9942;15.996;15.9969;15.997;15.9957;15.9929;15.9881;15.9814;15.9728;15.9628;15.9515;15.9394;15.9256;15.9103;15.8941;15.8766;15.8571;15.8365;15.8148;15.7905;15.7642;15.7376;15.7107;15.6836;15.6576;15.6326;15.606;15.5777;15.5478;15.5162;15.4829;15.4496;15.4135;15.3747;15.3357;15.2964;15.2569;15.2168;15.1761;15.1252;15.0852;15",0.958415,"0;1;0"
