1 15 
1.10088 15.0007 
1.20177 15.0014 
1.30265 15.0021 
1.40353 15.0028 
1.50442 15.0035 
1.6053 15.0042 
1.70618 15.0049 
1.80707 15.0056 
1.90795 15.0063 
2.00883 15.007 
2.10972 15.0076 
2.2106 15.0083 
2.31148 15.009 
2.41237 15.0097 
2.51325 15.0104 
2.61413 15.0111 
2.71502 15.0118 
2.81655 15.0124 
2.91872 15.0128 
3.02153 15.0131 
3.12499 15.0133 
3.2291 15.0133 
3.33321 15.0134 
3.43731 15.0134 
3.54142 15.0135 
3.64552 15.0135 
3.74854 15.0136 
3.85047 15.0136 
3.95131 15.0137 
4.05107 15.0137 
4.14973 15.0137 
4.2484 15.0138 
4.34707 15.0138 
4.44574 15.0139 
4.54428 15.0138 
4.64271 15.0136 
4.74102 15.0134 
4.8392 15.013 
4.93727 15.0125 
5.03534 15.0121 
5.1334 15.0116 
5.23147 15.0111 
5.32953 15.0106 
5.4276 15.0102 
5.52678 15.0098 
5.62706 15.0096 
5.72845 15.0094 
5.83096 15.0094 
5.93457 15.0094 
6.03818 15.0095 
6.14179 15.0095 
6.2454 15.0096 
6.34902 15.0096 
6.45263 15.0097 
6.55624 15.0098 
6.65985 15.0098 
6.76714 15.01 
6.87812 15.0102 
6.98893 15.0104 
7.09958 15.0107 
7.21007 15.011 
7.31671 15.0113 
7.41952 15.0115 
7.52232 15.0117 
7.62512 15.0119 
7.72793 15.0121 
7.83073 15.0123 
7.93354 15.0125 
8.03634 15.0128 
8.13915 15.013 
8.24195 15.0132 
8.34438 15.0134 
8.44645 15.0136 
8.54814 15.0138 
8.64947 15.014 
8.75042 15.0142 
8.85138 15.0144 
8.95233 15.0146 
9.05329 15.0148 
9.15424 15.015 
9.25519 15.0153 
9.356 15.0154 
9.45667 15.0155 
9.55719 15.0154 
9.65756 15.0154 
9.75779 15.0152 
9.85802 15.0151 
9.95825 15.0149 
10.0585 15.0147 
10.1587 15.0146 
10.2589 15.0145 
10.359 15.0144 
10.4591 15.0143 
10.5592 15.0142 
10.6592 15.0142 
10.7592 15.0141 
10.8591 15.0141 
10.9591 15.014 
11.0591 15.014 
11.1591 15.014 
11.258 15.0138 
11.3556 15.0135 
11.4521 15.0132 
11.548 15.0128 
11.6436 15.0125 
11.7399 15.0124 
11.8368 15.0124 
11.9345 15.0126 
12.0322 15.0128 
12.1312 15.0129 
12.2314 15.0131 
12.3329 15.0132 
12.4357 15.0132 
12.5397 15.0133 
12.6438 15.0134 
12.7456 15.0133 
12.8454 15.0131 
12.943 15.0128 
13.0384 15.0124 
13.1317 15.0118 
13.2249 15.0112 
13.3182 15.0107 
13.4128 15.0102 
13.5087 15.0099 
13.606 15.0097 
13.7045 15.0097 
13.8044 15.0098 
13.9042 15.0098 
14.0041 15.0099 
14.104 15.01 
14.2038 15.01 
14.3037 15.0101 
14.4036 15.0102 
14.5034 15.0102 
14.6033 15.0103 
14.7026 15.0105 
14.8012 15.0109 
14.8993 15.0113 
14.9968 15.0119 
15.0938 15.0127 
15.1894 15.0132 
15.2836 15.0137 
15.3776 15.014 
15.4711 15.0142 
15.5643 15.0142 
15.6584 15.0143 
15.7534 15.0144 
15.8485 15.0144 
15.9435 15.0145 
16.0386 15.0146 
16.1336 15.0146 
16.2298 15.0146 
16.3271 15.0146 
16.4255 15.0145 
16.5251 15.0143 
16.6257 15.0141 
16.7264 15.0139 
16.8271 15.0137 
16.9277 15.0135 
17.0288 15.0134 
17.1303 15.0133 
17.2323 15.0133 
17.3347 15.0134 
17.4375 15.0136 
17.5403 15.0137 
17.6431 15.0139 
17.7459 15.0141 
17.8486 15.0141 
17.9512 15.0141 
18.0538 15.0139 
18.1563 15.0136 
18.2587 15.0131 
18.3611 15.0127 
18.4635 15.0123 
18.5659 15.0118 
18.6683 15.0114 
18.7704 15.0108 
18.8722 15.0101 
18.9737 15.0091 
19.0749 15.008 
19.1758 15.0068 
19.2767 15.0055 
19.377 15.0045 
19.4767 15.0037 
19.5759 15.0032 
19.6745 15.003 
19.7725 15.0031 
19.8705 15.0031 
19.9685 15.0031 
20.066 15.0031 
20.163 15.003 
20.2594 15.0028 
20.3554 15.0026 
20.4509 15.0022 
20.5464 15.0019 
20.649 15.0015 
20.7588 15.0011 
20.8686 15.0006 
21 15 

20.0001,0.959647,0.39258,"1;1.10088;1.20177;1.30265;1.40353;1.50442;1.6053;1.70618;1.80707;1.90795;2.00883;2.10972;2.2106;2.31148;2.41237;2.51325;2.61413;2.71502;2.81655;2.91872;3.02153;3.12499;3.2291;3.33321;3.43731;3.54142;3.64552;3.74854;3.85047;3.95131;4.05107;4.14973;4.2484;4.34707;4.44574;4.54428;4.64271;4.74102;4.8392;4.93727;5.03534;5.1334;5.23147;5.32953;5.4276;5.52678;5.62706;5.72845;5.83096;5.93457;6.03818;6.14179;6.2454;6.34902;6.45263;6.55624;6.65985;6.76714;6.87812;6.98893;7.09958;7.21007;7.31671;7.41952;7.52232;7.62512;7.72793;7.83073;7.93354;8.03634;8.13915;8.24195;8.34438;8.44645;8.54814;8.64947;8.75042;8.85138;8.95233;9.05329;9.15424;9.25519;9.356;9.45667;9.55719;9.65756;9.75779;9.85802;9.95825;10.0585;10.1587;10.2589;10.359;10.4591;10.5592;10.6592;10.7592;10.8591;10.9591;11.0591;11.1591;11.258;11.3556;11.4521;11.548;11.6436;11.7399;11.8368;11.9345;12.0322;12.1312;12.2314;12.3329;12.4357;12.5397;12.6438;12.7456;12.8454;12.943;13.0384;13.1317;13.2249;13.3182;13.4128;13.5087;13.606;13.7045;13.8044;13.9042;14.0041;14.104;14.2038;14.3037;14.4036;14.5034;14.6033;14.7026;14.8012;14.8993;14.9968;15.0938;15.1894;15.2836;15.3776;15.4711;15.5643;15.6584;15.7534;15.8485;15.9435;16.0386;16.1336;16.2298;16.3271;16.4255;16.5251;16.6257;16.7264;16.8271;16.9277;17.0288;17.1303;17.2323;17.3347;17.4375;17.5403;17.6431;17.7459;17.8486;17.9512;18.0538;18.1563;18.2587;18.3611;18.4635;18.5659;18.6683;18.7704;18.8722;18.9737;19.0749;19.1758;19.2767;19.377;19.4767;19.5759;19.6745;19.7725;19.8705;19.9685;20.066;20.163;20.2594;20.3554;20.4509;20.5464;20.649;20.7588;20.8686;21","15;15.0007;15.0014;15.0021;15.0028;15.0035;15.0042;15.0049;15.0056;15.0063;15.007;15.0076;15.0083;15.009;15.0097;15.0104;15.0111;15.0118;15.0124;15.0128;15.0131;15.0133;15.0133;15.0134;15.0134;15.0135;15.0135;15.0136;15.0136;15.0137;15.0137;15.0137;15.0138;15.0138;15.0139;15.0138;15.0136;15.0134;15.013;15.0125;15.0121;15.0116;15.0111;15.0106;15.0102;15.0098;15.0096;15.0094;15.0094;15.0094;15.0095;15.0095;15.0096;15.0096;15.0097;15.0098;15.0098;15.01;15.0102;15.0104;15.0107;15.011;15.0113;15.0115;15.0117;15.0119;15.0121;15.0123;15.0125;15.0128;15.013;15.0132;15.0134;15.0136;15.0138;15.014;15.0142;15.0144;15.0146;15.0148;15.015;15.0153;15.0154;15.0155;15.0154;15.0154;15.0152;15.0151;15.0149;15.0147;15.0146;15.0145;15.0144;15.0143;15.0142;15.0142;15.0141;15.0141;15.014;15.014;15.014;15.0138;15.0135;15.0132;15.0128;15.0125;15.0124;15.0124;15.0126;15.0128;15.0129;15.0131;15.0132;15.0132;15.0133;15.0134;15.0133;15.0131;15.0128;15.0124;15.0118;15.0112;15.0107;15.0102;15.0099;15.0097;15.0097;15.0098;15.0098;15.0099;15.01;15.01;15.0101;15.0102;15.0102;15.0103;15.0105;15.0109;15.0113;15.0119;15.0127;15.0132;15.0137;15.014;15.0142;15.0142;15.0143;15.0144;15.0144;15.0145;15.0146;15.0146;15.0146;15.0146;15.0145;15.0143;15.0141;15.0139;15.0137;15.0135;15.0134;15.0133;15.0133;15.0134;15.0136;15.0137;15.0139;15.0141;15.0141;15.0141;15.0139;15.0136;15.0131;15.0127;15.0123;15.0118;15.0114;15.0108;15.0101;15.0091;15.008;15.0068;15.0055;15.0045;15.0037;15.0032;15.003;15.0031;15.0031;15.0031;15.0031;15.003;15.0028;15.0026;15.0022;15.0019;15.0015;15.0011;15.0006;15",20.0001,"1;0;0"
