1 15 
1.10319 15.0008 
1.20639 15.0015 
1.30958 15.0023 
1.41278 15.0031 
1.51597 15.0038 
1.61917 15.0046 
1.72236 15.0053 
1.82556 15.0061 
1.92875 15.0069 
2.03194 15.0076 
2.13514 15.0084 
2.23833 15.0092 
2.33901 15.0097 
2.43718 15.0101 
2.53284 15.0103 
2.62599 15.0102 
2.71924 15.01 
2.81511 15.0099 
2.9136 15.0098 
3.0147 15.0098 
3.11843 15.0098 
3.22216 15.0098 
3.32588 15.0098 
3.42961 15.0098 
3.53291 15.0097 
3.63579 15.0096 
3.73825 15.0095 
3.84029 15.0093 
3.94191 15.0091 
4.04353 15.0088 
4.14515 15.0086 
4.24677 15.0084 
4.34839 15.0081 
4.45001 15.0079 
4.5519 15.0077 
4.65406 15.0076 
4.7565 15.0076 
4.8592 15.0076 
4.96218 15.0078 
5.06516 15.0079 
5.16814 15.008 
5.27112 15.0081 
5.37409 15.0082 
5.47707 15.0083 
5.57986 15.0084 
5.68247 15.0086 
5.78489 15.0087 
5.88712 15.0089 
5.98916 15.0091 
6.0912 15.0094 
6.19325 15.0096 
6.29529 15.0098 
6.39733 15.01 
6.49938 15.0102 
6.60234 15.0105 
6.70622 15.0108 
6.81103 15.0111 
6.91675 15.0115 
7.02174 15.0118 
7.12506 15.012 
7.22672 15.0121 
7.32672 15.012 
7.42506 15.0119 
7.52339 15.0118 
7.62173 15.0116 
7.72007 15.0115 
7.81841 15.0114 
7.91675 15.0112 
8.01509 15.0111 
8.11395 15.0111 
8.21335 15.0112 
8.31328 15.0114 
8.41373 15.0117 
8.51472 15.0122 
8.6157 15.0127 
8.71835 15.0132 
8.82266 15.0139 
8.92863 15.0146 
9.03626 15.0155 
9.14532 15.0163 
9.25415 15.017 
9.36274 15.0175 
9.4711 15.0178 
9.56874 15.0182 
9.66473 15.0184 
9.75908 15.0184 
9.8518 15.0182 
9.94287 15.0178 
10.0428 15.0171 
10.1427 15.0163 
10.2426 15.0156 
10.3425 15.0148 
10.4424 15.014 
10.5423 15.0133 
10.6423 15.0125 
10.7422 15.0117 
10.8421 15.011 
10.942 15.0102 
11.0419 15.0094 
11.1418 15.0087 
11.2417 15.0079 
11.3402 15.0072 
11.4373 15.0065 
11.5329 15.0059 
11.627 15.0053 
11.7197 15.0048 
11.8125 15.0043 
11.9052 15.0037 
11.9997 15.0033 
12.0961 15.0031 
12.1944 15.0029 
12.2945 15.0029 
12.3964 15.003 
12.4983 15.0031 
12.6003 15.0032 
12.7022 15.0033 
12.8041 15.0034 
12.9061 15.0035 
13.008 15.0036 
13.1099 15.0037 
13.2118 15.0038 
13.3125 15.004 
13.412 15.0043 
13.5102 15.0048 
13.6072 15.0053 
13.703 15.006 
13.7987 15.0067 
13.8945 15.0074 
13.9902 15.008 
14.086 15.0087 
14.1822 15.0092 
14.2788 15.0096 
14.376 15.0097 
14.4735 15.0097 
14.5716 15.0095 
14.6696 15.0093 
14.7677 15.0091 
14.8656 15.009 
14.9633 15.009 
15.0608 15.0091 
15.1581 15.0092 
15.256 15.0093 
15.3547 15.0093 
15.4541 15.0092 
15.5542 15.009 
15.6552 15.0086 
15.7561 15.0083 
15.857 15.008 
15.9579 15.0076 
16.0587 15.0073 
16.1594 15.0071 
16.26 15.007 
16.3604 15.0069 
16.4608 15.0068 
16.5611 15.0068 
16.6614 15.0067 
16.7612 15.0067 
16.8603 15.0065 
16.9589 15.0064 
17.0568 15.0062 
17.1542 15.0059 
17.2517 15.0057 
17.3493 15.0054 
17.4471 15.005 
17.545 15.0047 
17.643 15.0043 
17.7411 15.0039 
17.8391 15.0035 
17.9372 15.0032 
18.0352 15.0028 
18.1346 15.0025 
18.2355 15.0022 
18.3377 15.0021 
18.4409 15.0018 
18.5453 15.0016 
18.6494 15.0011 
18.7531 15.0006 
18.8565 14.9999 
18.9599 14.9993 
19.0633 14.9986 
19.1668 14.9979 
19.2687 14.9972 
19.3692 14.9966 
19.4682 14.9959 
19.5658 14.9953 
19.6618 14.9947 
19.7579 14.9941 
19.854 14.9934 
19.9501 14.9928 
20.0461 14.9922 
20.1448 14.9919 
20.2459 14.9921 
20.3497 14.9926 
20.4559 14.9935 
20.5647 14.9948 
20.6736 14.9961 
20.7824 14.9974 
20.8912 14.9987 
21 15 

20.0002,0.959677,0.392427,"1;1.10319;1.20639;1.30958;1.41278;1.51597;1.61917;1.72236;1.82556;1.92875;2.03194;2.13514;2.23833;2.33901;2.43718;2.53284;2.62599;2.71924;2.81511;2.9136;3.0147;3.11843;3.22216;3.32588;3.42961;3.53291;3.63579;3.73825;3.84029;3.94191;4.04353;4.14515;4.24677;4.34839;4.45001;4.5519;4.65406;4.7565;4.8592;4.96218;5.06516;5.16814;5.27112;5.37409;5.47707;5.57986;5.68247;5.78489;5.88712;5.98916;6.0912;6.19325;6.29529;6.39733;6.49938;6.60234;6.70622;6.81103;6.91675;7.02174;7.12506;7.22672;7.32672;7.42506;7.52339;7.62173;7.72007;7.81841;7.91675;8.01509;8.11395;8.21335;8.31328;8.41373;8.51472;8.6157;8.71835;8.82266;8.92863;9.03626;9.14532;9.25415;9.36274;9.4711;9.56874;9.66473;9.75908;9.8518;9.94287;10.0428;10.1427;10.2426;10.3425;10.4424;10.5423;10.6423;10.7422;10.8421;10.942;11.0419;11.1418;11.2417;11.3402;11.4373;11.5329;11.627;11.7197;11.8125;11.9052;11.9997;12.0961;12.1944;12.2945;12.3964;12.4983;12.6003;12.7022;12.8041;12.9061;13.008;13.1099;13.2118;13.3125;13.412;13.5102;13.6072;13.703;13.7987;13.8945;13.9902;14.086;14.1822;14.2788;14.376;14.4735;14.5716;14.6696;14.7677;14.8656;14.9633;15.0608;15.1581;15.256;15.3547;15.4541;15.5542;15.6552;15.7561;15.857;15.9579;16.0587;16.1594;16.26;16.3604;16.4608;16.5611;16.6614;16.7612;16.8603;16.9589;17.0568;17.1542;17.2517;17.3493;17.4471;17.545;17.643;17.7411;17.8391;17.9372;18.0352;18.1346;18.2355;18.3377;18.4409;18.5453;18.6494;18.7531;18.8565;18.9599;19.0633;19.1668;19.2687;19.3692;19.4682;19.5658;19.6618;19.7579;19.854;19.9501;20.0461;20.1448;20.2459;20.3497;20.4559;20.5647;20.6736;20.7824;20.8912;21","15;15.0008;15.0015;15.0023;15.0031;15.0038;15.0046;15.0053;15.0061;15.0069;15.0076;15.0084;15.0092;15.0097;15.0101;15.0103;15.0102;15.01;15.0099;15.0098;15.0098;15.0098;15.0098;15.0098;15.0098;15.0097;15.0096;15.0095;15.0093;15.0091;15.0088;15.0086;15.0084;15.0081;15.0079;15.0077;15.0076;15.0076;15.0076;15.0078;15.0079;15.008;15.0081;15.0082;15.0083;15.0084;15.0086;15.0087;15.0089;15.0091;15.0094;15.0096;15.0098;15.01;15.0102;15.0105;15.0108;15.0111;15.0115;15.0118;15.012;15.0121;15.012;15.0119;15.0118;15.0116;15.0115;15.0114;15.0112;15.0111;15.0111;15.0112;15.0114;15.0117;15.0122;15.0127;15.0132;15.0139;15.0146;15.0155;15.0163;15.017;15.0175;15.0178;15.0182;15.0184;15.0184;15.0182;15.0178;15.0171;15.0163;15.0156;15.0148;15.014;15.0133;15.0125;15.0117;15.011;15.0102;15.0094;15.0087;15.0079;15.0072;15.0065;15.0059;15.0053;15.0048;15.0043;15.0037;15.0033;15.0031;15.0029;15.0029;15.003;15.0031;15.0032;15.0033;15.0034;15.0035;15.0036;15.0037;15.0038;15.004;15.0043;15.0048;15.0053;15.006;15.0067;15.0074;15.008;15.0087;15.0092;15.0096;15.0097;15.0097;15.0095;15.0093;15.0091;15.009;15.009;15.0091;15.0092;15.0093;15.0093;15.0092;15.009;15.0086;15.0083;15.008;15.0076;15.0073;15.0071;15.007;15.0069;15.0068;15.0068;15.0067;15.0067;15.0065;15.0064;15.0062;15.0059;15.0057;15.0054;15.005;15.0047;15.0043;15.0039;15.0035;15.0032;15.0028;15.0025;15.0022;15.0021;15.0018;15.0016;15.0011;15.0006;14.9999;14.9993;14.9986;14.9979;14.9972;14.9966;14.9959;14.9953;14.9947;14.9941;14.9934;14.9928;14.9922;14.9919;14.9921;14.9926;14.9935;14.9948;14.9961;14.9974;14.9987;15",20.0002,"1;0;0"
