1 15 
1.03077 14.875 
1.06153 14.7499 
1.0923 14.6249 
1.12306 14.4998 
1.15383 14.3748 
1.18459 14.2498 
1.21536 14.1247 
1.24612 13.9997 
1.27689 13.8746 
1.30765 13.7496 
1.33842 13.6246 
1.36919 13.4995 
1.40546 13.3753 
1.44724 13.252 
1.49453 13.1295 
1.54733 13.0079 
1.60564 12.8871 
1.66394 12.7663 
1.72398 12.6499 
1.78576 12.5379 
1.84926 12.4303 
1.9145 12.3271 
1.98147 12.2282 
2.04845 12.1294 
2.11542 12.0305 
2.18672 11.9329 
2.26234 11.8363 
2.3423 11.7409 
2.42657 11.6466 
2.51518 11.5535 
2.60485 11.4629 
2.69559 11.3748 
2.78739 11.2892 
2.88025 11.2061 
2.97595 11.1282 
3.0734 11.0529 
3.17262 10.9804 
3.27361 10.9105 
3.37635 10.8433 
3.4791 10.7761 
3.58856 10.708 
3.70475 10.639 
3.82265 10.5736 
3.94227 10.5118 
4.0636 10.4536 
4.17994 10.3999 
4.29127 10.3506 
4.40261 10.3014 
4.51394 10.2521 
4.62528 10.2029 
4.74061 10.1543 
4.85993 10.1066 
4.98324 10.0596 
5.11054 10.0133 
5.23834 9.9703 
5.36263 9.92981 
5.48342 9.89183 
5.60071 9.85636 
5.71878 9.82486 
5.84112 9.79482 
5.96774 9.76624 
6.09864 9.73911 
6.23381 9.71343 
6.36899 9.68776 
6.50001 9.6634 
6.62689 9.64035 
6.74961 9.61862 
6.86819 9.5982 
6.98261 9.57908 
7.09656 9.56037 
7.21002 9.54204 
7.32299 9.5241 
7.43549 9.50656 
7.55189 9.48985 
7.67266 9.47358 
7.79782 9.45774 
7.92385 9.4433 
8.05076 9.43026 
8.17417 9.41817 
8.29406 9.40704 
8.41045 9.39686 
8.52797 9.38697 
8.64661 9.37735 
8.76639 9.36802 
8.88729 9.35897 
9.00932 9.3502 
9.13135 9.34143 
9.25491 9.33343 
9.38001 9.32621 
9.50665 9.31975 
9.63482 9.31407 
9.76453 9.30917 
9.89746 9.30455 
10.0336 9.30022 
10.173 9.29618 
10.3112 9.29268 
10.4482 9.28972 
10.5808 9.28702 
10.7091 9.28457 
10.8329 9.28238 
10.9567 9.28018 
11.0806 9.27798 
11.2044 9.27579 
11.3306 9.27474 
11.4592 9.27485 
11.5901 9.2761 
11.7234 9.2785 
11.859 9.28206 
11.9947 9.28561 
12.1303 9.28916 
12.2628 9.29311 
12.3922 9.29746 
12.5184 9.3022 
12.6416 9.30734 
12.7616 9.31287 
12.8816 9.31841 
13.0025 9.32515 
13.1245 9.33311 
13.2474 9.34228 
13.3712 9.35266 
13.4961 9.36426 
13.6209 9.37585 
13.7457 9.38745 
13.8715 9.4001 
13.9983 9.41382 
14.1261 9.42859 
14.2549 9.44442 
14.3847 9.46132 
14.5144 9.47821 
14.6445 9.49593 
14.7748 9.51449 
14.9053 9.53387 
15.0347 9.55507 
15.163 9.5781 
15.2899 9.60212 
15.4154 9.62714 
15.5395 9.65315 
15.6444 9.67524 
15.7501 9.69872 
15.8565 9.72359 
15.9635 9.74986 
16.0713 9.77752 
16.1988 9.81049 
16.3263 9.84347 
16.4529 9.87858 
16.5786 9.91584 
16.7033 9.95523 
16.8272 9.99677 
16.9501 10.0404 
17.073 10.0841 
17.1732 10.1197 
17.2756 10.1589 
17.3803 10.2016 
17.4873 10.248 
17.5966 10.2979 
17.7309 10.3595 
17.86 10.4213 
17.984 10.4836 
18.1028 10.5461 
18.2165 10.6089 
18.325 10.6721 
18.4354 10.739 
18.5477 10.8095 
18.6616 10.8845 
18.7769 10.9639 
18.8938 11.0478 
19.009 11.135 
19.1227 11.2256 
19.2352 11.3188 
19.3465 11.4147 
19.4526 11.5129 
19.5546 11.6108 
19.6526 11.7082 
19.7466 11.8054 
19.8394 11.9087 
19.9351 12.0186 
20.0253 12.1328 
20.11 12.2513 
20.1893 12.3742 
20.2602 12.4948 
20.3227 12.6132 
20.3852 12.7316 
20.4477 12.85 
20.5038 12.972 
20.5535 13.0977 
20.5968 13.227 
20.6338 13.36 
20.6643 13.4967 
20.6948 13.6334 
20.7253 13.77 
20.7558 13.9067 
20.7864 14.0434 
20.8169 14.18 
20.8474 14.3167 
20.8779 14.4533 
20.9084 14.59 
20.939 14.7267 
20.9695 14.8633 
21 15 

25.6831,2.31764,0.422187,"1;1.03077;1.06153;1.0923;1.12306;1.15383;1.18459;1.21536;1.24612;1.27689;1.30765;1.33842;1.36919;1.40546;1.44724;1.49453;1.54733;1.60564;1.66394;1.72398;1.78576;1.84926;1.9145;1.98147;2.04845;2.11542;2.18672;2.26234;2.3423;2.42657;2.51518;2.60485;2.69559;2.78739;2.88025;2.97595;3.0734;3.17262;3.27361;3.37635;3.4791;3.58856;3.70475;3.82265;3.94227;4.0636;4.17994;4.29127;4.40261;4.51394;4.62528;4.74061;4.85993;4.98324;5.11054;5.23834;5.36263;5.48342;5.60071;5.71878;5.84112;5.96774;6.09864;6.23381;6.36899;6.50001;6.62689;6.74961;6.86819;6.98261;7.09656;7.21002;7.32299;7.43549;7.55189;7.67266;7.79782;7.92385;8.05076;8.17417;8.29406;8.41045;8.52797;8.64661;8.76639;8.88729;9.00932;9.13135;9.25491;9.38001;9.50665;9.63482;9.76453;9.89746;10.0336;10.173;10.3112;10.4482;10.5808;10.7091;10.8329;10.9567;11.0806;11.2044;11.3306;11.4592;11.5901;11.7234;11.859;11.9947;12.1303;12.2628;12.3922;12.5184;12.6416;12.7616;12.8816;13.0025;13.1245;13.2474;13.3712;13.4961;13.6209;13.7457;13.8715;13.9983;14.1261;14.2549;14.3847;14.5144;14.6445;14.7748;14.9053;15.0347;15.163;15.2899;15.4154;15.5395;15.6444;15.7501;15.8565;15.9635;16.0713;16.1988;16.3263;16.4529;16.5786;16.7033;16.8272;16.9501;17.073;17.1732;17.2756;17.3803;17.4873;17.5966;17.7309;17.86;17.984;18.1028;18.2165;18.325;18.4354;18.5477;18.6616;18.7769;18.8938;19.009;19.1227;19.2352;19.3465;19.4526;19.5546;19.6526;19.7466;19.8394;19.9351;20.0253;20.11;20.1893;20.2602;20.3227;20.3852;20.4477;20.5038;20.5535;20.5968;20.6338;20.6643;20.6948;20.7253;20.7558;20.7864;20.8169;20.8474;20.8779;20.9084;20.939;20.9695;21","15;14.875;14.7499;14.6249;14.4998;14.3748;14.2498;14.1247;13.9997;13.8746;13.7496;13.6246;13.4995;13.3753;13.252;13.1295;13.0079;12.8871;12.7663;12.6499;12.5379;12.4303;12.3271;12.2282;12.1294;12.0305;11.9329;11.8363;11.7409;11.6466;11.5535;11.4629;11.3748;11.2892;11.2061;11.1282;11.0529;10.9804;10.9105;10.8433;10.7761;10.708;10.639;10.5736;10.5118;10.4536;10.3999;10.3506;10.3014;10.2521;10.2029;10.1543;10.1066;10.0596;10.0133;9.9703;9.92981;9.89183;9.85636;9.82486;9.79482;9.76624;9.73911;9.71343;9.68776;9.6634;9.64035;9.61862;9.5982;9.57908;9.56037;9.54204;9.5241;9.50656;9.48985;9.47358;9.45774;9.4433;9.43026;9.41817;9.40704;9.39686;9.38697;9.37735;9.36802;9.35897;9.3502;9.34143;9.33343;9.32621;9.31975;9.31407;9.30917;9.30455;9.30022;9.29618;9.29268;9.28972;9.28702;9.28457;9.28238;9.28018;9.27798;9.27579;9.27474;9.27485;9.2761;9.2785;9.28206;9.28561;9.28916;9.29311;9.29746;9.3022;9.30734;9.31287;9.31841;9.32515;9.33311;9.34228;9.35266;9.36426;9.37585;9.38745;9.4001;9.41382;9.42859;9.44442;9.46132;9.47821;9.49593;9.51449;9.53387;9.55507;9.5781;9.60212;9.62714;9.65315;9.67524;9.69872;9.72359;9.74986;9.77752;9.81049;9.84347;9.87858;9.91584;9.95523;9.99677;10.0404;10.0841;10.1197;10.1589;10.2016;10.248;10.2979;10.3595;10.4213;10.4836;10.5461;10.6089;10.6721;10.739;10.8095;10.8845;10.9639;11.0478;11.135;11.2256;11.3188;11.4147;11.5129;11.6108;11.7082;11.8054;11.9087;12.0186;12.1328;12.2513;12.3742;12.4948;12.6132;12.7316;12.85;12.972;13.0977;13.227;13.36;13.4967;13.6334;13.77;13.9067;14.0434;14.18;14.3167;14.4533;14.59;14.7267;14.8633;15",0.422187,"0;0;1"
