1 15 
1.08237 14.9328 
1.16473 14.8656 
1.2471 14.7983 
1.32947 14.7311 
1.41184 14.6639 
1.4942 14.5967 
1.57657 14.5295 
1.65894 14.4623 
1.74131 14.395 
1.82455 14.3288 
1.90867 14.2635 
1.99366 14.1992 
2.07953 14.1358 
2.16627 14.0733 
2.25485 14.0111 
2.34525 13.949 
2.43748 13.887 
2.53154 13.8252 
2.62743 13.7635 
2.72331 13.7018 
2.8192 13.6402 
2.91462 13.5798 
3.00958 13.5207 
3.10408 13.4629 
3.19812 13.4064 
3.29169 13.3512 
3.38526 13.296 
3.47883 13.2408 
3.57214 13.1871 
3.66518 13.1351 
3.75795 13.0846 
3.85046 13.0357 
3.9427 12.9884 
4.03494 12.9411 
4.12719 12.8938 
4.21943 12.8465 
4.31247 12.7999 
4.40632 12.7538 
4.50096 12.7085 
4.59641 12.6637 
4.69266 12.6196 
4.78854 12.5765 
4.88407 12.5343 
4.97929 12.4939 
5.07422 12.4551 
5.16885 12.4181 
5.26355 12.3818 
5.35831 12.3463 
5.45325 12.311 
5.54836 12.276 
5.64365 12.2413 
5.73911 12.2068 
5.84001 12.1715 
5.94616 12.1352 
6.05756 12.0978 
6.17133 12.0605 
6.28748 12.0233 
6.40073 11.9873 
6.51174 11.9535 
6.62052 11.9219 
6.72996 11.8914 
6.84005 11.8619 
6.95079 11.8335 
7.06153 11.8052 
7.17227 11.7768 
7.28221 11.7498 
7.39136 11.7241 
7.49971 11.6998 
7.60727 11.6769 
7.71403 11.6554 
7.82078 11.6338 
7.92754 11.6122 
8.03279 11.5918 
8.13653 11.5724 
8.23876 11.5541 
8.33949 11.537 
8.4387 11.5209 
8.53792 11.5048 
8.63881 11.4894 
8.74137 11.4748 
8.84561 11.4608 
8.95153 11.4476 
9.05913 11.435 
9.1654 11.4232 
9.27035 11.4122 
9.37398 11.402 
9.47629 11.3925 
9.57728 11.3838 
9.67826 11.375 
9.77948 11.367 
9.88092 11.3597 
9.9826 11.353 
10.0841 11.3473 
10.1855 11.3426 
10.2924 11.3385 
10.4048 11.3351 
10.5217 11.3327 
10.6433 11.3309 
10.7699 11.3298 
10.8869 11.3293 
10.9946 11.3295 
11.099 11.3303 
11.2003 11.3317 
11.2984 11.3336 
11.4016 11.3357 
11.51 11.3381 
11.6143 11.3407 
11.7145 11.3436 
11.8194 11.3475 
11.9292 11.3522 
12.0417 11.3584 
12.1609 11.3657 
12.2834 11.3743 
12.4002 11.3835 
12.5114 11.3933 
12.6191 11.4032 
12.733 11.4148 
12.8476 11.4271 
12.963 11.4401 
13.0792 11.4538 
13.1961 11.4681 
13.306 11.4825 
13.4177 11.498 
13.5306 11.5154 
13.6447 11.5347 
13.7599 11.556 
13.8746 11.5782 
13.9886 11.6013 
14.1026 11.6244 
14.2166 11.6476 
14.3306 11.6707 
14.4433 11.6947 
14.5547 11.7195 
14.6649 11.7452 
14.7737 11.7717 
14.8812 11.7991 
14.9888 11.8265 
15.0963 11.8538 
15.2039 11.8812 
15.3121 11.9097 
15.4196 11.9392 
15.5263 11.9697 
15.6322 12.0012 
15.7374 12.0338 
15.8411 12.0662 
15.9427 12.0986 
16.0422 12.1307 
16.1413 12.1642 
16.24 12.1991 
16.3383 12.2353 
16.4383 12.273 
16.54 12.3123 
16.6418 12.3516 
16.7447 12.3922 
16.8488 12.4343 
16.9541 12.4777 
17.0607 12.5225 
17.1684 12.5687 
17.2762 12.6149 
17.3821 12.6612 
17.4862 12.7074 
17.5883 12.7545 
17.6885 12.8024 
17.7866 12.8512 
17.8845 12.9007 
17.9822 12.9511 
18.0798 13.0014 
18.1775 13.0517 
18.2734 13.1022 
18.3675 13.1529 
18.4597 13.2038 
18.5502 13.2549 
18.6402 13.3077 
18.7316 13.362 
18.8243 13.4177 
18.9185 13.475 
19.0141 13.5337 
19.1097 13.5924 
19.2052 13.6512 
19.3013 13.7115 
19.3978 13.7733 
19.4947 13.8368 
19.5922 13.9018 
19.6896 13.9684 
19.7866 14.0351 
19.8805 14.1013 
19.9716 14.167 
20.0596 14.2321 
20.1452 14.2967 
20.2282 14.3607 
20.3113 14.4247 
20.3944 14.4887 
20.4734 14.5501 
20.5485 14.609 
20.6278 14.6738 
20.7115 14.7445 
20.7994 14.8212 
20.8955 14.9063 
21 15 

21.789,1.17963,0.350292,"1;1.08237;1.16473;1.2471;1.32947;1.41184;1.4942;1.57657;1.65894;1.74131;1.82455;1.90867;1.99366;2.07953;2.16627;2.25485;2.34525;2.43748;2.53154;2.62743;2.72331;2.8192;2.91462;3.00958;3.10408;3.19812;3.29169;3.38526;3.47883;3.57214;3.66518;3.75795;3.85046;3.9427;4.03494;4.12719;4.21943;4.31247;4.40632;4.50096;4.59641;4.69266;4.78854;4.88407;4.97929;5.07422;5.16885;5.26355;5.35831;5.45325;5.54836;5.64365;5.73911;5.84001;5.94616;6.05756;6.17133;6.28748;6.40073;6.51174;6.62052;6.72996;6.84005;6.95079;7.06153;7.17227;7.28221;7.39136;7.49971;7.60727;7.71403;7.82078;7.92754;8.03279;8.13653;8.23876;8.33949;8.4387;8.53792;8.63881;8.74137;8.84561;8.95153;9.05913;9.1654;9.27035;9.37398;9.47629;9.57728;9.67826;9.77948;9.88092;9.9826;10.0841;10.1855;10.2924;10.4048;10.5217;10.6433;10.7699;10.8869;10.9946;11.099;11.2003;11.2984;11.4016;11.51;11.6143;11.7145;11.8194;11.9292;12.0417;12.1609;12.2834;12.4002;12.5114;12.6191;12.733;12.8476;12.963;13.0792;13.1961;13.306;13.4177;13.5306;13.6447;13.7599;13.8746;13.9886;14.1026;14.2166;14.3306;14.4433;14.5547;14.6649;14.7737;14.8812;14.9888;15.0963;15.2039;15.3121;15.4196;15.5263;15.6322;15.7374;15.8411;15.9427;16.0422;16.1413;16.24;16.3383;16.4383;16.54;16.6418;16.7447;16.8488;16.9541;17.0607;17.1684;17.2762;17.3821;17.4862;17.5883;17.6885;17.7866;17.8845;17.9822;18.0798;18.1775;18.2734;18.3675;18.4597;18.5502;18.6402;18.7316;18.8243;18.9185;19.0141;19.1097;19.2052;19.3013;19.3978;19.4947;19.5922;19.6896;19.7866;19.8805;19.9716;20.0596;20.1452;20.2282;20.3113;20.3944;20.4734;20.5485;20.6278;20.7115;20.7994;20.8955;21","15;14.9328;14.8656;14.7983;14.7311;14.6639;14.5967;14.5295;14.4623;14.395;14.3288;14.2635;14.1992;14.1358;14.0733;14.0111;13.949;13.887;13.8252;13.7635;13.7018;13.6402;13.5798;13.5207;13.4629;13.4064;13.3512;13.296;13.2408;13.1871;13.1351;13.0846;13.0357;12.9884;12.9411;12.8938;12.8465;12.7999;12.7538;12.7085;12.6637;12.6196;12.5765;12.5343;12.4939;12.4551;12.4181;12.3818;12.3463;12.311;12.276;12.2413;12.2068;12.1715;12.1352;12.0978;12.0605;12.0233;11.9873;11.9535;11.9219;11.8914;11.8619;11.8335;11.8052;11.7768;11.7498;11.7241;11.6998;11.6769;11.6554;11.6338;11.6122;11.5918;11.5724;11.5541;11.537;11.5209;11.5048;11.4894;11.4748;11.4608;11.4476;11.435;11.4232;11.4122;11.402;11.3925;11.3838;11.375;11.367;11.3597;11.353;11.3473;11.3426;11.3385;11.3351;11.3327;11.3309;11.3298;11.3293;11.3295;11.3303;11.3317;11.3336;11.3357;11.3381;11.3407;11.3436;11.3475;11.3522;11.3584;11.3657;11.3743;11.3835;11.3933;11.4032;11.4148;11.4271;11.4401;11.4538;11.4681;11.4825;11.498;11.5154;11.5347;11.556;11.5782;11.6013;11.6244;11.6476;11.6707;11.6947;11.7195;11.7452;11.7717;11.7991;11.8265;11.8538;11.8812;11.9097;11.9392;11.9697;12.0012;12.0338;12.0662;12.0986;12.1307;12.1642;12.1991;12.2353;12.273;12.3123;12.3516;12.3922;12.4343;12.4777;12.5225;12.5687;12.6149;12.6612;12.7074;12.7545;12.8024;12.8512;12.9007;12.9511;13.0014;13.0517;13.1022;13.1529;13.2038;13.2549;13.3077;13.362;13.4177;13.475;13.5337;13.5924;13.6512;13.7115;13.7733;13.8368;13.9018;13.9684;14.0351;14.1013;14.167;14.2321;14.2967;14.3607;14.4247;14.4887;14.5501;14.609;14.6738;14.7445;14.8212;14.9063;15",0.350292,"0;0;1"
