1 15 
1.10202 14.9997 
1.20404 14.9994 
1.30606 14.9991 
1.40808 14.9988 
1.5101 14.9985 
1.61213 14.9983 
1.71415 14.998 
1.81617 14.9977 
1.91819 14.9974 
2.02021 14.9971 
2.12223 14.9968 
2.22425 14.9965 
2.32627 14.9962 
2.42829 14.9959 
2.53031 14.9956 
2.6329 14.9952 
2.73604 14.9946 
2.83974 14.9938 
2.94401 14.9929 
3.04884 14.9918 
3.15366 14.9907 
3.25735 14.9898 
3.3599 14.9892 
3.46131 14.9887 
3.56158 14.9885 
3.66071 14.9885 
3.75984 14.9885 
3.85897 14.9885 
3.95765 14.9885 
4.05587 14.9884 
4.15364 14.9883 
4.25095 14.9881 
4.34781 14.9879 
4.44467 14.9877 
4.54153 14.9875 
4.63798 14.9872 
4.73402 14.9868 
4.82965 14.9863 
4.92488 14.9857 
5.0197 14.985 
5.11451 14.9844 
5.20933 14.9837 
5.30634 14.9834 
5.40553 14.9834 
5.50691 14.9837 
5.61048 14.9844 
5.71624 14.9855 
5.82199 14.9865 
5.92817 14.9874 
6.03476 14.9882 
6.14177 14.9889 
6.2492 14.9895 
6.35706 14.99 
6.46491 14.9905 
6.57009 14.991 
6.6726 14.9915 
6.77244 14.9921 
6.86962 14.9927 
6.96412 14.9933 
7.05863 14.9939 
7.15313 14.9945 
7.24694 14.995 
7.34006 14.9954 
7.43248 14.9956 
7.5242 14.9957 
7.61523 14.9957 
7.7075 14.9958 
7.80101 14.996 
7.89576 14.9963 
7.99175 14.9967 
8.08898 14.9971 
8.18621 14.9976 
8.28435 14.9982 
8.3834 14.9988 
8.48336 14.9995 
8.58423 15.0004 
8.68601 15.0013 
8.78769 15.002 
8.88928 15.0025 
8.99078 15.0028 
9.09219 15.003 
9.1935 15.0029 
9.29481 15.0028 
9.39612 15.0027 
9.49743 15.0027 
9.59875 15.0026 
9.70006 15.0025 
9.80137 15.0025 
9.90212 15.0023 
10.0023 15.002 
10.1019 15.0017 
10.201 15.0012 
10.2995 15.0007 
10.3979 15.0001 
10.4964 14.9996 
10.5949 14.999 
10.6934 14.9985 
10.7919 14.9979 
10.8904 14.9974 
10.9891 14.9968 
11.088 14.9963 
11.1871 14.9959 
11.2865 14.9955 
11.386 14.9951 
11.4856 14.9947 
11.5851 14.9943 
11.6847 14.9939 
11.7842 14.9935 
11.8838 14.9931 
11.9833 14.9927 
12.0829 14.9923 
12.1824 14.9919 
12.2832 14.9916 
12.3853 14.9914 
12.4886 14.9913 
12.5931 14.9912 
12.6989 14.9913 
12.8047 14.9913 
12.9095 14.9912 
13.0132 14.9911 
13.1158 14.9908 
13.2174 14.9905 
13.3179 14.99 
13.4185 14.9896 
13.519 14.9892 
13.6195 14.9887 
13.7201 14.9883 
13.8206 14.9878 
13.9211 14.9874 
14.0217 14.987 
14.1222 14.9865 
14.2244 14.9861 
14.3283 14.9856 
14.4339 14.9852 
14.5412 14.9847 
14.6501 14.9842 
14.7573 14.9839 
14.8627 14.9837 
14.9663 14.9836 
15.0682 14.9836 
15.1683 14.9838 
15.2683 14.984 
15.3684 14.9841 
15.4685 14.9843 
15.5686 14.9844 
15.6687 14.9846 
15.7687 14.9848 
15.8688 14.9849 
15.9693 14.985 
16.0704 14.9849 
16.1718 14.9847 
16.2738 14.9845 
16.3762 14.984 
16.4786 14.9836 
16.5809 14.9832 
16.6833 14.9828 
16.7857 14.9824 
16.8885 14.9819 
16.9916 14.9812 
17.095 14.9803 
17.1988 14.9794 
17.303 14.9782 
17.4071 14.9771 
17.5113 14.976 
17.6128 14.9751 
17.7117 14.9746 
17.808 14.9743 
17.9017 14.9742 
17.9929 14.9747 
18.0842 14.9752 
18.1756 14.976 
18.2672 14.9768 
18.3588 14.9779 
18.4504 14.9789 
18.5433 14.9799 
18.6374 14.9808 
18.7327 14.9815 
18.8293 14.9822 
18.9271 14.9828 
19.025 14.9834 
19.1218 14.9841 
19.2176 14.985 
19.3123 14.9859 
19.4061 14.987 
19.501 14.9881 
19.5982 14.9891 
19.6977 14.99 
19.7994 14.9907 
19.9033 14.9914 
20.0072 14.992 
20.1128 14.9927 
20.22 14.9935 
20.3288 14.9943 
20.4393 14.9952 
20.5515 14.9962 
20.6636 14.9971 
20.7757 14.9981 
20.8879 14.999 
21 15 

20.0003,0.95973,1.30326,"1;1.10202;1.20404;1.30606;1.40808;1.5101;1.61213;1.71415;1.81617;1.91819;2.02021;2.12223;2.22425;2.32627;2.42829;2.53031;2.6329;2.73604;2.83974;2.94401;3.04884;3.15366;3.25735;3.3599;3.46131;3.56158;3.66071;3.75984;3.85897;3.95765;4.05587;4.15364;4.25095;4.34781;4.44467;4.54153;4.63798;4.73402;4.82965;4.92488;5.0197;5.11451;5.20933;5.30634;5.40553;5.50691;5.61048;5.71624;5.82199;5.92817;6.03476;6.14177;6.2492;6.35706;6.46491;6.57009;6.6726;6.77244;6.86962;6.96412;7.05863;7.15313;7.24694;7.34006;7.43248;7.5242;7.61523;7.7075;7.80101;7.89576;7.99175;8.08898;8.18621;8.28435;8.3834;8.48336;8.58423;8.68601;8.78769;8.88928;8.99078;9.09219;9.1935;9.29481;9.39612;9.49743;9.59875;9.70006;9.80137;9.90212;10.0023;10.1019;10.201;10.2995;10.3979;10.4964;10.5949;10.6934;10.7919;10.8904;10.9891;11.088;11.1871;11.2865;11.386;11.4856;11.5851;11.6847;11.7842;11.8838;11.9833;12.0829;12.1824;12.2832;12.3853;12.4886;12.5931;12.6989;12.8047;12.9095;13.0132;13.1158;13.2174;13.3179;13.4185;13.519;13.6195;13.7201;13.8206;13.9211;14.0217;14.1222;14.2244;14.3283;14.4339;14.5412;14.6501;14.7573;14.8627;14.9663;15.0682;15.1683;15.2683;15.3684;15.4685;15.5686;15.6687;15.7687;15.8688;15.9693;16.0704;16.1718;16.2738;16.3762;16.4786;16.5809;16.6833;16.7857;16.8885;16.9916;17.095;17.1988;17.303;17.4071;17.5113;17.6128;17.7117;17.808;17.9017;17.9929;18.0842;18.1756;18.2672;18.3588;18.4504;18.5433;18.6374;18.7327;18.8293;18.9271;19.025;19.1218;19.2176;19.3123;19.4061;19.501;19.5982;19.6977;19.7994;19.9033;20.0072;20.1128;20.22;20.3288;20.4393;20.5515;20.6636;20.7757;20.8879;21","15;14.9997;14.9994;14.9991;14.9988;14.9985;14.9983;14.998;14.9977;14.9974;14.9971;14.9968;14.9965;14.9962;14.9959;14.9956;14.9952;14.9946;14.9938;14.9929;14.9918;14.9907;14.9898;14.9892;14.9887;14.9885;14.9885;14.9885;14.9885;14.9885;14.9884;14.9883;14.9881;14.9879;14.9877;14.9875;14.9872;14.9868;14.9863;14.9857;14.985;14.9844;14.9837;14.9834;14.9834;14.9837;14.9844;14.9855;14.9865;14.9874;14.9882;14.9889;14.9895;14.99;14.9905;14.991;14.9915;14.9921;14.9927;14.9933;14.9939;14.9945;14.995;14.9954;14.9956;14.9957;14.9957;14.9958;14.996;14.9963;14.9967;14.9971;14.9976;14.9982;14.9988;14.9995;15.0004;15.0013;15.002;15.0025;15.0028;15.003;15.0029;15.0028;15.0027;15.0027;15.0026;15.0025;15.0025;15.0023;15.002;15.0017;15.0012;15.0007;15.0001;14.9996;14.999;14.9985;14.9979;14.9974;14.9968;14.9963;14.9959;14.9955;14.9951;14.9947;14.9943;14.9939;14.9935;14.9931;14.9927;14.9923;14.9919;14.9916;14.9914;14.9913;14.9912;14.9913;14.9913;14.9912;14.9911;14.9908;14.9905;14.99;14.9896;14.9892;14.9887;14.9883;14.9878;14.9874;14.987;14.9865;14.9861;14.9856;14.9852;14.9847;14.9842;14.9839;14.9837;14.9836;14.9836;14.9838;14.984;14.9841;14.9843;14.9844;14.9846;14.9848;14.9849;14.985;14.9849;14.9847;14.9845;14.984;14.9836;14.9832;14.9828;14.9824;14.9819;14.9812;14.9803;14.9794;14.9782;14.9771;14.976;14.9751;14.9746;14.9743;14.9742;14.9747;14.9752;14.976;14.9768;14.9779;14.9789;14.9799;14.9808;14.9815;14.9822;14.9828;14.9834;14.9841;14.985;14.9859;14.987;14.9881;14.9891;14.99;14.9907;14.9914;14.992;14.9927;14.9935;14.9943;14.9952;14.9962;14.9971;14.9981;14.999;15",20.0003,"1;0;0"
