1 15 
1.10014 15.0001 
1.20028 15.0003 
1.30042 15.0004 
1.40055 15.0006 
1.50069 15.0007 
1.60083 15.0009 
1.70097 15.001 
1.80111 15.0011 
1.90125 15.0013 
2.00138 15.0014 
2.10152 15.0016 
2.20166 15.0017 
2.3018 15.0019 
2.40194 15.002 
2.50208 15.0021 
2.60221 15.0023 
2.70232 15.0025 
2.8024 15.0028 
2.90245 15.0032 
3.00248 15.0037 
3.10247 15.0042 
3.20246 15.0048 
3.30245 15.0053 
3.40245 15.0059 
3.50244 15.0065 
3.60243 15.007 
3.70242 15.0076 
3.80241 15.0081 
3.90209 15.0088 
4.00143 15.0097 
4.10046 15.0107 
4.19917 15.0118 
4.29755 15.0131 
4.39593 15.0143 
4.49432 15.0156 
4.5927 15.0169 
4.69108 15.0182 
4.78946 15.0195 
4.88785 15.0207 
4.98623 15.022 
5.08461 15.0233 
5.183 15.0246 
5.28138 15.0258 
5.37976 15.0271 
5.48 15.0285 
5.5821 15.0301 
5.68605 15.0319 
5.79185 15.0337 
5.89952 15.0358 
6.00718 15.0378 
6.11484 15.0398 
6.21989 15.0419 
6.32233 15.044 
6.42217 15.0462 
6.51939 15.0484 
6.614 15.0507 
6.7121 15.0534 
6.81369 15.0566 
6.91878 15.0601 
7.02735 15.0641 
7.13574 15.0684 
7.24043 15.0726 
7.34144 15.0768 
7.44013 15.0807 
7.53651 15.0845 
7.63427 15.0883 
7.7334 15.0921 
7.83391 15.0958 
7.93503 15.0996 
8.03675 15.1037 
8.13909 15.1079 
8.24203 15.1123 
8.34558 15.1168 
8.44825 15.1214 
8.55004 15.1261 
8.65095 15.1308 
8.75098 15.1356 
8.85014 15.1405 
8.94929 15.1453 
9.04845 15.1502 
9.1476 15.155 
9.24675 15.1599 
9.34591 15.1647 
9.44506 15.1696 
9.54537 15.1747 
9.64682 15.1802 
9.74943 15.186 
9.85319 15.1921 
9.95722 15.1986 
10.0604 15.205 
10.1626 15.2115 
10.2639 15.2179 
10.3644 15.2244 
10.4649 15.2309 
10.5653 15.2374 
10.6658 15.2438 
10.7663 15.2503 
10.8667 15.2568 
10.9672 15.2632 
11.0676 15.2697 
11.168 15.2767 
11.2683 15.2842 
11.3685 15.2923 
11.4687 15.3008 
11.5687 15.3099 
11.6687 15.3189 
11.7688 15.328 
11.8688 15.3371 
11.9689 15.3462 
12.0689 15.3552 
12.169 15.3643 
12.269 15.3734 
12.3691 15.3824 
12.4691 15.3915 
12.5701 15.4011 
12.672 15.4113 
12.7748 15.422 
12.8785 15.4332 
12.983 15.445 
13.0874 15.4569 
13.1917 15.4689 
13.2958 15.481 
13.3998 15.4931 
13.5038 15.5052 
13.6068 15.5175 
13.7089 15.5299 
13.8101 15.5424 
13.9104 15.5551 
14.0105 15.5683 
14.1114 15.582 
14.2131 15.596 
14.3155 15.6104 
14.4187 15.6252 
14.5219 15.6401 
14.6251 15.6549 
14.7283 15.6697 
14.8316 15.6845 
14.9348 15.6994 
15.0368 15.7144 
15.1376 15.7297 
15.2371 15.7453 
15.3355 15.761 
15.4327 15.7771 
15.5298 15.7931 
15.627 15.8091 
15.725 15.8253 
15.8237 15.8416 
15.9233 15.8582 
16.0237 15.8749 
16.1261 15.8904 
16.2296 15.9046 
16.3343 15.9174 
16.4402 15.9289 
16.5472 15.9391 
16.6543 15.9482 
16.7615 15.9563 
16.8665 15.9622 
16.9694 15.9661 
17.0702 15.9678 
17.1688 15.9685 
17.2641 15.9674 
17.3584 15.9656 
17.4517 15.9632 
17.544 15.9602 
17.6354 15.9564 
17.7308 15.9514 
17.8302 15.9451 
17.9313 15.9371 
18.034 15.9275 
18.1383 15.9162 
18.2401 15.9045 
18.3394 15.8924 
18.4316 15.8807 
18.525 15.8671 
18.6198 15.8518 
18.7128 15.8343 
18.8042 15.8147 
18.901 15.7926 
18.9949 15.7702 
19.0857 15.7467 
19.1764 15.7224 
19.2671 15.6973 
19.3556 15.6717 
19.4474 15.6436 
19.5427 15.6137 
19.6444 15.5804 
19.7523 15.5437 
19.8615 15.5048 
19.966 15.4659 
20.0661 15.4268 
20.1588 15.3893 
20.244 15.3534 
20.3356 15.3134 
20.4336 15.2693 
20.538 15.2211 
20.6487 15.1689 
20.7658 15.1126 
20.8829 15.0563 
21 15 

20.2125,0.958409,1.65974,"1;1.10014;1.20028;1.30042;1.40055;1.50069;1.60083;1.70097;1.80111;1.90125;2.00138;2.10152;2.20166;2.3018;2.40194;2.50208;2.60221;2.70232;2.8024;2.90245;3.00248;3.10247;3.20246;3.30245;3.40245;3.50244;3.60243;3.70242;3.80241;3.90209;4.00143;4.10046;4.19917;4.29755;4.39593;4.49432;4.5927;4.69108;4.78946;4.88785;4.98623;5.08461;5.183;5.28138;5.37976;5.48;5.5821;5.68605;5.79185;5.89952;6.00718;6.11484;6.21989;6.32233;6.42217;6.51939;6.614;6.7121;6.81369;6.91878;7.02735;7.13574;7.24043;7.34144;7.44013;7.53651;7.63427;7.7334;7.83391;7.93503;8.03675;8.13909;8.24203;8.34558;8.44825;8.55004;8.65095;8.75098;8.85014;8.94929;9.04845;9.1476;9.24675;9.34591;9.44506;9.54537;9.64682;9.74943;9.85319;9.95722;10.0604;10.1626;10.2639;10.3644;10.4649;10.5653;10.6658;10.7663;10.8667;10.9672;11.0676;11.168;11.2683;11.3685;11.4687;11.5687;11.6687;11.7688;11.8688;11.9689;12.0689;12.169;12.269;12.3691;12.4691;12.5701;12.672;12.7748;12.8785;12.983;13.0874;13.1917;13.2958;13.3998;13.5038;13.6068;13.7089;13.8101;13.9104;14.0105;14.1114;14.2131;14.3155;14.4187;14.5219;14.6251;14.7283;14.8316;14.9348;15.0368;15.1376;15.2371;15.3355;15.4327;15.5298;15.627;15.725;15.8237;15.9233;16.0237;16.1261;16.2296;16.3343;16.4402;16.5472;16.6543;16.7615;16.8665;16.9694;17.0702;17.1688;17.2641;17.3584;17.4517;17.544;17.6354;17.7308;17.8302;17.9313;18.034;18.1383;18.2401;18.3394;18.4316;18.525;18.6198;18.7128;18.8042;18.901;18.9949;19.0857;19.1764;19.2671;19.3556;19.4474;19.5427;19.6444;19.7523;19.8615;19.966;20.0661;20.1588;20.244;20.3356;20.4336;20.538;20.6487;20.7658;20.8829;21","15;15.0001;15.0003;15.0004;15.0006;15.0007;15.0009;15.001;15.0011;15.0013;15.0014;15.0016;15.0017;15.0019;15.002;15.0021;15.0023;15.0025;15.0028;15.0032;15.0037;15.0042;15.0048;15.0053;15.0059;15.0065;15.007;15.0076;15.0081;15.0088;15.0097;15.0107;15.0118;15.0131;15.0143;15.0156;15.0169;15.0182;15.0195;15.0207;15.022;15.0233;15.0246;15.0258;15.0271;15.0285;15.0301;15.0319;15.0337;15.0358;15.0378;15.0398;15.0419;15.044;15.0462;15.0484;15.0507;15.0534;15.0566;15.0601;15.0641;15.0684;15.0726;15.0768;15.0807;15.0845;15.0883;15.0921;15.0958;15.0996;15.1037;15.1079;15.1123;15.1168;15.1214;15.1261;15.1308;15.1356;15.1405;15.1453;15.1502;15.155;15.1599;15.1647;15.1696;15.1747;15.1802;15.186;15.1921;15.1986;15.205;15.2115;15.2179;15.2244;15.2309;15.2374;15.2438;15.2503;15.2568;15.2632;15.2697;15.2767;15.2842;15.2923;15.3008;15.3099;15.3189;15.328;15.3371;15.3462;15.3552;15.3643;15.3734;15.3824;15.3915;15.4011;15.4113;15.422;15.4332;15.445;15.4569;15.4689;15.481;15.4931;15.5052;15.5175;15.5299;15.5424;15.5551;15.5683;15.582;15.596;15.6104;15.6252;15.6401;15.6549;15.6697;15.6845;15.6994;15.7144;15.7297;15.7453;15.761;15.7771;15.7931;15.8091;15.8253;15.8416;15.8582;15.8749;15.8904;15.9046;15.9174;15.9289;15.9391;15.9482;15.9563;15.9622;15.9661;15.9678;15.9685;15.9674;15.9656;15.9632;15.9602;15.9564;15.9514;15.9451;15.9371;15.9275;15.9162;15.9045;15.8924;15.8807;15.8671;15.8518;15.8343;15.8147;15.7926;15.7702;15.7467;15.7224;15.6973;15.6717;15.6436;15.6137;15.5804;15.5437;15.5048;15.4659;15.4268;15.3893;15.3534;15.3134;15.2693;15.2211;15.1689;15.1126;15.0563;15",0.958409,"0;1;0"
