Children Map for Subproblem Tree 142
======================================
Parent ID (x, y) -> [List of Children IDs (x, y)]
    0 (1, 15) -> [ 1 (2.33975, 13.5151); 2 (-0.867615, 14.2844); 15 (0.509847, 16.939); 254 (1.79125, 14.6027); 423 (0.935762, 13.9684); 498 (0.864638, 14.0189); 553 (2.76201, 15.6756); 742 (1.02487, 16.8311); 1424 (0.256854, 13.6818); 1448 (0.125684, 14.8146); 1652 (2.0125, 14.7884); 1679 (1.20129, 13.4526); 1774 (1.92413, 15.7561); 1975 (2.60494, 13.9877); ]
    1 (2.33975, 13.5151) -> [ 3 (3.95122, 12.3305); 175 (3.73183, 13.7729); 248 (3.94346, 14.2701); 545 (1.4393, 12.0273); 903 (3.7291, 13.7929); 1066 (0.690579, 12.6547); 1215 (3.05312, 11.8004); 1524 (2.59819, 11.8797); ]
    2 (-0.867615, 14.2844) -> [ 5 (-2.06202, 14.1667); 50 (-1.86969, 12.743); 330 (0.389021, 15.7115); 356 (0.531058, 15.4546); 506 (-1.36925, 12.3618); 518 (-0.166306, 13.0106); 1000 (-0.389517, 12.6739); 1073 (-0.706844, 16.1736); 1507 (-2.01411, 14.2063); 1512 (-1.28639, 15.6798); 1706 (0.588898, 15.5119); 1844 (-1.55271, 15.9534); ]
    3 (3.95122, 12.3305) -> [ 4 (5.57012, 13.5049); 6 (5.02197, 10.6413); 521 (5.24186, 13.4422); 1378 (4.68034, 13.996); 1439 (5.64723, 12.0712); 1568 (4.82947, 10.6105); 1741 (5.14627, 13.5737); ]
    4 (5.57012, 13.5049) -> [ 1647 (7.22529, 12.8169); ]
    5 (-2.06202, 14.1667) -> [ 18 (-3.72531, 15.2773); 97 (-3.36484, 14.5301); ]
    6 (5.02197, 10.6413) -> [ 7 (5.42783, 8.68288); ]
    7 (5.42783, 8.68288) -> [ 9 (4.75153, 6.8007); 932 (6.69345, 7.35614); 1072 (4.34372, 7.24428); 1332 (4.7842, 6.83937); ]
    9 (4.75153, 6.8007) -> [ ]
    10 (3.22186, 5.51225) -> [ ]
    11 (6.28231, 5.51356) -> [ 1145 (7.8335, 5.32037); ]
    12 (6.44161, 15.305) -> [ ]
    13 (6.34435, 12.8334) -> [ ]
    14 (6.51955, 3.52768) -> [ 16 (7.97439, 2.1553); 877 (6.68917, 1.545); 1897 (8.36032, 2.92104); ]
    15 (0.509847, 16.939) -> [ 19 (-0.331007, 18.7537); 231 (-1.47764, 16.7156); 280 (1.75356, 18.3542); 766 (0.504879, 18.4282); 1365 (1.9839, 17.6224); 1687 (0.614506, 18.217); ]
    16 (7.97439, 2.1553) -> [ 22 (6.74146, 0.580534); 119 (9.01073, 1.17664); 286 (9.50873, 2.42585); 1752 (7.30462, 0.47617); ]
    17 (9.9324, 1.74763) -> [ 24 (10.9514, 0.0267137); 110 (11.2418, 0.678481); 263 (10.9706, 2.86843); 1428 (11.8646, 1.82543); 1541 (11.4308, 2.60971); ]
    18 (-3.72531, 15.2773) -> [ 1805 (-5.15194, 14.9119); ]
    19 (-0.331007, 18.7537) -> [ 52 (0.91339, 20.3194); 183 (-0.152248, 19.9459); 587 (-1.99369, 19.6714); 767 (1.25586, 19.3979); 805 (-0.0117328, 20.5726); 915 (0.228118, 20.4866); 1186 (-1.54272, 17.4131); 1361 (-1.5888, 17.295); 1621 (0.632168, 19.4598); 1753 (1.11993, 19.541); 1855 (-1.85155, 18.1113); ]
    20 (7.99023, 16.5706) -> [ ]
    21 (8.63523, 18.4638) -> [ 146 (10.2603, 19.117); ]
    22 (6.74146, 0.580534) -> [ 644 (7.86981, -0.691567); ]
    23 (-4.70406, 13.5331) -> [ 62 (-6.2197, 13.3697); 706 (-6.16747, 13.3158); ]
    24 (10.9514, 0.0267137) -> [ 27 (12.8623, -0.563719); 41 (12.2901, 0.855386); 278 (12.3163, 0.664442); 887 (12.2132, 0.385877); 1250 (11.9858, 0.945882); ]
    25 (8.14882, 20.1166) -> [ 28 (10.1282, 20.4028); ]
    26 (6.15078, 20.2052) -> [ 73 (6.40722, 22.1887); 512 (8.06983, 20.2287); ]
    27 (12.8623, -0.563719) -> [ 32 (14.0887, -2.14358); 581 (13.4137, -2.34649); 1091 (12.9576, -1.94369); ]
    28 (10.1282, 20.4028) -> [ 1804 (10.5392, 19.0345); ]
    29 (5.01385, -0.427129) -> [ ]
    30 (3.32524, -1.49884) -> [ ]
    31 (1.22756, 5.6632) -> [ ]
    32 (14.0887, -2.14358) -> [ 33 (14.1307, -4.14314); 57 (15.7778, -1.07269); 696 (13.3153, -2.91695); 700 (14.2516, -4.00971); 803 (12.2754, -2.84313); 1075 (15.4457, -2.96766); 1998 (14.9033, -0.96526); ]
    33 (14.1307, -4.14314) -> [ 37 (14.9365, -5.97365); 641 (14.0553, -5.57811); 902 (15.685, -3.35236); ]
    34 (-4.50102, 17.1207) -> [ 38 (-5.08317, 19.0341); ]
    35 (11.5295, 18.9758) -> [ 505 (12.356, 17.3105); 734 (12.9976, 17.643); ]
    36 (12.3079, -4.96608) -> [ 1723 (13.8821, -5.51595); ]
    37 (14.9365, -5.97365) -> [ 53 (16.9202, -5.71936); 1157 (16.8159, -6.52444); ]
    38 (-5.08317, 19.0341) -> [ ]
    39 (13.3091, 19.8884) -> [ 44 (14.517, 21.4825); 409 (13.8411, 20.912); 653 (13.8106, 21.1403); 771 (14.6516, 21.1774); 1812 (14.3717, 18.646); ]
    40 (1.32774, -1.59882) -> [ ]
    42 (-7.08314, 19.0443) -> [ 76 (-8.76592, 17.9635); ]
    43 (10.9331, -6.41866) -> [ 1786 (12.3148, -7.60535); ]
    44 (14.517, 21.4825) -> [ 1204 (15.5679, 20.489); ]
    45 (13.908, -7.68899) -> [ ]
    46 (-0.605595, -1.08673) -> [ 1074 (0.836605, -2.09428); ]
    48 (8.14705, 6.23657) -> [ 64 (10.1028, 6.65505); 1221 (8.97753, 7.92427); ]
    49 (-2.53628, -1.60872) -> [ 1374 (-2.11587, -2.76641); 1397 (-3.59909, -2.98863); ]
    50 (-1.86969, 12.743) -> [ 138 (-2.28538, 11.4789); 1605 (-1.15592, 11.6689); 1634 (-3.45891, 13.2077); 1641 (-1.31368, 10.9309); 1902 (-1.07613, 12.1644); ]
    51 (-4.31484, -2.52344) -> [ ]
    52 (0.91339, 20.3194) -> [ 54 (-0.601604, 21.6251); 523 (2.86507, 20.7201); 552 (0.403031, 22.1769); 1147 (0.549677, 21.8625); 1831 (1.93793, 21.8315); 1920 (2.51193, 20.7812); ]
    53 (16.9202, -5.71936) -> [ 66 (18.9158, -5.58661); 1061 (18.2934, -4.70361); ]
    54 (-0.601604, 21.6251) -> [ 116 (-1.41055, 23.4542); 148 (1.05043, 22.7523); 1459 (-2.28279, 22.4748); ]
    55 (16.0589, 20.2086) -> [ ]
    56 (3.29625, -3.49863) -> [ 1770 (3.3062, -5.41919); 1820 (4.54229, -4.96786); ]
    57 (15.7778, -1.07269) -> [ 75 (17.4849, -0.030603); 633 (16.4062, -2.46167); 663 (16.0097, -2.73535); 1583 (17.1227, -1.84322); ]
    58 (2.86449, -5.45147) -> [ ]
    59 (5.25723, 2.51968) -> [ ]
    61 (16.2819, 18.2211) -> [ 65 (18.2157, 17.7109); 648 (15.9769, 16.4212); 1001 (16.703, 16.5373); 1122 (15.7101, 16.482); 1128 (16.6072, 16.51); ]
    62 (-6.2197, 13.3697) -> [ 230 (-8.19085, 13.0619); ]
    63 (17.6351, 21.4396) -> [ 83 (19.2352, 22.6394); 155 (19.3942, 20.4881); 1907 (19.2636, 20.5917); ]
    64 (10.1028, 6.65505) -> [ 84 (11.8736, 7.58464); 257 (12.0115, 6.80977); 1562 (11.558, 7.5828); ]
    65 (18.2157, 17.7109) -> [ 133 (20.2007, 17.4666); 453 (17.6342, 15.7973); 961 (19.9306, 17.5505); 1285 (19.9809, 17.834); 1993 (20.0351, 17.0757); ]
    66 (18.9158, -5.58661) -> [ 81 (19.7527, -7.40311); 615 (20.7394, -5.00366); 778 (20.1612, -5.31778); 1222 (20.6376, -6.05865); 1792 (20.2582, -5.6832); ]
    67 (-4.84543, -4.45177) -> [ 141 (-3.17371, -5.54964); 895 (-3.17701, -5.20523); ]
    69 (8.56523, 1.33891) -> [ ]
    70 (9.49649, -7.81011) -> [ ]
    71 (1.64309, 7.61956) -> [ ]
    72 (-6.57943, -5.44839) -> [ 124 (-6.29292, -7.42776); ]
    73 (6.40722, 22.1887) -> [ 661 (7.83553, 21.5279); 1367 (7.5272, 23.7278); ]
    74 (11.0164, -3.43896) -> [ 662 (11.2616, -5.11256); ]
    75 (17.4849, -0.030603) -> [ 105 (19.4829, 0.0589933); 1017 (18.9896, -0.0697915); ]
    76 (-8.76592, 17.9635) -> [ ]
    78 (4.92293, 9.50632) -> [ 1163 (4.79334, 7.58809); 1795 (6.12672, 8.39331); ]
    79 (2.25621, -7.35673) -> [ 530 (2.13887, -8.86192); 617 (2.30654, -8.97071); 1492 (3.81442, -8.05863); 1585 (3.52507, -6.44936); 1911 (3.75062, -8.33973); ]
    80 (-7.60422, 13.6353) -> [ ]
    81 (19.7527, -7.40311) -> [ 131 (21.3791, -6.23921); 190 (21.3217, -6.98724); 364 (21.4906, -7.14248); 801 (20.4508, -8.42879); 845 (20.8162, -6.76184); 1093 (21.0657, -6.27905); ]
    82 (14.816, -6.74689) -> [ ]
    83 (19.2352, 22.6394) -> [ 156 (21.1907, 23.0592); 762 (21.0593, 23.1214); ]
    84 (11.8736, 7.58464) -> [ 88 (13.8734, 7.61041); 136 (13.6184, 8.18234); 233 (10.9326, 9.34943); ]
    85 (-4.05302, -1.26926) -> [ ]
    86 (3.34911, 4.28432) -> [ 1807 (3.29525, 2.31098); 1828 (4.13272, 2.99684); ]
    87 (14.8255, -9.46614) -> [ 98 (16.2086, -10.9108); 1013 (15.9939, -10.2349); 1189 (16.5023, -9.53081); 1496 (15.6048, -10.5349); 1724 (16.6595, -9.04459); ]
    88 (13.8734, 7.61041) -> [ 89 (15.8587, 7.85286); 613 (13.5824, 9.39802); 1381 (14.6837, 9.02065); 1950 (14.8872, 9.18116); ]
    89 (15.8587, 7.85286) -> [ 90 (17.0977, 9.42285); 550 (15.9146, 9.27959); 1499 (17.0751, 9.31001); ]
    90 (17.0977, 9.42285) -> [ 113 (16.5857, 11.3562); 275 (17.2119, 11.1333); ]
    92 (-5.48567, -0.429837) -> [ 1771 (-7.43583, -0.118397); 1816 (-4.49847, -1.95659); ]
    93 (2.72955, -6.69161) -> [ ]
    94 (-7.09199, 15.5686) -> [ 959 (-8.97166, 16.236); ]
    95 (9.14658, -9.77926) -> [ ]
    96 (8.95076, 4.40517) -> [ ]
    97 (-3.36484, 14.5301) -> [ ]
    98 (16.2086, -10.9108) -> [ 145 (18.1225, -11.4913); 1956 (17.9914, -10.9347); ]
    101 (19.0544, 9.00904) -> [ ]
    103 (20.6428, 7.79367) -> [ 1398 (21.3938, 9.33438); ]
    104 (-8.49187, -6.03368) -> [ ]
    105 (19.4829, 0.0589933) -> [ 115 (20.2297, -1.79636); 705 (20.9281, -1.01268); 1257 (20.8253, 1.43698); ]
    106 (2.51301, 12.2273) -> [ ]
    107 (-7.23186, 0.545262) -> [ ]
    108 (10.4089, 18.1449) -> [ 302 (12.0449, 17.2636); 684 (10.7116, 16.5591); ]
    109 (-3.41467, -0.486051) -> [ 1732 (-2.15756, -2.04026); ]
    110 (11.2418, 0.678481) -> [ 289 (12.246, 2.00028); 434 (11.9018, -0.608334); 798 (12.9769, 0.514391); 901 (13.1104, 0.240431); ]
    111 (3.31517, -6.70972) -> [ ]
    113 (16.5857, 11.3562) -> [ 114 (14.587, 11.2852); 1337 (15.4255, 12.927); ]
    114 (14.587, 11.2852) -> [ ]
    115 (20.2297, -1.79636) -> [ 1996 (21.7909, -2.84788); ]
    116 (-1.41055, 23.4542) -> [ 881 (-0.297654, 24.9771); ]
    117 (22.581, 8.28684) -> [ ]
    118 (12.2401, -7.59581) -> [ ]
    119 (9.01073, 1.17664) -> [ 293 (10.5354, 1.97787); 806 (10.3335, 1.91629); 948 (10.6417, 0.63476); ]
    121 (13.2597, 20.7553) -> [ 1455 (14.4112, 20.7625); 1707 (14.3769, 20.08); ]
    122 (0.842481, -0.626206) -> [ ]
    123 (19.1834, 1.12862) -> [ ]
    124 (-6.29292, -7.42776) -> [ 728 (-6.06902, -9.01288); 819 (-5.88991, -9.21823); ]
    126 (21.2933, 8.93076) -> [ 1916 (20.39, 10.0877); ]
    127 (0.888089, 1.37327) -> [ 1947 (1.2384, -0.564628); ]
    128 (-7.81481, 2.45842) -> [ ]
    129 (-2.01222, 20.2073) -> [ ]
    130 (-9.63925, -4.70764) -> [ ]
    131 (21.3791, -6.23921) -> [ 140 (23.1052, -5.229); 178 (22.6423, -7.7898); 1522 (22.8359, -5.00185); ]
    132 (5.52064, 0.880071) -> [ ]
    133 (20.2007, 17.4666) -> [ 217 (22.0302, 16.6585); ]
    134 (5.78259, 1.02426) -> [ ]
    137 (11.8656, -8.90735) -> [ ]
    138 (-2.28538, 11.4789) -> [ ]
    139 (-10.6383, 18.6665) -> [ 152 (-11.1578, 20.5978); 707 (-11.8189, 20.1391); 1547 (-12.197, 19.8186); 1766 (-12.2531, 18.7553); ]
    140 (23.1052, -5.229) -> [ 414 (24.9328, -5.79092); 582 (24.907, -4.95974); ]
    141 (-3.17371, -5.54964) -> [ 1465 (-1.39952, -6.41004); ]
    142 (3.09046, -7.29783) -> [ ]
    143 (21.01, 8.67925) -> [ ]
    144 (15.415, 23.1145) -> [ 220 (17.1918, 22.3166); 646 (16.0397, 24.2529); 1238 (17.2465, 23.425); ]
    145 (18.1225, -11.4913) -> [ 154 (20.1224, -11.5116); ]
    146 (10.2603, 19.117) -> [ ]
    147 (7.5682, -9.7159) -> [ 1952 (9.12066, -9.39099); ]
    148 (1.05043, 22.7523) -> [ 436 (1.81453, 24.1343); 496 (2.28386, 24.0745); ]
    149 (-7.45456, -9.05583) -> [ 793 (-6.24541, -10.6255); ]
    150 (16.7303, -11.2689) -> [ 1185 (18.5717, -11.8615); ]
    151 (-8.99565, 4.07261) -> [ ]
    152 (-11.1578, 20.5978) -> [ ]
    153 (-7.46698, -11.0558) -> [ ]
    154 (20.1224, -11.5116) -> [ 439 (21.5308, -10.5119); ]
    155 (19.3942, 20.4881) -> [ ]
    156 (21.1907, 23.0592) -> [ 983 (22.369, 22.1953); 1067 (22.7419, 24.2113); 1357 (22.6799, 21.826); ]
    157 (-7.26291, 2.42611) -> [ 960 (-5.39486, 1.9368); 1098 (-7.60751, 0.635251); ]
    158 (-2.10673, 1.02699) -> [ ]
    160 (-9.44286, 14.4223) -> [ 237 (-11.2421, 13.549); ]
    161 (7.29016, -9.87895) -> [ ]
    162 (-6.02016, 3.99313) -> [ ]
    163 (-10.0019, 19.217) -> [ 660 (-10.9365, 20.8832); ]
    164 (-4.6375, -5.59132) -> [ ]
    165 (-8.52224, 6.01578) -> [ ]
    166 (-2.19726, -7.29508) -> [ ]
    167 (0.610886, -3.09519) -> [ ]
    168 (-10.9952, 4.02905) -> [ 1884 (-12.1276, 3.95869); ]
    169 (7.54243, -1.08515) -> [ 1635 (8.18085, -2.86233); 1904 (6.6981, -2.63325); ]
    170 (5.51089, -10.7923) -> [ 732 (6.96026, -11.6933); 1417 (7.16928, -10.589); ]
    171 (7.94959, -2.51248) -> [ ]
    172 (0.696418, 2.87276) -> [ ]
    173 (-5.40425, 5.89594) -> [ ]
    174 (21.0139, 1.9345) -> [ ]
    178 (22.6423, -7.7898) -> [ ]
    180 (2.97887, -6.66589) -> [ ]
    181 (21.3953, 18.7467) -> [ ]
    182 (-5.74228, 7.86716) -> [ 1573 (-5.67877, 6.02991); ]
    183 (-0.152248, 19.9459) -> [ 129 (-2.01222, 20.2073); ]
    184 (8.23815, -0.419074) -> [ ]
    185 (3.13664, -1.06137) -> [ ]
    186 (5.78552, 4.69761) -> [ 1811 (6.91584, 6.34679); ]
    187 (-7.62253, -1.41621) -> [ ]
    188 (22.3163, -3.3912) -> [ ]
    189 (17.5602, -10.9169) -> [ 1922 (19.1029, -11.3395); ]
    190 (21.3217, -6.98724) -> [ ]
    191 (5.24454, 23.816) -> [ 844 (6.12402, 24.6323); 1267 (7.08789, 23.241); ]
    192 (13.5846, -1.38955) -> [ 1699 (15.2273, -0.341459); ]
    193 (8.03732, 15.2764) -> [ ]
    195 (-9.106, -3.3957) -> [ ]
    196 (21.8645, 10.8474) -> [ ]
    198 (16.4078, -7.95778) -> [ ]
    199 (4.29291, 1.76851) -> [ 910 (5.53182, 0.719437); ]
    200 (-7.349, 5.83626) -> [ 1510 (-9.30484, 5.4521); 1529 (-8.37198, 4.31003); ]
    201 (-4.56039, 6.52734) -> [ 1446 (-5.73857, 5.08194); ]
    203 (1.29495, 2.58685) -> [ ]
    204 (4.61822, 15.8739) -> [ 748 (6.0977, 17.1091); 1725 (5.17668, 17.4053); 1875 (6.37977, 14.9286); ]
    205 (15.1805, -5.04766) -> [ ]
    206 (21.7791, -1.89599) -> [ ]
    207 (-9.32104, -8.98577) -> [ 1866 (-10.5204, -9.91697); ]
    208 (-9.40567, 21.3156) -> [ 1126 (-10.793, 21.8342); ]
    210 (15.1539, 13.2032) -> [ ]
    211 (18.0182, 0.719726) -> [ 1162 (18.743, 2.22172); ]
    212 (-8.0921, 22.8237) -> [ 1791 (-9.28705, 23.8746); ]
    213 (-7.90125, 12.0836) -> [ ]
    215 (23.3852, -9.6467) -> [ ]
    216 (20.3841, -0.855636) -> [ 1273 (22.379, -0.94659); ]
    217 (22.0302, 16.6585) -> [ 360 (23.9581, 16.1262); 1570 (22.2605, 15.1034); 1659 (23.2015, 15.7388); ]
    218 (-5.37447, 11.5571) -> [ ]
    219 (-3.43178, 7.7975) -> [ 1137 (-4.46605, 7.24648); ]
    220 (17.1918, 22.3166) -> [ 316 (18.4578, 21.6519); 1266 (18.7185, 21.1019); ]
    221 (22.3344, -7.37574) -> [ 421 (23.5849, -7.93374); 625 (23.6637, -8.75065); ]
    222 (-1.99647, -2.38481) -> [ ]
    223 (4.70128, -7.12039) -> [ ]
    224 (-7.69554, 13.6917) -> [ ]
    225 (14.459, -5.96536) -> [ ]
    227 (22.1588, -10.2307) -> [ ]
    229 (7.22096, 7.77731) -> [ ]
    230 (-8.19085, 13.0619) -> [ ]
    231 (-1.47764, 16.7156) -> [ 259 (-1.20065, 18.1985); 427 (-3.27666, 17.2562); 1556 (-2.82252, 17.8214); ]
    232 (-3.81461, -7.87715) -> [ ]
    235 (23.4946, 6.50767) -> [ ]
    236 (-11.4524, -5.55181) -> [ 650 (-12.0372, -4.4751); ]
    237 (-11.2421, 13.549) -> [ ]
    238 (-8.34847, -2.74849) -> [ 1868 (-7.55141, -4.31493); ]
    239 (6.07169, 2.46144) -> [ ]
    241 (-3.9077, 13.1565) -> [ ]
    242 (19.7988, 1.60807) -> [ ]
    243 (-9.63638, 2.70014) -> [ ]
    244 (7.19985, 18.4451) -> [ 1246 (9.02436, 18.0577); ]
    247 (-7.71892, 24.7886) -> [ ]
    248 (3.94346, 14.2701) -> [ 345 (5.37996, 15.2737); 1320 (5.67658, 14.7786); 1709 (5.7271, 14.4262); ]
    249 (-9.70371, -4.06025) -> [ ]
    250 (-3.3902, 17.9951) -> [ ]
    252 (16.2868, 1.7208) -> [ 1464 (17.5826, 2.7911); 1565 (17.9228, 2.78004); ]
    253 (7.8637, 11.5328) -> [ ]
    255 (7.51114, -4.46383) -> [ ]
    256 (10.0823, -11.5469) -> [ ]
    257 (12.0115, 6.80977) -> [ 438 (13.3945, 6.81096); 560 (11.7096, 8.34956); 1518 (13.8156, 7.09297); ]
    260 (-2.37076, 7.20286) -> [ 1889 (-0.748341, 6.80537); 1926 (-3.33378, 5.47504); ]
    261 (22.7079, -1.97772) -> [ ]
    263 (10.9706, 2.86843) -> [ ]
    265 (-6.90542, 6.4196) -> [ ]
    266 (-11.7164, 11.6061) -> [ ]
    267 (18.2288, 9.83828) -> [ 1591 (18.2426, 11.7019); ]
    268 (11.0844, -6.31222) -> [ ]
    270 (-9.14722, 11.7986) -> [ 623 (-10.8003, 11.577); 1002 (-10.1964, 12.6493); ]
    271 (5.27692, 21.4681) -> [ ]
    272 (-4.13531, 8.86167) -> [ ]
    275 (17.2119, 11.1333) -> [ 1304 (15.6962, 11.5338); 1718 (15.4603, 11.8712); ]
    277 (6.97353, 18.7524) -> [ 1197 (8.5605, 18.1258); 1437 (8.64515, 19.0101); ]
    278 (12.3163, 0.664442) -> [ 897 (14.1313, 1.40872); ]
    280 (1.75356, 18.3542) -> [ 369 (3.45306, 18.9831); 991 (1.89156, 20.3447); ]
    282 (17.7064, -3.92678) -> [ 507 (19.6046, -3.83552); 1970 (19.0129, -5.34322); ]
    283 (-10.7943, 9.83134) -> [ 1567 (-11.3028, 8.85314); 1727 (-12.364, 10.6051); ]
    286 (9.50873, 2.42585) -> [ ]
    287 (21.567, 24.9015) -> [ ]
    288 (-2.64241, -8.74469) -> [ ]
    290 (21.1167, 1.71252) -> [ 1839 (22.1246, 3.16507); ]
    292 (3.119, -7.91716) -> [ ]
    293 (10.5354, 1.97787) -> [ 279 (12.1906, 2.53119); ]
    294 (17.1107, 6.84965) -> [ ]
    296 (1.54163, 12.2404) -> [ ]
    299 (16.6635, 12.659) -> [ ]
    300 (-3.29615, 16.3152) -> [ 250 (-3.3902, 17.9951); 442 (-5.01372, 15.931); 816 (-3.15425, 17.9333); 1070 (-4.03701, 15.3568); 1870 (-4.33264, 17.6942); ]
    301 (21.9906, 18.9201) -> [ ]
    302 (12.0449, 17.2636) -> [ ]
    303 (6.56745, 21.3116) -> [ 1076 (8.46486, 21.0544); ]
    304 (11.7465, -9.40199) -> [ ]
    305 (2.83591, -6.04228) -> [ ]
    306 (22.4866, 12.4825) -> [ ]
    307 (15.6957, 24.5168) -> [ ]
    308 (2.45839, -9.80491) -> [ ]
    310 (3.48238, -4.02101) -> [ ]
    311 (6.26527, 17.3442) -> [ ]
    312 (-10.9059, -8.55657) -> [ ]
    313 (-4.79137, 21.0127) -> [ ]
    314 (20.7645, 6.99981) -> [ 1661 (22.4514, 7.44659); ]
    315 (-10.9179, 10.9735) -> [ ]
    316 (18.4578, 21.6519) -> [ ]
    319 (5.28618, -1.47298) -> [ ]
    320 (22.435, 3.34177) -> [ ]
    321 (14.838, 24.1275) -> [ 1681 (16.466, 24.0755); ]
    322 (-2.7109, 24.7585) -> [ ]
    323 (11.3926, 19.0961) -> [ 1688 (12.2976, 17.7848); ]
    324 (-2.0783, -7.85421) -> [ 1814 (-3.06351, -9.29188); 1991 (-3.91265, -8.28706); ]
    325 (-2.77417, 21.348) -> [ 979 (-1.98833, 23.0629); 1187 (-4.21837, 22.3937); 1500 (-1.49848, 22.0774); 1537 (-1.66929, 22.0614); ]
    328 (0.850731, -4.83447) -> [ ]
    331 (15.8458, 17.7296) -> [ 1148 (14.7006, 16.1329); ]
    332 (-11.217, 1.47473) -> [ ]
    335 (6.32503, -7.48794) -> [ ]
    336 (-8.68972, -4.08792) -> [ ]
    342 (2.24931, -7.96108) -> [ ]
    343 (0.382353, -7.48302) -> [ 1551 (2.15575, -8.23481); ]
    345 (5.37996, 15.2737) -> [ 135 (5.97931, 13.6921); 1511 (5.9548, 13.5314); ]
    346 (14.0836, 19.9986) -> [ ]
    348 (4.11057, -10.7137) -> [ ]
    349 (22.954, -3.32543) -> [ ]
    350 (19.7947, -11.753) -> [ ]
    351 (-8.88568, 11.3403) -> [ ]
    352 (22.7336, 8.23324) -> [ ]
    354 (-5.50766, -2.83762) -> [ 1418 (-4.61217, -4.26848); ]
    355 (20.0343, -10.8766) -> [ ]
    357 (18.362, 7.6417) -> [ 1348 (17.9542, 9.57317); ]
    358 (-5.86986, 11.5985) -> [ ]
    360 (23.9581, 16.1262) -> [ ]
    363 (23.6367, 12.481) -> [ 815 (24.6064, 10.7967); ]
    364 (21.4906, -7.14248) -> [ ]
    366 (15.5547, 0.405085) -> [ ]
    367 (-7.74198, 4.99736) -> [ ]
    369 (3.45306, 18.9831) -> [ 491 (4.23771, 20.5534); ]
    370 (24.5016, -1.09291) -> [ ]
    371 (-4.16493, 4.18604) -> [ 1130 (-4.00181, 2.29996); 1973 (-3.05888, 3.04545); ]
    373 (21.0563, 14.9753) -> [ ]
    375 (-9.66507, 12.1454) -> [ ]
    376 (20.1587, -7.21685) -> [ 1967 (21.5735, -6.29163); ]
    377 (-1.13304, -4.58019) -> [ 1772 (0.0802179, -5.89312); ]
    379 (-5.31053, 1.99226) -> [ ]
    380 (-7.95929, -5.79444) -> [ ]
    382 (20.702, 24.467) -> [ 1853 (22.0865, 24.8442); ]
    384 (-4.76247, -5.09823) -> [ 1867 (-4.98548, -6.9092); ]
    387 (-0.996609, 18.8009) -> [ 1748 (-2.36942, 20.0893); ]
    388 (9.97513, 19.7004) -> [ 35 (11.5295, 18.9758); 159 (11.4105, 19.1416); 323 (11.3926, 19.0961); 1103 (11.6281, 20.326); ]
    389 (20.0455, -9.10681) -> [ 1271 (21.3763, -10.3278); 1886 (21.3979, -8.95479); ]
    391 (20.5645, 2.8789) -> [ 320 (22.435, 3.34177); 1259 (21.7634, 4.1434); ]
    392 (7.87663, 9.31291) -> [ ]
    393 (15.1117, -5.51814) -> [ ]
    396 (3.81219, -2.80842) -> [ 1924 (4.23997, -4.49988); ]
    397 (0.824947, 11.8641) -> [ ]
    398 (-10.2837, 18.0965) -> [ 1236 (-11.8665, 17.315); ]
    399 (23.1329, 5.33068) -> [ ]
    402 (20.4409, -11.2067) -> [ ]
    403 (17.8198, 0.761608) -> [ 1943 (18.9851, 2.17866); ]
    407 (16.6073, -8.06124) -> [ ]
    408 (15.9188, -6.79383) -> [ ]
    409 (13.8411, 20.912) -> [ ]
    410 (-3.32409, 24.2524) -> [ 1225 (-5.23296, 24.3923); ]
    411 (9.10333, 19.075) -> [ 861 (10.8456, 19.8022); ]
    412 (5.78734, -9.6735) -> [ ]
    413 (-6.25972, 4.63374) -> [ ]
    415 (2.89851, 4.20106) -> [ ]
    419 (3.56512, -9.6474) -> [ 177 (4.92971, -10.2164); 890 (3.09433, -10.8618); ]
    422 (-6.75987, -9.58638) -> [ ]
    424 (-7.54596, 8.7313) -> [ ]
    426 (-2.76737, 23.1017) -> [ ]
    427 (-3.27666, 17.2562) -> [ 520 (-4.46965, 16.0231); 739 (-5.0278, 16.5056); ]
    428 (7.44314, -10.5574) -> [ ]
    429 (2.49306, 0.714659) -> [ ]
    431 (20.9639, -9.22005) -> [ ]
    432 (-4.07482, 4.86683) -> [ ]
    433 (-3.48386, -5.03305) -> [ ]
    434 (11.9018, -0.608334) -> [ 1743 (13.8505, -0.4275); ]
    435 (22.6263, 1.06502) -> [ 1608 (24.299, 0.775771); 1905 (23.8087, 0.823498); 1930 (24.5917, 0.760934); ]
    437 (2.46167, -11.0831) -> [ ]
    438 (13.3945, 6.81096) -> [ 569 (15.0005, 7.17944); 1274 (14.928, 6.78168); ]
    439 (21.5308, -10.5119) -> [ 1600 (23.2979, -10.8091); ]
    441 (8.79709, -2.19073) -> [ ]
    442 (-5.01372, 15.931) -> [ 1118 (-6.61738, 15.481); 1224 (-5.73884, 17.508); ]
    444 (1.88931, 2.83497) -> [ ]
    445 (3.12269, 9.30828) -> [ ]
    447 (-3.53302, 7.70101) -> [ ]
    448 (18.8457, 19.2928) -> [ 372 (18.472, 17.9538); ]
    449 (5.32988, -3.26913) -> [ 1728 (6.15135, -1.49637); 1775 (6.63503, -4.27053); 1803 (6.7129, -4.54773); ]
    450 (-8.3365, 3.30981) -> [ 1645 (-10.1286, 2.83644); ]
    452 (-4.55017, 19.412) -> [ ]
    453 (17.6342, 15.7973) -> [ ]
    454 (17.3012, 6.9931) -> [ 1891 (17.079, 8.86351); ]
    455 (-3.99838, -4.98917) -> [ ]
    456 (-10.7803, 17.2842) -> [ 1856 (-11.2316, 18.8258); ]
    457 (-8.61579, 22.1474) -> [ 1095 (-8.867, 23.8572); 1390 (-9.59298, 22.8915); ]
    458 (-9.08702, 9.52185) -> [ 1129 (-10.0908, 8.25132); ]
    459 (3.38662, 10.7151) -> [ 78 (4.92293, 9.50632); ]
    461 (10.2888, 7.89942) -> [ 503 (10.1065, 9.7573); 888 (10.6722, 9.76238); ]
    462 (-0.940249, 2.19375) -> [ ]
    463 (-4.16578, 7.40477) -> [ ]
    464 (-2.25687, 0.328745) -> [ ]
    466 (16.548, 23.576) -> [ ]
    467 (-8.29507, -10.4285) -> [ ]
    469 (1.29887, 5.96287) -> [ ]
    473 (5.96971, 12.2088) -> [ ]
    474 (-6.54787, 12.7194) -> [ ]
    475 (-1.18095, 21.9865) -> [ 828 (-0.27195, 22.6305); 980 (0.16461, 22.7818); 1672 (-0.145298, 23.621); 1908 (-0.276401, 23.4563); ]
    476 (5.52081, 2.32428) -> [ ]
    477 (0.141941, 3.51158) -> [ ]
    478 (-2.72004, -10.7432) -> [ ]
    479 (4.21489, 12.1616) -> [ 1223 (6.09829, 12.1082); ]
    482 (-10.354, 6.8186) -> [ 1773 (-12.1617, 6.127); ]
    483 (-3.47135, -5.32896) -> [ ]
    485 (23.7936, 19.7856) -> [ 486 (24.6946, 18.5997); ]
    486 (24.6946, 18.5997) -> [ ]
    487 (18.4127, -8.38889) -> [ ]
    489 (1.62383, -4.5466) -> [ ]
    490 (24.4139, 4.0539) -> [ ]
    491 (4.23771, 20.5534) -> [ 26 (6.15078, 20.2052); 917 (6.11621, 20.1382); 1254 (5.99851, 19.893); 1571 (5.48727, 21.6449); ]
    492 (14.5838, 20.995) -> [ 524 (15.6323, 21.9442); 749 (15.9783, 19.6047); 912 (15.8163, 21.9297); ]
    493 (-7.99632, -1.56659) -> [ 1112 (-7.6145, -3.50948); 1963 (-7.38441, -3.32364); ]
    494 (21.0667, 9.40231) -> [ 1750 (20.7844, 11.0942); 1972 (21.4067, 10.4911); ]
    495 (-9.71585, 24.8992) -> [ ]
    496 (2.28386, 24.0745) -> [ ]
    497 (-1.78074, -8.88968) -> [ ]
    500 (-5.49785, 18.8913) -> [ ]
    502 (17.9579, 17.6644) -> [ 807 (18.9034, 16.3319); 1781 (17.9014, 15.6966); ]
    504 (-2.65302, 12.1485) -> [ 241 (-3.9077, 13.1565); 670 (-3.88044, 11.2344); 808 (-2.02372, 10.3377); 1052 (-3.79393, 11.0836); 1288 (-3.52237, 10.782); 1651 (-4.12357, 11.1079); 1796 (-4.2119, 12.6296); ]
    505 (12.356, 17.3105) -> [ ]
    506 (-1.36925, 12.3618) -> [ 504 (-2.65302, 12.1485); 1700 (-1.20188, 10.6696); ]
    507 (19.6046, -3.83552) -> [ 1303 (21.0085, -4.5132); ]
    508 (-10.1874, -10.8631) -> [ ]
    510 (0.297774, 7.63946) -> [ 1078 (0.894151, 5.98814); 1235 (0.363527, 6.27708); 1315 (1.33133, 6.76605); 1964 (0.253859, 5.80048); ]
    511 (-10.3571, 3.42311) -> [ 537 (-12.1844, 4.03476); 935 (-11.962, 4.07773); ]
    512 (8.06983, 20.2287) -> [ 21 (8.63523, 18.4638); 388 (9.97513, 19.7004); 411 (9.10333, 19.075); 1170 (8.6644, 21.6955); 1178 (9.49587, 18.8671); 1528 (9.61603, 19.2596); ]
    513 (4.35763, -10.6149) -> [ ]
    514 (-4.2043, 23.1837) -> [ ]
    516 (21.264, 7.45002) -> [ ]
    517 (15.7558, -7.94275) -> [ ]
    518 (-0.166306, 13.0106) -> [ 942 (0.393292, 11.3968); ]
    519 (14.2904, -6.38024) -> [ ]
    520 (-4.46965, 16.0231) -> [ 954 (-5.7989, 14.9685); ]
    521 (5.24186, 13.4422) -> [ ]
    522 (14.2018, 17.4097) -> [ 532 (14.2643, 15.5846); ]
    523 (2.86507, 20.7201) -> [ ]
    524 (15.6323, 21.9442) -> [ ]
    527 (7.24046, -1.56389) -> [ ]
    528 (11.4163, -0.912021) -> [ 566 (12.3472, -2.62764); ]
    529 (19.1351, 11.1172) -> [ ]
    530 (2.13887, -8.86192) -> [ ]
    532 (14.2643, 15.5846) -> [ ]
    533 (-8.82297, -7.54447) -> [ 1646 (-8.11888, -9.08493); ]
    534 (18.8085, -11.6015) -> [ ]
    535 (19.1427, 1.92665) -> [ ]
    536 (2.59061, -9.43168) -> [ ]
    538 (8.34381, -6.51517) -> [ ]
    541 (0.562524, 18.2175) -> [ ]
    542 (7.9733, -9.03251) -> [ ]
    543 (15.281, 13.7076) -> [ ]
    544 (6.62362, 5.57389) -> [ 1434 (7.88884, 4.04003); ]
    548 (-9.59237, -5.62045) -> [ 236 (-11.4524, -5.55181); 1436 (-8.64718, -7.08891); 1533 (-10.1428, -7.43931); 1778 (-10.6345, -6.34155); ]
    549 (-5.85859, 8.39126) -> [ 463 (-4.16578, 7.40477); ]
    550 (15.9146, 9.27959) -> [ ]
    552 (0.403031, 22.1769) -> [ ]
    553 (2.76201, 15.6756) -> [ 204 (4.61822, 15.8739); 786 (3.62403, 14.0826); 1523 (4.08155, 16.9482); 1890 (4.5063, 16.505); 1945 (4.13591, 14.6043); ]
    554 (-4.8212, -9.88619) -> [ ]
    555 (2.50782, 23.2252) -> [ 1821 (3.29963, 24.9359); 1912 (3.73799, 23.889); ]
    556 (-9.10748, 0.0930354) -> [ ]
    557 (-5.69211, 0.382381) -> [ 1008 (-5.14031, -1.33737); 1190 (-4.70825, -1.10173); ]
    560 (11.7096, 8.34956) -> [ 1268 (12.6173, 9.99805); ]
    561 (-2.553, -5.99298) -> [ ]
    562 (15.09, 10.1569) -> [ 920 (13.8295, 11.5663); ]
    563 (15.2764, 0.486667) -> [ ]
    564 (-7.01954, 11.3017) -> [ ]
    566 (12.3472, -2.62764) -> [ 933 (14.1608, -2.34208); 1195 (13.9803, -2.38898); ]
    567 (8.00755, 15.5666) -> [ ]
    570 (-1.40816, 18.9552) -> [ ]
    571 (15.7549, 21.3843) -> [ ]
    572 (6.95433, -5.20249) -> [ 1588 (7.75502, -6.52332); ]
    575 (-0.394569, -6.93969) -> [ ]
    576 (4.33287, 5.09555) -> [ 1900 (5.25046, 3.48738); ]
    578 (15.545, 14.0392) -> [ ]
    580 (15.7694, 7.28118) -> [ 1715 (15.756, 8.90808); ]
    581 (13.4137, -2.34649) -> [ ]
    582 (24.907, -4.95974) -> [ ]
    587 (-1.99369, 19.6714) -> [ 325 (-2.77417, 21.348); 854 (-3.07208, 20.5948); 1429 (-1.21228, 20.5904); 1485 (-3.86114, 20.1054); 1994 (-2.91517, 20.6131); ]
    588 (-11.0637, -3.16987) -> [ ]
    589 (3.89902, 0.549568) -> [ ]
    590 (-5.57491, -11.1314) -> [ 1142 (-4.28098, -12.4285); ]
    591 (17.3211, -8.71147) -> [ 986 (19.1301, -8.79244); ]
    592 (12.2634, 6.18437) -> [ ]
    594 (23.365, 6.51921) -> [ ]
    596 (4.41424, 12.0029) -> [ 1806 (5.83935, 10.7021); ]
    597 (21.0826, 15.5134) -> [ ]
    598 (15.0278, 0.454651) -> [ 1373 (16.3765, -0.365597); 1596 (16.5902, 1.10416); 1745 (16.2917, 0.0124286); ]
    601 (5.43141, 4.93336) -> [ 1536 (7.35295, 4.47495); ]
    603 (-10.4253, 1.26303) -> [ ]
    604 (17.6701, 10.1952) -> [ ]
    605 (3.18592, 10.0474) -> [ 852 (1.75014, 9.31795); 1668 (4.73069, 10.4037); ]
    606 (-1.83926, -11.5938) -> [ ]
    607 (20.7379, 18.9866) -> [ ]
    608 (5.82766, -9.16945) -> [ ]
    610 (17.9367, -10.4497) -> [ ]
    611 (8.82658, 3.99508) -> [ 1754 (10.7471, 4.29675); 1862 (10.1223, 5.42089); ]
    612 (2.81305, 18.6646) -> [ ]
    613 (13.5824, 9.39802) -> [ 821 (12.4641, 10.3806); 1188 (13.9098, 11.267); ]
    614 (-7.43998, -4.04893) -> [ ]
    615 (20.7394, -5.00366) -> [ 385 (21.9603, -3.56524); 908 (21.6068, -3.63403); 1625 (21.9944, -4.00552); 1898 (22.221, -6.27005); ]
    617 (2.30654, -8.97071) -> [ 694 (3.59151, -10.3712); ]
    618 (0.66715, 1.68621) -> [ ]
    620 (4.24794, 19.7268) -> [ 60 (6.01272, 19.5527); ]
    622 (2.13813, -3.58718) -> [ 1272 (3.2132, -2.27608); ]
    623 (-10.8003, 11.577) -> [ ]
    626 (-5.43473, 9.12089) -> [ ]
    628 (-10.5776, -2.1872) -> [ ]
    630 (-8.90307, -10.296) -> [ 1044 (-10.6137, -11.2337); ]
    633 (16.4062, -2.46167) -> [ 282 (17.7064, -3.92678); ]
    634 (6.94688, 24.0314) -> [ ]
    635 (-6.9493, -10.4393) -> [ ]
    637 (20.8489, 12.1704) -> [ ]
    638 (-8.84523, 9.50597) -> [ ]
    639 (-5.73404, 13.1132) -> [ ]
    640 (-5.79598, 13.5571) -> [ 80 (-7.60422, 13.6353); 224 (-7.69554, 13.6917); ]
    641 (14.0553, -5.57811) -> [ ]
    642 (20.2482, 14.15) -> [ ]
    643 (7.84415, -8.75553) -> [ ]
    644 (7.86981, -0.691567) -> [ ]
    648 (15.9769, 16.4212) -> [ 957 (15.8986, 14.4263); 1276 (15.7529, 14.6747); ]
    652 (-8.11047, -10.5007) -> [ 1829 (-9.39808, -11.8205); ]
    653 (13.8106, 21.1403) -> [ ]
    657 (-7.1742, 18.5193) -> [ ]
    658 (-2.22712, -9.17056) -> [ 1618 (-0.839457, -9.94642); ]
    660 (-10.9365, 20.8832) -> [ ]
    661 (7.83553, 21.5279) -> [ 251 (8.58014, 19.6892); ]
    662 (11.2616, -5.11256) -> [ ]
    663 (16.0097, -2.73535) -> [ 839 (17.7845, -2.07605); 1014 (17.9866, -2.57181); ]
    664 (21.0893, 10.0564) -> [ ]
    666 (9.01377, -0.867957) -> [ ]
    669 (-1.23257, -7.89335) -> [ 796 (-0.881164, -9.77911); ]
    670 (-3.88044, 11.2344) -> [ ]
    671 (-1.4445, 2.96242) -> [ ]
    677 (-6.2597, 20.1595) -> [ 1164 (-7.34122, 19.2444); ]
    678 (-12.3384, 4.43503) -> [ ]
    680 (4.47156, 19.3424) -> [ 47 (6.1131, 18.5843); 841 (6.41743, 19.2134); ]
    681 (19.6032, 3.75028) -> [ 1782 (19.6191, 5.18427); ]
    682 (20.1754, 24.4672) -> [ ]
    683 (-1.86472, 0.480271) -> [ ]
    685 (8.89523, -3.87963) -> [ ]
    686 (22.0003, 18.197) -> [ ]
    688 (-5.02232, 6.76337) -> [ ]
    689 (17.4087, 9.3814) -> [ ]
    690 (-6.66434, -8.68706) -> [ 909 (-5.31931, -9.48729); 1487 (-6.18576, -10.3864); 1508 (-4.89452, -7.79454); ]
    691 (15.8549, 10.7923) -> [ 812 (14.2395, 11.666); 1019 (14.4067, 11.6556); 1421 (14.3419, 11.7124); ]
    692 (-6.58796, -9.26995) -> [ ]
    693 (2.61771, 5.62828) -> [ 1747 (4.50872, 6.09809); 1794 (4.15042, 5.95949); ]
    694 (3.59151, -10.3712) -> [ 170 (5.51089, -10.7923); 202 (4.13229, -12.2412); 471 (3.6487, -11.8221); 1481 (2.56517, -11.3714); 1482 (2.21211, -11.0138); ]
    696 (13.3153, -2.91695) -> [ 440 (13.6503, -4.73525); ]
    698 (-11.3753, 1.82043) -> [ 1473 (-11.2898, 0.0300062); 1554 (-11.3875, 0.351283); 1597 (-10.5592, 0.733169); 1788 (-12.3269, 0.471929); 1809 (-12.2569, 0.90445); ]
    699 (7.34476, 2.93081) -> [ ]
    700 (14.2516, -4.00971) -> [ 205 (15.1805, -5.04766); 225 (14.459, -5.96536); 393 (15.1117, -5.51814); 1358 (14.5377, -5.60481); 1384 (13.5857, -4.88); ]
    701 (11.7046, -12.1089) -> [ ]
    703 (-8.32112, 0.313406) -> [ 493 (-7.99632, -1.56659); ]
    704 (-7.0479, 17.5618) -> [ ]
    705 (20.9281, -1.01268) -> [ ]
    709 (-6.33983, 12.2013) -> [ 1685 (-7.98986, 11.3567); 1761 (-6.12064, 10.3133); ]
    711 (7.48016, -7.37006) -> [ ]
    712 (13.8349, 22.7596) -> [ ]
    713 (11.3349, 5.24209) -> [ 1638 (12.4701, 6.17343); ]
    714 (8.12376, -4.64159) -> [ ]
    715 (-0.221445, 2.39039) -> [ ]
    716 (-6.07535, 19.321) -> [ ]
    717 (-3.07545, 2.82178) -> [ 1336 (-2.37856, 0.978248); ]
    719 (9.10358, -3.485) -> [ ]
    720 (0.606897, 0.404115) -> [ 122 (0.842481, -0.626206); 733 (1.6837, -0.696815); 1084 (1.34384, -1.35994); 1226 (-0.378809, -0.935409); 1477 (-0.209024, -1.40826); ]
    724 (11.144, 4.56373) -> [ 592 (12.2634, 6.18437); ]
    725 (-7.31025, -5.19111) -> [ 1331 (-7.14973, -6.9765); 1444 (-7.32649, -6.97085); ]
    726 (17.9338, -5.73349) -> [ ]
    728 (-6.06902, -9.01288) -> [ 1925 (-5.31697, -10.4231); ]
    729 (-12.4547, -4.92363) -> [ 1582 (-12.1814, -6.60915); ]
    731 (11.3199, -5.7077) -> [ ]
    732 (6.96026, -11.6933) -> [ 337 (7.94842, -11.7198); 1262 (8.5367, -12.3398); 1313 (7.83927, -10.4796); ]
    734 (12.9976, 17.643) -> [ 395 (12.004, 16.2555); 406 (11.7859, 16.5143); 451 (12.6858, 15.7119); 882 (14.5569, 16.7799); 985 (12.6606, 16.0339); 1229 (14.1262, 16.2973); 1341 (14.4766, 17.6555); 1435 (14.355, 16.5969); ]
    736 (-11.1532, -4.13753) -> [ 729 (-12.4547, -4.92363); 1127 (-11.808, -5.30841); ]
    737 (-2.42347, 8.68818) -> [ 1847 (-1.34507, 7.00497); ]
    738 (4.48466, 13.4688) -> [ 13 (6.34435, 12.8334); ]
    739 (-5.0278, 16.5056) -> [ 1309 (-5.47356, 18.3395); 1498 (-5.77493, 17.9535); 1538 (-5.48244, 18.024); 1612 (-5.39065, 17.9364); ]
    740 (22.0201, 7.20105) -> [ ]
    741 (6.55243, 16.5914) -> [ 193 (8.03732, 15.2764); 936 (7.9422, 15.3971); ]
    742 (1.02487, 16.8311) -> [ 499 (-0.195926, 16.8277); 541 (0.562524, 18.2175); 835 (1.72284, 18.6866); 996 (2.17236, 18.4129); 1388 (2.50801, 16.7922); 1572 (0.756584, 15.0085); 1660 (-0.912437, 16.8447); ]
    744 (20.6816, 23.868) -> [ ]
    745 (19.3136, -11.8936) -> [ 1845 (20.3608, -10.464); ]
    748 (6.0977, 17.1091) -> [ 20 (7.99023, 16.5706); 277 (6.97353, 18.7524); 1400 (7.15798, 15.4962); ]
    749 (15.9783, 19.6047) -> [ 1249 (15.0657, 17.8972); ]
    750 (2.93305, 1.44903) -> [ ]
    751 (3.81808, 3.55984) -> [ ]
    752 (8.85779, -4.52306) -> [ 1096 (9.52524, -6.28234); ]
    753 (20.4987, -3.09266) -> [ ]
    754 (24.0419, 20.0686) -> [ 1837 (24.8787, 19.3777); ]
    755 (-1.94137, 24.9071) -> [ ]
    756 (19.6597, 18.6761) -> [ 1216 (20.8029, 17.5137); ]
    758 (-1.39451, 2.31142) -> [ 1976 (0.345725, 1.8891); ]
    759 (22.4324, 0.778004) -> [ ]
    760 (6.65564, -1.16266) -> [ ]
    761 (21.2798, 2.20931) -> [ 951 (22.1024, 3.84019); 1509 (22.4108, 3.80712); ]
    762 (21.0593, 23.1214) -> [ ]
    764 (18.2864, -9.37195) -> [ ]
    766 (0.504879, 18.4282) -> [ 318 (1.49656, 19.7944); 570 (-1.40816, 18.9552); 1012 (1.66281, 19.7349); 1160 (-0.691875, 19.1102); ]
    769 (-7.33074, 11.2159) -> [ 1306 (-8.52067, 10.7537); ]
    771 (14.6516, 21.1774) -> [ 55 (16.0589, 20.2086); 1302 (16.3774, 20.8971); 1469 (15.9553, 21.9706); 1960 (16.3023, 20.3247); ]
    772 (8.67604, -7.53177) -> [ ]
    773 (17.0586, 7.37816) -> [ 1913 (17.5602, 9.03469); ]
    774 (-7.92923, 20.3676) -> [ 814 (-9.71354, 19.8578); ]
    776 (4.42337, -9.53842) -> [ ]
    777 (-7.24542, 9.59231) -> [ 1906 (-7.5723, 7.9632); ]
    778 (20.1612, -5.31778) -> [ 383 (21.4213, -5.69312); ]
    779 (18.5534, -2.60561) -> [ 1594 (19.4578, -0.826286); 1642 (19.9985, -1.87148); ]
    780 (-9.54211, 5.64926) -> [ ]
    782 (-0.727365, 22.7207) -> [ ]
    783 (-3.89829, -0.223054) -> [ ]
    784 (9.3084, 2.85932) -> [ 1458 (10.9782, 2.3041); ]
    785 (17.1154, 14.8904) -> [ 578 (15.545, 14.0392); 1231 (16.0911, 13.3908); 1677 (17.1434, 13.2422); ]
    786 (3.62403, 14.0826) -> [ 1248 (4.78523, 15.6727); ]
    787 (4.06479, -5.66731) -> [ 1691 (5.34463, -4.58951); ]
    789 (-8.21576, 5.94679) -> [ ]
    790 (1.71034, 21.4188) -> [ 555 (2.50782, 23.2252); 1630 (1.27734, 23.2599); 1978 (0.88507, 23.0945); ]
    793 (-6.24541, -10.6255) -> [ ]
    794 (22.2447, 13.9155) -> [ 1194 (24.1588, 13.5728); ]
    797 (22.8476, -7.88728) -> [ ]
    798 (12.9769, 0.514391) -> [ 1859 (14.2359, -0.300149); ]
    802 (7.03068, -6.78662) -> [ ]
    804 (20.0835, 22.4318) -> [ 1406 (21.5188, 21.1691); 1432 (21.5652, 21.2671); ]
    805 (-0.0117328, 20.5726) -> [ 475 (-1.18095, 21.9865); 790 (1.71034, 21.4188); 1389 (-1.77283, 20.2551); ]
    806 (10.3335, 1.91629) -> [ ]
    807 (18.9034, 16.3319) -> [ 846 (19.8301, 14.9243); 1502 (18.253, 14.7202); ]
    808 (-2.02372, 10.3377) -> [ ]
    811 (14.2944, -7.53844) -> [ 1801 (14.5436, -5.67906); ]
    813 (18.5179, -9.99499) -> [ ]
    814 (-9.71354, 19.8578) -> [ 1559 (-11.2641, 20.6635); 1817 (-10.6461, 21.1185); ]
    818 (8.19408, 0.585566) -> [ 1858 (9.57554, 0.0168209); ]
    819 (-5.88991, -9.21823) -> [ 590 (-5.57491, -11.1314); ]
    822 (-7.14391, 0.730862) -> [ 1842 (-8.95905, 0.165602); ]
    823 (13.3473, -10.7304) -> [ ]
    824 (-9.6941, 23.0301) -> [ ]
    827 (-9.38835, -6.52604) -> [ ]
    828 (-0.27195, 22.6305) -> [ ]
    831 (22.5488, 21.0989) -> [ ]
    832 (-3.054, 4.36311) -> [ ]
    833 (14.9435, 3.20253) -> [ ]
    835 (1.72284, 18.6866) -> [ 568 (2.99311, 17.7532); 1606 (1.23379, 20.5392); 1712 (2.91169, 20.2096); 1955 (2.95689, 19.9742); ]
    836 (18.3083, -7.30888) -> [ 376 (20.1587, -7.21685); 443 (19.5041, -7.89848); ]
    838 (15.1888, -10.7874) -> [ ]
    839 (17.7845, -2.07605) -> [ ]
    840 (-9.65273, 4.79635) -> [ 338 (-10.1074, 3.00374); ]
    841 (6.41743, 19.2134) -> [ 25 (8.14882, 20.1166); 1703 (8.02101, 18.8869); 1869 (8.13538, 18.2701); ]
    844 (6.12402, 24.6323) -> [ 1199 (7.80162, 24.0566); ]
    848 (-1.82245, -4.77826) -> [ ]
    852 (1.75014, 9.31795) -> [ ]
    853 (21.9357, 11.7091) -> [ ]
    854 (-3.07208, 20.5948) -> [ ]
    855 (12.2287, 23.9513) -> [ ]
    858 (24.6617, -5.17823) -> [ 710 (24.7703, -6.86824); ]
    859 (22.4188, 9.22622) -> [ 1711 (22.5224, 10.9346); ]
    862 (-5.487, 11.2471) -> [ ]
    863 (8.00348, -2.9783) -> [ 752 (8.85779, -4.52306); ]
    865 (22.6681, 1.38336) -> [ ]
    870 (23.7979, 19.1468) -> [ 1838 (24.4056, 17.6031); ]
    871 (-6.47592, 4.25163) -> [ 157 (-7.26291, 2.42611); 1825 (-7.95728, 2.9949); ]
    872 (-3.26308, -8.96372) -> [ ]
    873 (-9.80509, 8.247) -> [ ]
    874 (5.62462, -4.80716) -> [ ]
    875 (14.5926, 0.66838) -> [ 252 (16.2868, 1.7208); 1387 (16.2177, 1.65326); ]
    877 (6.68917, 1.545) -> [ 69 (8.56523, 1.33891); 340 (8.61932, 1.65679); 600 (7.99327, 2.01349); 818 (8.19408, 0.585566); 904 (8.05939, 0.448221); 1036 (6.59498, -0.157016); 1521 (8.33405, 1.78677); 1622 (7.83711, 0.416169); 1953 (8.31027, 1.10894); ]
    878 (3.19738, 10.8411) -> [ 445 (3.12269, 9.30828); 1023 (4.70532, 9.98019); ]
    879 (-6.33529, 5.70622) -> [ 162 (-6.02016, 3.99313); 367 (-7.74198, 4.99736); ]
    880 (22.3488, -1.65474) -> [ 1295 (24.0164, -2.69335); 1783 (24.1922, -2.33591); ]
    882 (14.5569, 16.7799) -> [ 317 (14.9112, 14.8224); 1033 (14.8333, 15.2416); 1279 (15.3943, 15.121); 1613 (14.9285, 15.2272); ]
    884 (20.7822, 5.72475) -> [ ]
    885 (5.01736, -6.91415) -> [ ]
    886 (1.98397, 11.9694) -> [ 459 (3.38662, 10.7151); 878 (3.19738, 10.8411); ]
    889 (24.0136, 3.20421) -> [ ]
    891 (19.7576, -1.18759) -> [ ]
    892 (1.28137, -7.36072) -> [ 1887 (3.07375, -6.87359); ]
    893 (5.22122, 15.9932) -> [ ]
    894 (-10.4606, -0.602298) -> [ ]
    895 (-3.17701, -5.20523) -> [ ]
    897 (14.1313, 1.40872) -> [ 833 (14.9435, 3.20253); ]
    898 (9.85071, 18.8176) -> [ ]
    899 (1.94365, 8.76492) -> [ ]
    900 (4.42621, 21.1145) -> [ 1983 (5.68026, 19.6368); ]
    901 (13.1104, 0.240431) -> [ 192 (13.5846, -1.38955); 598 (15.0278, 0.454651); 875 (14.5926, 0.66838); ]
    902 (15.685, -3.35236) -> [ 1558 (17.5719, -3.86713); 1719 (17.2756, -4.34824); ]
    904 (8.05939, 0.448221) -> [ 666 (9.01377, -0.867957); 1919 (8.40088, -1.40129); ]
    906 (4.80557, 2.71877) -> [ 132 (5.52064, 0.880071); 134 (5.78259, 1.02426); ]
    907 (1.27488, 8.78834) -> [ 1937 (1.45194, 6.95131); 1958 (1.18709, 7.08869); ]
    908 (21.6068, -3.63403) -> [ ]
    910 (5.53182, 0.719437) -> [ ]
    911 (-11.2509, -6.67394) -> [ ]
    912 (15.8163, 21.9297) -> [ ]
    913 (9.98704, -2.31379) -> [ 298 (11.8879, -2.88619); ]
    914 (24.9753, 15.849) -> [ 800 (24.7343, 14.1056); ]
    917 (6.11621, 20.1382) -> [ ]
    919 (3.05534, 3.67259) -> [ 1915 (4.71641, 2.77236); ]
    921 (22.537, 15.47) -> [ ]
    922 (5.69932, -1.25673) -> [ 1876 (7.5541, -0.712498); ]
    923 (-1.93494, 1.49973) -> [ ]
    924 (19.6248, 13.6684) -> [ 547 (18.2567, 12.3567); 1423 (18.9264, 12.1015); ]
    925 (-7.41802, 12.9863) -> [ ]
    929 (-3.45924, 5.35064) -> [ ]
    930 (23.9805, -1.65001) -> [ 768 (24.5096, -0.526906); ]
    931 (-2.78929, 1.91883) -> [ ]
    932 (6.69345, 7.35614) -> [ 48 (8.14705, 6.23657); 544 (6.62362, 5.57389); 1176 (7.88409, 7.24715); 1403 (7.26275, 5.96235); 1846 (8.19872, 6.86288); 1850 (8.45173, 7.83372); 1939 (7.9574, 5.99281); ]
    933 (14.1608, -2.34208) -> [ ]
    937 (-4.64485, 6.01784) -> [ 929 (-3.45924, 5.35064); ]
    938 (0.632294, 7.62826) -> [ ]
    939 (21.7383, -1.33438) -> [ 636 (22.8263, -2.90486); 1985 (23.3372, -1.17497); ]
    940 (-6.4537, 8.54553) -> [ 1981 (-7.37117, 7.33587); ]
    941 (5.53886, 17.2104) -> [ 1016 (7.28175, 17.5693); ]
    942 (0.393292, 11.3968) -> [ ]
    943 (19.3652, -10.0425) -> [ ]
    946 (12.1009, 22.1019) -> [ ]
    947 (8.56678, 8.78794) -> [ 418 (8.57603, 10.6077); ]
    948 (10.6417, 0.63476) -> [ 1863 (12.2947, 0.228408); ]
    949 (16.7878, -7.80506) -> [ ]
    951 (22.1024, 3.84019) -> [ 1860 (22.8785, 5.05922); ]
    952 (4.12733, 23.2609) -> [ 191 (5.24454, 23.816); 1297 (5.80612, 22.5934); ]
    953 (19.1618, -5.40265) -> [ ]
    954 (-5.7989, 14.9685) -> [ 1555 (-6.91797, 13.6282); 1962 (-7.54613, 15.1926); ]
    955 (18.2661, 22.7523) -> [ 804 (20.0835, 22.4318); ]
    956 (11.5566, -8.37988) -> [ 1698 (12.8473, -7.57826); ]
    957 (15.8986, 14.4263) -> [ 299 (16.6635, 12.659); 905 (14.1407, 13.6882); ]
    959 (-8.97166, 16.236) -> [ ]
    960 (-5.39486, 1.9368) -> [ 557 (-5.69211, 0.382381); ]
    962 (4.2335, -2.26891) -> [ 449 (5.32988, -3.26913); 1576 (6.12476, -1.95458); ]
    963 (19.4656, -10.7601) -> [ 1874 (20.4111, -11.9919); ]
    964 (-8.45989, 17.3044) -> [ ]
    965 (3.56234, -9.43594) -> [ 1247 (4.41841, -10.9716); 1296 (3.46275, -11.2519); ]
    966 (-5.98179, 12.6434) -> [ 213 (-7.90125, 12.0836); 769 (-7.33074, 11.2159); ]
    967 (-10.8517, 17.2009) -> [ 1580 (-11.9981, 16.0123); ]
    970 (-12.06, 7.37586) -> [ 867 (-12.0001, 6.25703); ]
    971 (-8.27685, 18.3264) -> [ 163 (-10.0019, 19.217); ]
    972 (20.6699, 20.764) -> [ 831 (22.5488, 21.0989); ]
    974 (12.246, -7.30418) -> [ ]
    975 (-9.44924, 7.0941) -> [ 297 (-8.56681, 5.32145); 1201 (-10.312, 6.05436); 1721 (-10.6229, 5.72039); ]
    977 (-3.25114, -1.30245) -> [ ]
    979 (-1.98833, 23.0629) -> [ 322 (-2.7109, 24.7585); 368 (-1.46363, 24.9877); 410 (-3.32409, 24.2524); 755 (-1.94137, 24.9071); 1010 (-2.39206, 24.3088); 1240 (-1.62653, 24.4667); 1452 (-2.19812, 24.4157); 1666 (-1.43522, 24.7107); 1797 (-1.72287, 24.7613); ]
    981 (23.0004, 13.0645) -> [ ]
    983 (22.369, 22.1953) -> [ 993 (24.3097, 22.6785); ]
    986 (19.1301, -8.79244) -> [ ]
    988 (-1.28604, 14.2954) -> [ 1519 (-3.08332, 14.474); ]
    989 (10.8126, -6.1386) -> [ ]
    990 (10.742, 3.00079) -> [ ]
    991 (1.89156, 20.3447) -> [ 274 (3.3147, 21.0812); 1629 (3.13303, 21.6821); ]
    993 (24.3097, 22.6785) -> [ ]
    994 (-10.0135, -7.95074) -> [ ]
    995 (-4.00353, 4.69528) -> [ ]
    997 (2.5747, -9.8462) -> [ 1813 (1.51628, -11.4145); ]
    1000 (-0.389517, 12.6739) -> [ 1339 (-1.61234, 11.4924); 1475 (-1.7308, 11.7362); ]
    1001 (16.703, 16.5373) -> [ 785 (17.1154, 14.8904); ]
    1002 (-10.1964, 12.6493) -> [ ]
    1003 (-1.07522, -6.05787) -> [ ]
    1004 (2.37985, -7.76598) -> [ ]
    1005 (0.751913, -5.69624) -> [ ]
    1007 (19.8236, 14.1347) -> [ ]
    1008 (-5.14031, -1.33737) -> [ 51 (-4.31484, -2.52344); 85 (-4.05302, -1.26926); 977 (-3.25114, -1.30245); ]
    1012 (1.66281, 19.7349) -> [ 651 (3.35057, 20.6943); ]
    1013 (15.9939, -10.2349) -> [ ]
    1014 (17.9866, -2.57181) -> [ ]
    1017 (18.9896, -0.0697915) -> [ 1628 (20.5962, -1.13136); ]
    1020 (8.71012, -9.24063) -> [ ]
    1022 (12.2469, 21.9826) -> [ 1643 (12.9818, 23.7951); ]
    1023 (4.70532, 9.98019) -> [ 264 (4.68248, 8.05337); 1987 (6.39734, 8.96025); ]
    1027 (18.3662, 9.97429) -> [ ]
    1028 (-7.47132, -10.3038) -> [ 584 (-6.33244, -11.8154); 950 (-8.19274, -12.1217); 1380 (-8.93479, -11.3575); ]
    1029 (-9.36841, -8.23738) -> [ ]
    1031 (8.22283, -5.34458) -> [ 802 (7.03068, -6.78662); ]
    1033 (14.8333, 15.2416) -> [ ]
    1034 (-4.94645, 0.73782) -> [ 109 (-3.41467, -0.486051); ]
    1036 (6.59498, -0.157016) -> [ ]
    1040 (-2.96001, -4.27662) -> [ 1299 (-2.83529, -6.12485); ]
    1042 (-10.4644, 9.89401) -> [ 1383 (-9.77428, 9.10205); 1385 (-9.63352, 8.291); 1671 (-11.4301, 8.20037); ]
    1043 (-5.07013, -7.08752) -> [ ]
    1048 (13.9235, -10.5405) -> [ 1290 (15.2485, -11.6315); 1961 (15.6497, -10.6654); ]
    1049 (2.5232, 19.3722) -> [ ]
    1050 (21.9008, 9.32368) -> [ ]
    1052 (-3.79393, 11.0836) -> [ 1505 (-3.21237, 9.282); ]
    1054 (7.443, 9.65805) -> [ 1857 (8.28386, 11.2376); ]
    1055 (13.5254, 23.8013) -> [ ]
    1059 (-1.4731, 8.1814) -> [ ]
    1060 (-10.3733, 17.1121) -> [ 1468 (-12.2909, 17.216); ]
    1061 (18.2934, -4.70361) -> [ 1037 (19.6576, -5.11875); ]
    1062 (-1.3947, -5.30438) -> [ 1626 (0.261715, -6.10397); ]
    1064 (-2.01508, -4.15188) -> [ 539 (-0.748835, -4.81832); 1239 (-0.643844, -5.1355); 1467 (-0.314342, -5.19897); ]
    1065 (18.9235, 8.02135) -> [ 103 (20.6428, 7.79367); ]
    1066 (0.690579, 12.6547) -> [ 927 (1.97373, 11.4013); ]
    1067 (22.7419, 24.2113) -> [ 1610 (24.4354, 24.0597); ]
    1068 (17.7698, 2.11345) -> [ ]
    1073 (-0.706844, 16.1736) -> [ 1202 (-2.27456, 15.7264); 1453 (-1.85752, 17.1542); ]
    1074 (0.836605, -2.09428) -> [ ]
    1075 (15.4457, -2.96766) -> [ 404 (14.4042, -4.23882); 1394 (16.9624, -2.71594); ]
    1078 (0.894151, 5.98814) -> [ 693 (2.61771, 5.62828); 1882 (2.36296, 5.01012); ]
    1079 (22.1973, 15.2776) -> [ 794 (22.2447, 13.9155); ]
    1080 (16.5347, 4.04303) -> [ 374 (16.9282, 5.0856); 849 (16.0993, 5.37296); 1192 (17.2072, 5.0835); 1328 (17.5619, 5.42587); 1599 (18.0668, 4.81915); 1619 (16.226, 5.83524); ]
    1082 (-5.13326, -4.23736) -> [ 433 (-3.48386, -5.03305); 455 (-3.99838, -4.98917); 483 (-3.47135, -5.32896); ]
    1083 (-9.05229, 17.7871) -> [ ]
    1084 (1.34384, -1.35994) -> [ 856 (-0.0648041, -2.35974); 1230 (2.40656, -2.42181); 1260 (0.0377373, -2.28124); 1777 (0.770189, -3.21731); ]
    1085 (0.919111, -11.3073) -> [ ]
    1086 (-3.48443, -2.23554) -> [ ]
    1087 (-7.18331, 8.9609) -> [ ]
    1088 (7.88344, -8.91956) -> [ ]
    1090 (-1.37122, -7.38474) -> [ 343 (0.382353, -7.48302); 497 (-1.78074, -8.88968); 658 (-2.22712, -9.17056); ]
    1092 (-9.12338, -1.20295) -> [ ]
    1093 (21.0657, -6.27905) -> [ 221 (22.3344, -7.37574); ]
    1094 (-2.11226, 9.02899) -> [ 260 (-2.37076, 7.20286); ]
    1095 (-8.867, 23.8572) -> [ ]
    1096 (9.52524, -6.28234) -> [ 268 (11.0844, -6.31222); 834 (11.2486, -5.53448); 1165 (7.86338, -7.18212); ]
    1098 (-7.60751, 0.635251) -> [ 1449 (-9.24939, 0.124155); 1466 (-8.86112, -0.481108); 1636 (-8.03905, -1.0249); 1658 (-8.00107, -1.24128); 1802 (-7.09093, -0.716562); ]
    1100 (-9.95913, -3.69596) -> [ ]
    1101 (-5.83779, -5.68621) -> [ ]
    1103 (11.6281, 20.326) -> [ 39 (13.3091, 19.8884); 121 (13.2597, 20.7553); 860 (13.3323, 20.5331); 1207 (12.6424, 21.0011); ]
    1105 (18.59, -9.93577) -> [ ]
    1106 (20.4656, 14.6904) -> [ 1914 (20.0804, 12.8159); ]
    1108 (-5.06777, -3.59856) -> [ ]
    1111 (6.72388, 13.324) -> [ ]
    1112 (-7.6145, -3.50948) -> [ ]
    1113 (22.9262, 10.0525) -> [ ]
    1114 (-8.55855, 13.9811) -> [ ]
    1117 (-2.5253, 23.5541) -> [ ]
    1118 (-6.61738, 15.481) -> [ 1787 (-8.56554, 15.8337); ]
    1119 (-6.80546, 8.32104) -> [ ]
    1120 (12.3655, -6.50873) -> [ ]
    1122 (15.7101, 16.482) -> [ 999 (17.1058, 15.7399); 1974 (14.4719, 15.3084); ]
    1123 (-9.03432, 9.09215) -> [ 876 (-10.7748, 8.96075); 1039 (-10.6366, 9.14321); ]
    1124 (24.1296, 1.81236) -> [ ]
    1125 (-7.40158, 9.42063) -> [ 1340 (-7.4548, 7.90906); 1353 (-8.21126, 7.604); ]
    1126 (-10.793, 21.8342) -> [ ]
    1128 (16.6072, 16.51) -> [ 1936 (18.487, 16.9553); ]
    1129 (-10.0908, 8.25132) -> [ ]
    1130 (-4.00181, 2.29996) -> [ 1034 (-4.94645, 0.73782); ]
    1131 (22.3426, 20.0792) -> [ ]
    1132 (-6.59419, 6.0654) -> [ 1918 (-6.32963, 4.10103); ]
    1133 (-10.2926, 21.9342) -> [ ]
    1134 (12.707, -7.74661) -> [ ]
    1135 (-7.76675, 4.08089) -> [ ]
    1137 (-4.46605, 7.24648) -> [ ]
    1138 (6.40828, 21.6042) -> [ 1177 (8.24076, 21.3195); ]
    1141 (15.9214, 18.6643) -> [ ]
    1143 (13.2097, 9.23559) -> [ 386 (13.6093, 11.031); ]
    1145 (7.8335, 5.32037) -> [ 1940 (9.41923, 6.22198); ]
    1146 (3.28767, -9.73089) -> [ 348 (4.11057, -10.7137); 513 (4.35763, -10.6149); ]
    1147 (0.549677, 21.8625) -> [ 782 (-0.727365, 22.7207); ]
    1148 (14.7006, 16.1329) -> [ ]
    1151 (-4.49005, 5.56334) -> [ 413 (-6.25972, 4.63374); ]
    1152 (13.0871, -7.28623) -> [ ]
    1153 (-11.1154, 0.0975426) -> [ ]
    1155 (8.06016, -1.69619) -> [ ]
    1157 (16.8159, -6.52444) -> [ 509 (17.1514, -8.46923); 708 (17.7806, -5.50608); 765 (17.6353, -5.43088); 836 (18.3083, -7.30888); ]
    1158 (21.9495, -2.0399) -> [ ]
    1159 (-9.77114, 11.4292) -> [ 266 (-11.7164, 11.6061); 283 (-10.7943, 9.83134); 315 (-10.9179, 10.9735); 1042 (-10.4644, 9.89401); 1540 (-11.5186, 12.31); ]
    1163 (4.79334, 7.58809) -> [ ]
    1165 (7.86338, -7.18212) -> [ ]
    1166 (-9.99842, 3.25386) -> [ 698 (-11.3753, 1.82043); 1690 (-11.5709, 3.61489); ]
    1167 (11.8176, -8.35738) -> [ ]
    1168 (-4.74588, 8.94657) -> [ ]
    1169 (24.0107, -0.629417) -> [ ]
    1171 (18.3213, 8.5058) -> [ 1312 (17.127, 9.90587); ]
    1174 (22.3797, 1.98589) -> [ 1577 (23.8996, 3.08419); 1849 (24.004, 3.1004); 1885 (23.4597, 3.47853); 1968 (23.8045, 2.77427); ]
    1175 (-10.6533, -2.26784) -> [ ]
    1176 (7.88409, 7.24715) -> [ ]
    1178 (9.49587, 18.8671) -> [ 120 (10.7321, 19.8854); ]
    1181 (-0.401992, -10.6864) -> [ 1085 (0.919111, -11.3073); ]
    1182 (-3.83718, 7.6316) -> [ 182 (-5.74228, 7.86716); 688 (-5.02232, 6.76337); 937 (-4.64485, 6.01784); ]
    1183 (-4.78434, 8.66975) -> [ ]
    1187 (-4.21837, 22.3937) -> [ 426 (-2.76737, 23.1017); 1149 (-4.96835, 23.0917); 1227 (-5.49219, 23.6078); 1352 (-5.84699, 21.3563); 1356 (-5.64118, 21.5528); 1534 (-4.95614, 23.4035); ]
    1189 (16.5023, -9.53081) -> [ 610 (17.9367, -10.4497); 764 (18.2864, -9.37195); ]
    1190 (-4.70825, -1.10173) -> [ 309 (-5.15525, -2.03831); 354 (-5.50766, -2.83762); 1086 (-3.48443, -2.23554); 1516 (-4.81161, -2.34923); ]
    1191 (20.1809, 15.3233) -> [ 924 (19.6248, 13.6684); 1730 (20.889, 14.2169); ]
    1192 (17.2072, 5.0835) -> [ 294 (17.1107, 6.84965); 454 (17.3012, 6.9931); 1880 (17.8751, 6.53845); 1977 (18.3028, 5.85426); ]
    1193 (-2.91136, 0.173058) -> [ 49 (-2.53628, -1.60872); ]
    1197 (8.5605, 18.1258) -> [ 470 (9.32882, 16.5759); 1655 (8.89484, 16.2724); ]
    1198 (-0.265544, 2.01944) -> [ ]
    1200 (19.207, 1.56054) -> [ ]
    1202 (-2.27456, 15.7264) -> [ 1301 (-3.60462, 17.1793); 1684 (-4.04569, 16.0293); ]
    1203 (-12.2617, -0.000636024) -> [ ]
    1204 (15.5679, 20.489) -> [ ]
    1205 (13.109, -8.86646) -> [ ]
    1206 (13.2715, -9.32273) -> [ ]
    1207 (12.6424, 21.0011) -> [ 346 (14.0836, 19.9986); 492 (14.5838, 20.995); 1097 (13.7518, 22.3609); ]
    1209 (10.4489, -4.99198) -> [ 36 (12.3079, -4.96608); 43 (10.9331, -6.41866); 1673 (10.2474, -6.94594); ]
    1210 (-3.33572, -9.39703) -> [ ]
    1211 (13.4086, -8.13277) -> [ ]
    1212 (4.06955, 1.26495) -> [ ]
    1213 (6.51619, 24.2302) -> [ 1300 (8.24527, 23.584); 1542 (8.14735, 23.4663); ]
    1215 (3.05312, 11.8004) -> [ ]
    1216 (20.8029, 17.5137) -> [ 558 (22.4131, 16.9208); 1021 (22.252, 17.3321); 1768 (21.8323, 16.0087); ]
    1217 (-3.10146, -2.21313) -> [ 1214 (-2.63781, -0.679584); ]
    1220 (-8.05384, 6.73228) -> [ 780 (-9.54211, 5.64926); ]
    1222 (20.6376, -6.05865) -> [ 602 (20.4011, -7.96247); 1140 (20.4395, -7.72436); 1150 (20.55, -7.53297); 1450 (20.5044, -7.57877); 1575 (21.6626, -5.05384); ]
    1223 (6.09829, 12.1082) -> [ 599 (8.01232, 12.2678); 1517 (8.0188, 11.7053); 1767 (7.88202, 12.9772); ]
    1224 (-5.73884, 17.508) -> [ 657 (-7.1742, 18.5193); 1566 (-7.23403, 18.4253); ]
    1225 (-5.23296, 24.3923) -> [ ]
    1226 (-0.378809, -0.935409) -> [ ]
    1227 (-5.49219, 23.6078) -> [ 1927 (-6.97865, 24.8205); ]
    1229 (14.1262, 16.2973) -> [ ]
    1230 (2.40656, -2.42181) -> [ 30 (3.32524, -1.49884); 56 (3.29625, -3.49863); 310 (3.48238, -4.02101); 396 (3.81219, -2.80842); 962 (4.2335, -2.26891); ]
    1233 (21.1804, 18.8276) -> [ 1513 (21.3965, 17.3806); ]
    1234 (-3.53783, 0.25631) -> [ ]
    1235 (0.363527, 6.27708) -> [ 71 (1.64309, 7.61956); ]
    1236 (-11.8665, 17.315) -> [ ]
    1237 (24.751, 5.24626) -> [ ]
    1238 (17.2465, 23.425) -> [ 955 (18.2661, 22.7523); 1535 (19.0721, 23.6653); ]
    1239 (-0.643844, -5.1355) -> [ 1005 (0.751913, -5.69624); 1360 (0.999027, -5.98739); ]
    1241 (21.2556, 3.3037) -> [ 1110 (22.4827, 4.29423); ]
    1242 (22.4808, 1.19211) -> [ 1124 (24.1296, 1.81236); ]
    1245 (20.4495, 15.4123) -> [ 642 (20.2482, 14.15); 1007 (19.8236, 14.1347); 1744 (22.2436, 14.5464); ]
    1247 (4.41841, -10.9716) -> [ 412 (5.78734, -9.6735); 586 (5.51252, -11.5842); ]
    1248 (4.78523, 15.6727) -> [ 12 (6.44161, 15.305); 741 (6.55243, 16.5914); ]
    1251 (9.26983, -10.5123) -> [ 1414 (10.431, -10.8802); ]
    1252 (5.64057, -4.90168) -> [ ]
    1253 (-7.96257, -4.81989) -> [ 130 (-9.63925, -4.70764); 334 (-8.96212, -6.10593); ]
    1254 (5.99851, 19.893) -> [ 1138 (6.40828, 21.6042); ]
    1255 (-1.96274, -9.8845) -> [ ]
    1256 (8.52306, -10.4431) -> [ 1442 (9.11451, -11.3348); 1692 (9.95617, -9.32268); 1909 (9.73234, -8.92272); ]
    1257 (20.8253, 1.43698) -> [ 435 (22.6263, 1.06502); 759 (22.4324, 0.778004); 865 (22.6681, 1.38336); 1174 (22.3797, 1.98589); 1241 (21.2556, 3.3037); 1242 (22.4808, 1.19211); ]
    1258 (-7.15543, 14.1972) -> [ ]
    1259 (21.7634, 4.1434) -> [ ]
    1261 (-4.42111, -10.961) -> [ ]
    1262 (8.5367, -12.3398) -> [ 214 (7.59366, -10.9604); 1251 (9.26983, -10.5123); ]
    1263 (9.98993, -8.37993) -> [ ]
    1264 (-7.635, -8.60909) -> [ 635 (-6.9493, -10.4393); ]
    1265 (-9.62074, -3.9088) -> [ 390 (-8.73904, -5.61533); 548 (-9.59237, -5.62045); 1253 (-7.96257, -4.81989); ]
    1266 (18.7185, 21.1019) -> [ 448 (18.8457, 19.2928); 972 (20.6699, 20.764); 1486 (20.5056, 20.7021); 1929 (19.6543, 19.3848); ]
    1267 (7.08789, 23.241) -> [ 1219 (8.68357, 24.0941); 1680 (8.45968, 22.4044); 1988 (7.23114, 24.8046); ]
    1273 (22.379, -0.94659) -> [ 583 (22.9451, 0.689257); 930 (23.9805, -1.65001); 1089 (22.8036, 0.62563); 1491 (22.9874, 0.262553); 1896 (24.0516, -1.69932); ]
    1274 (14.928, 6.78168) -> [ ]
    1275 (13.1492, -6.30599) -> [ ]
    1276 (15.7529, 14.6747) -> [ ]
    1277 (18.9452, -3.65025) -> [ ]
    1279 (15.3943, 15.121) -> [ 210 (15.1539, 13.2032); ]
    1280 (19.5744, 5.99934) -> [ 314 (20.7645, 6.99981); 1664 (20.2506, 7.66737); ]
    1282 (13.7642, 1.53075) -> [ 1413 (15.4144, 1.29707); 1990 (15.3485, 2.51164); ]
    1283 (17.3775, 14.554) -> [ 472 (17.5635, 12.7986); ]
    1285 (19.9809, 17.834) -> [ 1785 (21.2256, 16.8265); ]
    1286 (-2.10662, 10.0185) -> [ 1059 (-1.4731, 8.1814); ]
    1288 (-3.52237, 10.782) -> [ 1779 (-2.63624, 9.00354); ]
    1291 (20.2166, 0.848566) -> [ 761 (21.2798, 2.20931); 1997 (21.7752, 2.03076); ]
    1292 (6.80045, -3.39196) -> [ ]
    1294 (-10.7114, -0.782412) -> [ ]
    1295 (24.0164, -2.69335) -> [ ]
    1297 (5.80612, 22.5934) -> [ 262 (7.26718, 22.9069); 627 (7.32352, 22.765); 634 (6.94688, 24.0314); 987 (7.40919, 22.7633); 1213 (6.51619, 24.2302); 1823 (7.52749, 22.0276); ]
    1299 (-2.83529, -6.12485) -> [ 166 (-2.19726, -7.29508); 324 (-2.0783, -7.85421); 1003 (-1.07522, -6.05787); 1090 (-1.37122, -7.38474); 1928 (-4.04097, -7.41728); ]
    1300 (8.24527, 23.584) -> [ 1683 (10.1878, 23.7874); ]
    1302 (16.3774, 20.8971) -> [ 992 (16.4147, 22.7521); 1682 (16.8445, 19.2082); 1702 (16.422, 19.7178); 1982 (18.3307, 21.2521); ]
    1303 (21.0085, -4.5132) -> [ ]
    1305 (-5.83507, 4.23366) -> [ 1399 (-6.62564, 2.46147); ]
    1306 (-8.52067, 10.7537) -> [ ]
    1307 (18.9738, 8.06286) -> [ 267 (18.2288, 9.83828); ]
    1308 (23.1143, 14.7167) -> [ 1921 (23.3452, 12.9958); ]
    1309 (-5.47356, 18.3395) -> [ 677 (-6.2597, 20.1595); ]
    1312 (17.127, 9.90587) -> [ 757 (17.3095, 11.4944); 810 (17.0554, 11.7229); ]
    1313 (7.83927, -10.4796) -> [ 1020 (8.71012, -9.24063); ]
    1314 (-4.84797, 12.9491) -> [ ]
    1315 (1.33133, 6.76605) -> [ ]
    1316 (12.0419, 4.52799) -> [ 1243 (13.5765, 4.61756); ]
    1317 (23.5957, -4.82223) -> [ ]
    1318 (-11.5861, -9.18293) -> [ ]
    1319 (22.8199, 12.0859) -> [ ]
    1320 (5.67658, 14.7786) -> [ ]
    1323 (12.9145, 23.4348) -> [ ]
    1325 (22.9908, 3.48614) -> [ ]
    1326 (2.80676, -5.5691) -> [ 1053 (3.81403, -7.28238); 1351 (3.71076, -7.24968); ]
    1327 (20.1923, 6.90205) -> [ ]
    1328 (17.5619, 5.42587) -> [ 1675 (17.7522, 7.3687); ]
    1329 (-3.05091, -4.79371) -> [ 377 (-1.13304, -4.58019); 561 (-2.553, -5.99298); 1062 (-1.3947, -5.30438); ]
    1331 (-7.14973, -6.9765) -> [ 533 (-8.82297, -7.54447); 1264 (-7.635, -8.60909); 1539 (-8.15892, -8.68421); ]
    1332 (4.7842, 6.83937) -> [ ]
    1333 (9.4671, 5.80411) -> [ ]
    1334 (-0.394674, 10.1124) -> [ 1025 (0.428418, 9.03777); 1035 (0.0210686, 8.69835); ]
    1335 (23.6628, -7.10279) -> [ ]
    1336 (-2.37856, 0.978248) -> [ 1735 (-0.536924, 1.61158); ]
    1339 (-1.61234, 11.4924) -> [ 1334 (-0.394674, 10.1124); ]
    1340 (-7.4548, 7.90906) -> [ ]
    1341 (14.4766, 17.6555) -> [ 327 (12.8681, 16.9437); 1454 (14.701, 15.684); ]
    1343 (-7.2914, 0.848899) -> [ 556 (-9.10748, 0.0930354); ]
    1344 (13.3469, -7.3902) -> [ 645 (14.9844, -8.16566); ]
    1346 (21.1236, 7.78154) -> [ ]
    1348 (17.9542, 9.57317) -> [ 723 (18.0171, 11.2858); 1590 (17.4208, 11.3968); ]
    1351 (3.71076, -7.24968) -> [ 246 (5.65838, -6.82698); ]
    1352 (-5.84699, 21.3563) -> [ 1493 (-7.60422, 21.4492); ]
    1353 (-8.21126, 7.604) -> [ 873 (-9.80509, 8.247); 975 (-9.44924, 7.0941); ]
    1354 (11.0843, 6.87032) -> [ 968 (12.7863, 6.79695); 1015 (12.4128, 7.57009); 1632 (12.7915, 6.72854); 1989 (13.0001, 7.35522); ]
    1355 (-3.63517, 3.02324) -> [ 379 (-5.31053, 1.99226); ]
    1356 (-5.64118, 21.5528) -> [ 1586 (-7.29522, 22.1979); ]
    1358 (14.5377, -5.60481) -> [ ]
    1359 (0.917984, -12.1997) -> [ ]
    1360 (0.999027, -5.98739) -> [ 58 (2.86449, -5.45147); 79 (2.25621, -7.35673); 93 (2.72955, -6.69161); 659 (2.85, -6.19611); 722 (2.45196, -5.71361); 1326 (2.80676, -5.5691); ]
    1362 (16.3558, -6.21711) -> [ 407 (16.6073, -8.06124); 726 (17.9338, -5.73349); ]
    1364 (21.707, 12.3439) -> [ ]
    1365 (1.9839, 17.6224) -> [ 612 (2.81305, 18.6646); 1049 (2.5232, 19.3722); ]
    1366 (-8.979, -3.43886) -> [ ]
    1368 (-10.9154, 2.9366) -> [ ]
    1370 (3.71124, 21.8727) -> [ ]
    1371 (13.9705, 23.866) -> [ 307 (15.6957, 24.5168); 565 (15.1694, 24.8758); ]
    1373 (16.3765, -0.365597) -> [ 211 (18.0182, 0.719726); 403 (17.8198, 0.761608); 998 (17.9985, 0.573937); ]
    1374 (-2.11587, -2.76641) -> [ ]
    1377 (10.4904, -4.25449) -> [ 989 (10.8126, -6.1386); ]
    1378 (4.68034, 13.996) -> [ 1969 (6.64695, 13.9671); ]
    1380 (-8.93479, -11.3575) -> [ ]
    1381 (14.6837, 9.02065) -> [ ]
    1382 (-9.90836, 11.0301) -> [ 1717 (-11.8728, 11.029); ]
    1385 (-9.63352, 8.291) -> [ ]
    1387 (16.2177, 1.65326) -> [ 1068 (17.7698, 2.11345); 1218 (15.3349, 3.26499); ]
    1389 (-1.77283, 20.2551) -> [ ]
    1390 (-9.59298, 22.8915) -> [ ]
    1393 (22.1125, 14.1421) -> [ ]
    1394 (16.9624, -2.71594) -> [ 209 (18.1754, -3.72873); 779 (18.5534, -2.60561); 1938 (18.6153, -3.18929); ]
    1396 (20.7742, 6.7862) -> [ ]
    1397 (-3.59909, -2.98863) -> [ 67 (-4.84543, -4.45177); 222 (-1.99647, -2.38481); 1040 (-2.96001, -4.27662); 1064 (-2.01508, -4.15188); 1082 (-5.13326, -4.23736); 1329 (-3.05091, -4.79371); 1391 (-4.13153, -4.67378); ]
    1398 (21.3938, 9.33438) -> [ ]
    1399 (-6.62564, 2.46147) -> [ 822 (-7.14391, 0.730862); 1343 (-7.2914, 0.848899); ]
    1400 (7.15798, 15.4962) -> [ 730 (8.29996, 14.3653); ]
    1401 (1.63398, -6.58169) -> [ 111 (3.31517, -6.70972); 180 (2.97887, -6.66589); 292 (3.119, -7.91716); 342 (2.24931, -7.96108); 1004 (2.37985, -7.76598); 1941 (3.23484, -6.31565); ]
    1402 (5.36051, -0.190783) -> [ ]
    1403 (7.26275, 5.96235) -> [ ]
    1404 (11.4327, -8.82325) -> [ ]
    1405 (6.17785, 1.97266) -> [ ]
    1409 (-9.62617, 1.30295) -> [ 574 (-11.1456, 0.117732); 1153 (-11.1154, 0.0975426); ]
    1411 (0.0650972, 9.12505) -> [ ]
    1412 (-4.7781, 1.26986) -> [ 92 (-5.48567, -0.429837); 783 (-3.89829, -0.223054); ]
    1413 (15.4144, 1.29707) -> [ 1765 (16.9223, 0.304027); ]
    1414 (10.431, -10.8802) -> [ 701 (11.7046, -12.1089); ]
    1416 (-7.42625, 20.2818) -> [ 857 (-9.30077, 19.9989); ]
    1417 (7.16928, -10.589) -> [ 147 (7.5682, -9.7159); 161 (7.29016, -9.87895); 542 (7.9733, -9.03251); 643 (7.84415, -8.75553); 1088 (7.88344, -8.91956); 1256 (8.52306, -10.4431); ]
    1418 (-4.61217, -4.26848) -> [ 1734 (-4.52797, -5.66498); ]
    1420 (12.5736, 23.6129) -> [ 1055 (13.5254, 23.8013); 1371 (13.9705, 23.866); 1992 (13.8628, 23.4992); ]
    1422 (-6.47424, 21.7677) -> [ 212 (-8.0921, 22.8237); ]
    1424 (0.256854, 13.6818) -> [ 99 (-1.35148, 13.337); 296 (1.54163, 12.2404); 397 (0.824947, 11.8641); 687 (-1.03675, 14.9498); 988 (-1.28604, 14.2954); 1228 (-1.01712, 14.5459); 1379 (-1.0551, 15.1114); 1669 (0.774196, 12.0093); ]
    1425 (12.8477, 22.8491) -> [ ]
    1426 (-10.4794, -9.16099) -> [ 1024 (-11.1727, -10.6128); 1099 (-11.9353, -10.5261); 1415 (-11.9187, -9.13985); ]
    1427 (-10.569, -2.31508) -> [ ]
    1428 (11.8646, 1.82543) -> [ 973 (11.718, -0.0747547); 1282 (13.7642, 1.53075); ]
    1430 (-8.6229, -1.4989) -> [ 195 (-9.106, -3.3957); ]
    1432 (21.5652, 21.2671) -> [ 1615 (23.2309, 21.3252); 1780 (23.4442, 21.3973); ]
    1433 (14.9893, -10.9085) -> [ ]
    1434 (7.88884, 4.04003) -> [ 784 (9.3084, 2.85932); ]
    1435 (14.355, 16.5969) -> [ 291 (13.8505, 14.7202); ]
    1436 (-8.64718, -7.08891) -> [ 994 (-10.0135, -7.95074); 1029 (-9.36841, -8.23738); 1808 (-10.2546, -7.93127); ]
    1437 (8.64515, 19.0101) -> [ 108 (10.4089, 18.1449); ]
    1438 (-7.34338, 4.9242) -> [ 450 (-8.3365, 3.30981); 1895 (-6.59599, 3.1484); ]
    1439 (5.64723, 12.0712) -> [ 792 (6.80208, 11.8162); 1620 (7.3839, 11.1767); ]
    1440 (16.2017, 19.271) -> [ ]
    1441 (7.01122, -3.43522) -> [ ]
    1442 (9.11451, -11.3348) -> [ 95 (9.14658, -9.77926); 256 (10.0823, -11.5469); 428 (7.44314, -10.5574); 1563 (10.859, -11.91); ]
    1443 (5.04574, -9.35841) -> [ 362 (6.4863, -9.81639); 608 (5.82766, -9.16945); ]
    1444 (-7.32649, -6.97085) -> [ 690 (-6.66434, -8.68706); 820 (-5.79726, -6.49143); 1623 (-6.61966, -7.86037); ]
    1445 (14.1155, 23.5532) -> [ ]
    1446 (-5.73857, 5.08194) -> [ ]
    1447 (-8.84981, 19.0646) -> [ 139 (-10.6383, 18.6665); 398 (-10.2837, 18.0965); 417 (-9.84179, 17.5533); 1058 (-9.70105, 18.1119); 1494 (-10.1107, 19.7189); 1663 (-10.4331, 19.9811); ]
    1449 (-9.24939, 0.124155) -> [ 1092 (-9.12338, -1.20295); ]
    1451 (2.41314, 11.326) -> [ 1910 (3.3038, 9.59777); ]
    1454 (14.701, 15.684) -> [ 1289 (14.4247, 13.8471); ]
    1457 (-10.2623, 24.5019) -> [ ]
    1459 (-2.28279, 22.4748) -> [ ]
    1460 (21.0706, 8.06313) -> [ ]
    1461 (4.35309, -3.81826) -> [ ]
    1462 (11.9968, 2.96) -> [ ]
    1463 (-11.9723, 22.6723) -> [ ]
    1465 (-1.39952, -6.41004) -> [ 281 (0.267486, -7.14462); 669 (-1.23257, -7.89335); 1322 (0.156548, -7.56427); ]
    1466 (-8.86112, -0.481108) -> [ 187 (-7.62253, -1.41621); ]
    1467 (-0.314342, -5.19897) -> [ 575 (-0.394569, -6.93969); ]
    1469 (15.9553, 21.9706) -> [ 63 (17.6351, 21.4396); 112 (16.6524, 21.1305); 466 (16.548, 23.576); 1678 (17.5364, 21.0278); 1758 (17.2708, 20.682); ]
    1471 (18.0072, 14.4987) -> [ ]
    1472 (21.1056, 13.1035) -> [ ]
    1473 (-11.2898, 0.0300062) -> [ 775 (-10.87, -1.24725); 1879 (-11.956, 1.5334); ]
    1474 (-1.9431, 1.69812) -> [ ]
    1475 (-1.7308, 11.7362) -> [ ]
    1476 (21.6052, 8.04186) -> [ 425 (22.8049, 7.54197); ]
    1477 (-0.209024, -1.40826) -> [ 40 (1.32774, -1.59882); ]
    1481 (2.56517, -11.3714) -> [ ]
    1482 (2.21211, -11.0138) -> [ 727 (0.841086, -12.2551); 1359 (0.917984, -12.1997); 1408 (1.17595, -12.1404); ]
    1483 (20.9469, 8.46819) -> [ 664 (21.0893, 10.0564); ]
    1484 (-10.7884, -0.399298) -> [ ]
    1485 (-3.86114, 20.1054) -> [ 313 (-4.79137, 21.0127); 1338 (-3.04964, 21.4811); 1923 (-5.49969, 21.1256); 1980 (-5.33902, 20.2313); ]
    1486 (20.5056, 20.7021) -> [ 1131 (22.3426, 20.0792); 1648 (21.9183, 19.8133); ]
    1487 (-6.18576, -10.3864) -> [ 153 (-7.46698, -11.0558); 1116 (-6.33652, -12.3549); 1261 (-4.42111, -10.961); ]
    1488 (8.7798, 17.4237) -> [ 401 (9.92043, 15.9501); ]
    1490 (8.9391, 2.52701) -> [ ]
    1492 (3.81442, -8.05863) -> [ ]
    1493 (-7.60422, 21.4492) -> [ 208 (-9.40567, 21.3156); 526 (-8.67174, 22.8299); ]
    1494 (-10.1107, 19.7189) -> [ 1345 (-10.6492, 21.3738); ]
    1495 (21.9319, -2.28109) -> [ ]
    1497 (12.8231, -12.198) -> [ ]
    1498 (-5.77493, 17.9535) -> [ 42 (-7.08314, 19.0443); ]
    1499 (17.0751, 9.31001) -> [ ]
    1500 (-1.49848, 22.0774) -> [ 1117 (-2.5253, 23.5541); 1864 (-2.52219, 23.5523); ]
    1501 (22.4425, -0.846383) -> [ 1169 (24.0107, -0.629417); ]
    1502 (18.253, 14.7202) -> [ 624 (18.4582, 12.8836); ]
    1503 (-10.6111, -2.5044) -> [ 736 (-11.1532, -4.13753); ]
    1505 (-3.21237, 9.282) -> [ 1182 (-3.83718, 7.6316); ]
    1509 (22.4108, 3.80712) -> [ 399 (23.1329, 5.33068); ]
    1510 (-9.30484, 5.4521) -> [ 151 (-8.99565, 4.07261); 1045 (-11.0185, 6.07408); 1548 (-8.79487, 3.75277); ]
    1513 (21.3965, 17.3806) -> [ 1611 (22.6298, 16.0906); ]
    1515 (-5.26305, 11.2745) -> [ 564 (-7.01954, 11.3017); ]
    1518 (13.8156, 7.09297) -> [ 580 (15.7694, 7.28118); 1506 (13.9029, 8.93938); ]
    1520 (5.87291, 1.53862) -> [ 1948 (6.85921, 2.19846); ]
    1521 (8.33405, 1.78677) -> [ ]
    1522 (22.8359, -5.00185) -> [ 858 (24.6617, -5.17823); 916 (24.2607, -5.72875); ]
    1523 (4.08155, 16.9482) -> [ 893 (5.22122, 15.9932); 941 (5.53886, 17.2104); 1376 (5.36178, 16.8188); 1386 (5.57919, 16.8146); ]
    1524 (2.59819, 11.8797) -> [ 479 (4.21489, 12.1616); 605 (3.18592, 10.0474); ]
    1525 (-1.80774, -10.6339) -> [ 1181 (-0.401992, -10.6864); ]
    1526 (6.17194, 10.6862) -> [ ]
    1527 (18.9152, 19.0605) -> [ ]
    1529 (-8.37198, 4.31003) -> [ 128 (-7.81481, 2.45842); 840 (-9.65273, 4.79635); 1166 (-9.99842, 3.25386); ]
    1530 (11.6023, 3.45177) -> [ ]
    1531 (-4.69874, 7.35146) -> [ 173 (-5.40425, 5.89594); 420 (-5.52785, 6.04296); ]
    1532 (17.0383, 14.3213) -> [ 543 (15.281, 13.7076); ]
    1533 (-10.1428, -7.43931) -> [ 207 (-9.32104, -8.98577); 312 (-10.9059, -8.55657); 430 (-11.9916, -7.93354); 827 (-9.38835, -6.52604); 911 (-11.2509, -6.67394); 1426 (-10.4794, -9.16099); 1617 (-8.20961, -7.79957); 1755 (-10.7802, -9.11399); 1822 (-11.1359, -8.15358); 1826 (-10.6633, -8.67466); 1878 (-8.78118, -8.41422); ]
    1535 (19.0721, 23.6653) -> [ 361 (19.8996, 23.5341); 382 (20.702, 24.467); 682 (20.1754, 24.4672); 744 (20.6816, 23.868); 746 (20.0805, 24.8996); 1995 (20.0005, 24.9419); ]
    1536 (7.35295, 4.47495) -> [ 611 (8.82658, 3.99508); 1737 (8.64598, 3.07879); ]
    1537 (-1.66929, 22.0614) -> [ ]
    1538 (-5.48244, 18.024) -> [ 704 (-7.0479, 17.5618); 1798 (-6.87881, 18.8498); ]
    1539 (-8.15892, -8.68421) -> [ 422 (-6.75987, -9.58638); 467 (-8.29507, -10.4285); 630 (-8.90307, -10.296); 652 (-8.11047, -10.5007); 692 (-6.58796, -9.26995); 1028 (-7.47132, -10.3038); ]
    1541 (11.4308, 2.60971) -> [ ]
    1543 (-4.82056, 13.3034) -> [ 474 (-6.54787, 12.7194); 709 (-6.33983, 12.2013); ]
    1544 (-2.51428, 22.5566) -> [ 514 (-4.2043, 23.1837); 1959 (-4.39578, 23.173); ]
    1545 (3.01498, 2.87043) -> [ ]
    1548 (-8.79487, 3.75277) -> [ 511 (-10.3571, 3.42311); 1763 (-7.64774, 2.13678); ]
    1549 (5.51437, 9.8559) -> [ ]
    1551 (2.15575, -8.23481) -> [ 308 (2.45839, -9.80491); 419 (3.56512, -9.6474); 997 (2.5747, -9.8462); 1146 (3.28767, -9.73089); ]
    1552 (-3.69557, 7.02895) -> [ ]
    1553 (8.62039, -4.33503) -> [ 1156 (10.2186, -5.14991); 1209 (10.4489, -4.99198); 1377 (10.4904, -4.25449); ]
    1554 (-11.3875, 0.351283) -> [ 593 (-11.4139, -1.39097); 1738 (-11.4362, -1.3657); ]
    1555 (-6.91797, 13.6282) -> [ 1114 (-8.55855, 13.9811); ]
    1556 (-2.82252, 17.8214) -> [ 34 (-4.50102, 17.1207); 194 (-2.97268, 19.255); 1047 (-3.18758, 19.5611); 1746 (-4.30733, 17.1675); ]
    1557 (4.23377, 0.642588) -> [ 1835 (3.81272, -1.27268); ]
    1558 (17.5719, -3.86713) -> [ 1277 (18.9452, -3.65025); 1514 (19.3579, -3.20737); 1827 (19.2363, -3.46096); ]
    1559 (-11.2641, 20.6635) -> [ ]
    1560 (17.5245, 8.43538) -> [ 604 (17.6701, 10.1952); 632 (16.6621, 9.93212); 1027 (18.3662, 9.97429); ]
    1561 (-10.6599, 16.6371) -> [ 825 (-12.1065, 15.7871); 1431 (-12.2114, 15.4535); ]
    1563 (10.859, -11.91) -> [ 1497 (12.8231, -12.198); 1872 (12.5472, -11.6387); ]
    1564 (16.3501, 7.78677) -> [ 689 (17.4087, 9.3814); ]
    1565 (17.9228, 2.78004) -> [ 525 (19.0735, 3.21226); 681 (19.6032, 3.75028); ]
    1566 (-7.23403, 18.4253) -> [ 1083 (-9.05229, 17.7871); 1416 (-7.42625, 20.2818); 1447 (-8.84981, 19.0646); ]
    1567 (-11.3028, 8.85314) -> [ 970 (-12.06, 7.37586); ]
    1568 (4.82947, 10.6105) -> [ 8 (5.38325, 9.31971); 473 (5.96971, 12.2088); 1526 (6.17194, 10.6862); 1549 (5.51437, 9.8559); 1790 (5.82298, 9.43883); 1851 (6.55309, 10.0591); ]
    1569 (-3.01325, 9.87483) -> [ 272 (-4.13531, 8.86167); 1168 (-4.74588, 8.94657); 1949 (-4.79702, 10.4615); ]
    1571 (5.48727, 21.6449) -> [ ]
    1573 (-5.67877, 6.02991) -> [ 871 (-6.47592, 4.25163); 1046 (-5.71918, 4.48459); 1305 (-5.83507, 4.23366); 1438 (-7.34338, 4.9242); ]
    1575 (21.6626, -5.05384) -> [ 188 (22.3163, -3.3912); ]
    1576 (6.12476, -1.95458) -> [ 171 (7.94959, -2.51248); 1155 (8.06016, -1.69619); 1441 (7.01122, -3.43522); 1843 (7.87635, -2.74324); 1861 (7.60022, -2.83533); ]
    1577 (23.8996, 3.08419) -> [ ]
    1578 (-8.89261, 24.6161) -> [ 824 (-9.6941, 23.0301); 1457 (-10.2623, 24.5019); 1607 (-10.1766, 23.1303); ]
    1579 (-7.79075, -2.41426) -> [ 336 (-8.68972, -4.08792); ]
    1581 (-3.71472, -6.69352) -> [ ]
    1582 (-12.1814, -6.60915) -> [ 515 (-12.4601, -5.22161); ]
    1586 (-7.29522, 22.1979) -> [ ]
    1587 (2.07436, -5.76991) -> [ 787 (4.06479, -5.66731); 1653 (3.92796, -5.41408); 1899 (2.67914, -7.66576); ]
    1588 (7.75502, -6.52332) -> [ 125 (8.76272, -6.90939); 269 (9.01782, -7.28795); 335 (6.32503, -7.48794); 711 (7.48016, -7.37006); 772 (8.67604, -7.53177); ]
    1589 (-11.9548, -0.78677) -> [ 1546 (-11.2535, -2.39119); ]
    1593 (13.0496, -8.6787) -> [ 87 (14.8255, -9.46614); 1136 (14.9255, -8.19754); 1342 (14.2551, -8.58866); 1470 (14.5337, -8.56121); 1714 (13.8814, -10.1922); ]
    1594 (19.4578, -0.826286) -> [ ]
    1595 (21.7447, -10.2445) -> [ ]
    1596 (16.5902, 1.10416) -> [ ]
    1597 (-10.5592, 0.733169) -> [ 894 (-10.4606, -0.602298); 918 (-11.7011, 0.0467008); 978 (-12.1319, -0.36084); 1203 (-12.2617, -0.000636024); ]
    1598 (24.1828, -7.29485) -> [ ]
    1599 (18.0668, 4.81915) -> [ 102 (16.9664, 6.18761); 1280 (19.5744, 5.99934); 1689 (17.0337, 6.13252); ]
    1600 (23.2979, -10.8091) -> [ 226 (24.5667, -11.2604); 1041 (23.1263, -11.7579); 1287 (23.7233, -10.1939); 1736 (24.9983, -9.98378); ]
    1602 (-4.26927, 2.5321) -> [ 1412 (-4.7781, 1.26986); 1769 (-2.52132, 1.97001); ]
    1604 (-3.94544, 4.38647) -> [ 717 (-3.07545, 2.82178); 1355 (-3.63517, 3.02324); 1602 (-4.26927, 2.5321); ]
    1605 (-1.15592, 11.6689) -> [ ]
    1606 (1.23379, 20.5392) -> [ 976 (2.35435, 21.938); ]
    1607 (-10.1766, 23.1303) -> [ 655 (-11.6371, 24.3435); 1293 (-11.4621, 21.8324); 1419 (-9.43412, 24.1435); 1463 (-11.9723, 22.6723); ]
    1608 (24.299, 0.775771) -> [ ]
    1609 (-6.00214, 22.4907) -> [ 1180 (-6.92481, 23.9354); 1637 (-6.80987, 23.7607); ]
    1614 (21.1532, 9.40106) -> [ 196 (21.8645, 10.8474); ]
    1615 (23.2309, 21.3252) -> [ ]
    1616 (-12.0266, -1.21729) -> [ 628 (-10.5776, -2.1872); 1175 (-10.6533, -2.26784); 1427 (-10.569, -2.31508); 1503 (-10.6111, -2.5044); ]
    1617 (-8.20961, -7.79957) -> [ 149 (-7.45456, -9.05583); 480 (-7.98776, -9.2409); ]
    1618 (-0.839457, -9.94642) -> [ 606 (-1.83926, -11.5938); ]
    1619 (16.226, 5.83524) -> [ 773 (17.0586, 7.37816); 1564 (16.3501, 7.78677); ]
    1620 (7.3839, 11.1767) -> [ ]
    1622 (7.83711, 0.416169) -> [ ]
    1624 (18.3288, -8.44098) -> [ 389 (20.0455, -9.10681); ]
    1625 (21.9944, -4.00552) -> [ 1931 (23.0442, -3.32984); ]
    1626 (0.261715, -6.10397) -> [ 577 (2.01784, -5.67233); 1587 (2.07436, -5.76991); ]
    1628 (20.5962, -1.13136) -> [ 880 (22.3488, -1.65474); 1495 (21.9319, -2.28109); 1501 (22.4425, -0.846383); ]
    1629 (3.13303, 21.6821) -> [ 952 (4.12733, 23.2609); ]
    1631 (22.5126, 18.3373) -> [ 826 (24.3019, 17.7559); 1649 (23.7315, 18.1422); ]
    1633 (9.38515, -2.92537) -> [ 74 (11.0164, -3.43896); ]
    1634 (-3.45891, 13.2077) -> [ 23 (-4.70406, 13.5331); 781 (-5.20262, 13.0126); 1314 (-4.84797, 12.9491); 1324 (-5.22618, 13.1884); 1543 (-4.82056, 13.3034); 1762 (-4.39456, 14.8934); ]
    1635 (8.18085, -2.86233) -> [ ]
    1636 (-8.03905, -1.0249) -> [ 238 (-8.34847, -2.74849); 1720 (-8.12654, -2.77807); ]
    1637 (-6.80987, 23.7607) -> [ ]
    1639 (11.4543, -7.57344) -> [ 851 (10.9827, -6.07784); ]
    1640 (17.989, 14.5073) -> [ 747 (18.0517, 12.5306); ]
    1641 (-1.31368, 10.9309) -> [ 1286 (-2.10662, 10.0185); 1697 (-0.623025, 9.1684); ]
    1642 (19.9985, -1.87148) -> [ 206 (21.7791, -1.89599); 939 (21.7383, -1.33438); 1158 (21.9495, -2.0399); ]
    1643 (12.9818, 23.7951) -> [ 321 (14.838, 24.1275); 788 (14.864, 24.4238); 1445 (14.1155, 23.5532); ]
    1644 (18.5081, -12.2969) -> [ ]
    1645 (-10.1286, 2.83644) -> [ 332 (-11.217, 1.47473); 603 (-10.4253, 1.26303); 1409 (-9.62617, 1.30295); ]
    1648 (21.9183, 19.8133) -> [ 870 (23.7979, 19.1468); 1631 (22.5126, 18.3373); ]
    1650 (1.13515, 5.40391) -> [ 702 (2.89801, 5.47896); ]
    1651 (-4.12357, 11.1079) -> [ 218 (-5.37447, 11.5571); 1800 (-5.36172, 9.91965); 1894 (-3.00641, 9.47772); ]
    1652 (2.0125, 14.7884) -> [ 667 (3.52038, 13.5541); ]
    1653 (3.92796, -5.41408) -> [ ]
    1657 (20.2038, -3.3467) -> [ 245 (20.9288, -1.85732); 770 (21.038, -1.93462); 1032 (21.1486, -1.80496); ]
    1658 (-8.00107, -1.24128) -> [ 1944 (-9.6714, -2.3389); ]
    1659 (23.2015, 15.7388) -> [ 1489 (24.6752, 14.5713); ]
    1660 (-0.912437, 16.8447) -> [ 387 (-0.996609, 18.8009); ]
    1661 (22.4514, 7.44659) -> [ 117 (22.581, 8.28684); 341 (24.0384, 7.97822); 352 (22.7336, 8.23324); 859 (22.4188, 9.22622); 1050 (21.9008, 9.32368); 1056 (24.1904, 7.53905); ]
    1662 (-12.4101, -7.98778) -> [ ]
    1663 (-10.4331, 19.9811) -> [ 460 (-12.234, 20.3041); 1107 (-12.4073, 20.122); 1133 (-10.2926, 21.9342); ]
    1664 (20.2506, 7.66737) -> [ 101 (19.0544, 9.00904); 126 (21.2933, 8.93076); 143 (21.01, 8.67925); 494 (21.0667, 9.40231); 516 (21.264, 7.45002); 740 (22.0201, 7.20105); 1346 (21.1236, 7.78154); 1460 (21.0706, 8.06313); 1476 (21.6052, 8.04186); 1483 (20.9469, 8.46819); 1614 (21.1532, 9.40106); ]
    1665 (3.18215, -4.94218) -> [ 869 (4.99506, -4.48687); ]
    1669 (0.774196, 12.0093) -> [ 1451 (2.41314, 11.326); ]
    1671 (-11.4301, 8.20037) -> [ 482 (-10.354, 6.8186); 676 (-11.6938, 6.56311); 695 (-11.3743, 6.44749); ]
    1672 (-0.145298, 23.621) -> [ ]
    1673 (10.2474, -6.94594) -> [ 538 (8.34381, -6.51517); 731 (11.3199, -5.7077); 1836 (10.9727, -8.60369); ]
    1675 (17.7522, 7.3687) -> [ 1115 (19.3428, 8.08933); 1171 (18.3213, 8.5058); ]
    1676 (22.7483, -8.58513) -> [ 1598 (24.1828, -7.29485); 1601 (24.0879, -7.32217); ]
    1679 (1.20129, 13.4526) -> [ 106 (2.51301, 12.2273); 886 (1.98397, 11.9694); 1932 (2.80589, 13.0702); ]
    1680 (8.45968, 22.4044) -> [ ]
    1681 (16.466, 24.0755) -> [ 1667 (17.4525, 24.7664); 1674 (17.516, 24.4103); ]
    1682 (16.8445, 19.2082) -> [ 502 (17.9579, 17.6644); 984 (17.4239, 17.8347); ]
    1683 (10.1878, 23.7874) -> [ 864 (12.0371, 24.3531); 1935 (11.0539, 23.1414); ]
    1685 (-7.98986, 11.3567) -> [ 339 (-9.857, 11.0711); 375 (-9.66507, 12.1454); 595 (-9.50915, 10.8609); 817 (-8.26941, 13.1676); 1159 (-9.77114, 11.4292); 1382 (-9.90836, 11.0301); ]
    1686 (-3.37818, 15.6741) -> [ 1965 (-5.13684, 15.5877); ]
    1688 (12.2976, 17.7848) -> [ 522 (14.2018, 17.4097); 1840 (13.3727, 16.6562); ]
    1690 (-11.5709, 3.61489) -> [ 1368 (-10.9154, 2.9366); 1456 (-12.4128, 3.26153); 1789 (-12.4192, 2.16901); ]
    1691 (5.34463, -4.58951) -> [ 572 (6.95433, -5.20249); ]
    1692 (9.95617, -9.32268) -> [ 934 (11.0078, -9.9149); 956 (11.5566, -8.37988); ]
    1693 (19.5403, -11.1459) -> [ 837 (21.2527, -10.4427); ]
    1695 (1.26761, -4.84581) -> [ 305 (2.83591, -6.04228); 1665 (3.18215, -4.94218); 1854 (3.10754, -5.33409); ]
    1696 (2.64871, -0.6733) -> [ ]
    1697 (-0.623025, 9.1684) -> [ 179 (0.13648, 8.9349); 510 (0.297774, 7.63946); 737 (-2.42347, 8.68818); 907 (1.27488, 8.78834); 938 (0.632294, 7.62826); ]
    1698 (12.8473, -7.57826) -> [ 519 (14.2904, -6.38024); ]
    1700 (-1.20188, 10.6696) -> [ 1094 (-2.11226, 9.02899); 1411 (0.0650972, 9.12505); 1569 (-3.01325, 9.87483); ]
    1701 (-6.78926, 22.2886) -> [ 457 (-8.61579, 22.1474); 1104 (-8.33011, 23.3755); 1986 (-6.06958, 23.702); ]
    1703 (8.02101, 18.8869) -> [ 898 (9.85071, 18.8176); ]
    1704 (6.00765, 3.57202) -> [ 699 (7.34476, 2.93081); 1196 (7.90568, 3.27731); ]
    1707 (14.3769, 20.08) -> [ 284 (14.9643, 18.3729); 571 (15.7549, 21.3843); 1269 (15.2936, 21.0325); 1440 (16.2017, 19.271); ]
    1711 (22.5224, 10.9346) -> [ 306 (22.4866, 12.4825); 363 (23.6367, 12.481); 381 (22.4523, 12.5247); 446 (24.0198, 10.518); 1319 (22.8199, 12.0859); 1321 (24.058, 10.448); 1330 (24.2047, 10.2724); 1739 (23.3507, 12.4134); 1901 (24.3618, 11.3799); ]
    1712 (2.91169, 20.2096) -> [ 620 (4.24794, 19.7268); 680 (4.47156, 19.3424); 697 (3.91192, 21.5413); 900 (4.42621, 21.1145); 1370 (3.71124, 21.8727); ]
    1714 (13.8814, -10.1922) -> [ 838 (15.1888, -10.7874); 1433 (14.9893, -10.9085); ]
    1715 (15.756, 8.90808) -> [ 562 (15.09, 10.1569); ]
    1716 (21.4826, -9.94338) -> [ 215 (23.3852, -9.6467); ]
    1717 (-11.8728, 11.029) -> [ 579 (-11.4738, 9.54451); 1077 (-12.0402, 12.9865); ]
    1720 (-8.12654, -2.77807) -> [ 614 (-7.43998, -4.04893); ]
    1721 (-10.6229, 5.72039) -> [ 168 (-10.9952, 4.02905); ]
    1722 (21.2187, 20.8343) -> [ 607 (20.7379, 18.9866); 1742 (23.0669, 21.4462); ]
    1723 (13.8821, -5.51595) -> [ 82 (14.816, -6.74689); 540 (14.8511, -6.64646); ]
    1724 (16.6595, -9.04459) -> [ 198 (16.4078, -7.95778); 487 (18.4127, -8.38889); 517 (15.7558, -7.94275); 591 (17.3211, -8.71147); 949 (16.7878, -7.80506); 1018 (17.7562, -9.13031); 1624 (18.3288, -8.44098); ]
    1725 (5.17668, 17.4053) -> [ 1161 (6.90384, 17.6243); ]
    1729 (-0.975228, 2.76077) -> [ 172 (0.696418, 2.87276); 477 (0.141941, 3.51158); 619 (-0.436676, 3.74826); 1198 (-0.265544, 2.01944); ]
    1730 (20.889, 14.2169) -> [ ]
    1731 (-7.38092, 12.612) -> [ 270 (-9.14722, 11.7986); 351 (-8.88568, 11.3403); 1815 (-8.51764, 11.0467); ]
    1732 (-2.15756, -2.04026) -> [ 46 (-0.605595, -1.08673); 1756 (-0.550936, -2.18787); 1848 (-2.65883, -3.83668); ]
    1734 (-4.52797, -5.66498) -> [ 1102 (-4.6582, -7.4079); ]
    1735 (-0.536924, 1.61158) -> [ 127 (0.888089, 1.37327); 618 (0.66715, 1.68621); 715 (-0.221445, 2.39039); ]
    1736 (24.9983, -9.98378) -> [ 621 (24.7999, -8.38832); ]
    1737 (8.64598, 3.07879) -> [ 365 (10.1352, 4.19844); 1179 (10.0508, 3.77491); 1694 (10.2815, 4.04991); 1865 (9.64073, 4.30725); ]
    1738 (-11.4362, -1.3657) -> [ 588 (-11.0637, -3.16987); ]
    1741 (5.14627, 13.5737) -> [ 1111 (6.72388, 13.324); ]
    1742 (23.0669, 21.4462) -> [ 485 (23.7936, 19.7856); 754 (24.0419, 20.0686); 1550 (24.7445, 22.014); ]
    1743 (13.8505, -0.4275) -> [ 366 (15.5547, 0.405085); 563 (15.2764, 0.486667); ]
    1744 (22.2436, 14.5464) -> [ 416 (22.5929, 13.1263); 981 (23.0004, 13.0645); 1472 (21.1056, 13.1035); ]
    1745 (16.2917, 0.0124286) -> [ ]
    1746 (-4.30733, 17.1675) -> [ 1347 (-5.13211, 18.5522); ]
    1747 (4.50872, 6.09809) -> [ 11 (6.28231, 5.51356); 186 (5.78552, 4.69761); ]
    1749 (11.7301, -9.49729) -> [ ]
    1750 (20.7844, 11.0942) -> [ 809 (19.9543, 12.4397); 1232 (20.4338, 12.557); ]
    1751 (-6.12756, -4.38965) -> [ 164 (-4.6375, -5.59132); 384 (-4.76247, -5.09823); 1101 (-5.83779, -5.68621); ]
    1752 (7.30462, 0.47617) -> [ 647 (8.90217, -0.0511124); 847 (8.63146, -0.0241623); 1310 (7.08292, -1.45571); ]
    1754 (10.7471, 4.29675) -> [ 1316 (12.0419, 4.52799); 1350 (12.6812, 4.76121); 1462 (11.9968, 2.96); ]
    1755 (-10.7802, -9.11399) -> [ 508 (-10.1874, -10.8631); 559 (-12.0362, -10.4831); 1071 (-9.10814, -9.83797); 1662 (-12.4101, -7.98778); ]
    1756 (-0.550936, -2.18787) -> [ 167 (0.610886, -3.09519); 1917 (0.0219188, -4.07262); ]
    1759 (3.40815, 21.8775) -> [ 271 (5.27692, 21.4681); ]
    1760 (-8.49858, 17.6193) -> [ 1060 (-10.3733, 17.1121); ]
    1761 (-6.12064, 10.3133) -> [ 1087 (-7.18331, 8.9609); 1125 (-7.40158, 9.42063); ]
    1762 (-4.39456, 14.8934) -> [ 640 (-5.79598, 13.5571); 1799 (-5.56439, 13.3873); ]
    1763 (-7.64774, 2.13678) -> [ 107 (-7.23186, 0.545262); 703 (-8.32112, 0.313406); ]
    1764 (12.3457, -10.4515) -> [ ]
    1765 (16.9223, 0.304027) -> [ 465 (18.1397, 0.610953); 1057 (18.35, -0.0293364); 1833 (18.4123, 0.175219); 1883 (18.7812, -0.246181); ]
    1768 (21.8323, 16.0087) -> [ 1106 (20.4656, 14.6904); 1308 (23.1143, 14.7167); 1393 (22.1125, 14.1421); ]
    1769 (-2.52132, 1.97001) -> [ 158 (-2.10673, 1.02699); 462 (-0.940249, 2.19375); 464 (-2.25687, 0.328745); 468 (-1.47803, 1.65868); 629 (-1.70782, 0.756854); 683 (-1.86472, 0.480271); 1193 (-2.91136, 0.173058); 1234 (-3.53783, 0.25631); 1729 (-0.975228, 2.76077); ]
    1770 (3.3062, -5.41919) -> [ ]
    1772 (0.0802179, -5.89312) -> [ 892 (1.28137, -7.36072); 1401 (1.63398, -6.58169); ]
    1773 (-12.1617, 6.127) -> [ 678 (-12.3384, 4.43503); ]
    1775 (6.63503, -4.27053) -> [ 714 (8.12376, -4.64159); 1031 (8.22283, -5.34458); 1553 (8.62039, -4.33503); ]
    1776 (-9.17975, 17.49) -> [ 456 (-10.7803, 17.2842); 967 (-10.8517, 17.2009); ]
    1777 (0.770189, -3.21731) -> [ 328 (0.850731, -4.83447); 489 (1.62383, -4.5466); 622 (2.13813, -3.58718); 1695 (1.26761, -4.84581); 1832 (-0.105997, -4.81614); ]
    1778 (-10.6345, -6.34155) -> [ 359 (-12.0745, -6.13723); 679 (-11.4843, -7.96856); 830 (-12.4298, -5.85992); ]
    1779 (-2.63624, 9.00354) -> [ 1627 (-1.63036, 7.42587); ]
    1781 (17.9014, 15.6966) -> [ 1283 (17.3775, 14.554); 1471 (18.0072, 14.4987); 1532 (17.0383, 14.3213); 1640 (17.989, 14.5073); ]
    1782 (19.6191, 5.18427) -> [ 884 (20.7822, 5.72475); 1327 (20.1923, 6.90205); 1396 (20.7742, 6.7862); ]
    1783 (24.1922, -2.33591) -> [ 370 (24.5016, -1.09291); ]
    1785 (21.2256, 16.8265) -> [ 373 (21.0563, 14.9753); 921 (22.537, 15.47); 1079 (22.1973, 15.2776); ]
    1786 (12.3148, -7.60535) -> [ 45 (13.908, -7.68899); 137 (11.8656, -8.90735); 304 (11.7465, -9.40199); 405 (12.4485, -6.05543); 811 (14.2944, -7.53844); 1120 (12.3655, -6.50873); 1152 (13.0871, -7.28623); 1205 (13.109, -8.86646); 1206 (13.2715, -9.32273); 1211 (13.4086, -8.13277); 1275 (13.1492, -6.30599); 1344 (13.3469, -7.3902); 1593 (13.0496, -8.6787); 1749 (11.7301, -9.49729); ]
    1787 (-8.56554, 15.8337) -> [ 160 (-9.44286, 14.4223); 546 (-9.57121, 15.6156); 672 (-9.85755, 16.982); 964 (-8.45989, 17.3044); 1670 (-9.67964, 16.5259); 1760 (-8.49858, 17.6193); 1776 (-9.17975, 17.49); 1954 (-9.64673, 15.5341); ]
    1788 (-12.3269, 0.471929) -> [ 1478 (-11.1886, -0.161983); 1484 (-10.7884, -0.399298); 1589 (-11.9548, -0.78677); 1616 (-12.0266, -1.21729); ]
    1790 (5.82298, 9.43883) -> [ 1038 (7.43534, 10.1334); ]
    1791 (-9.28705, 23.8746) -> [ 495 (-9.71585, 24.8992); 850 (-11.2255, 24.1368); 1270 (-11.0862, 23.4759); 1733 (-11.068, 24.1192); ]
    1793 (5.68246, -1.76331) -> [ 169 (7.54243, -1.08515); 527 (7.24046, -1.56389); 654 (7.30216, -0.647287); 1292 (6.80045, -3.39196); ]
    1794 (4.15042, 5.95949) -> [ 601 (5.43141, 4.93336); ]
    1795 (6.12672, 8.39331) -> [ 229 (7.22096, 7.77731); 392 (7.87663, 9.31291); ]
    1796 (-4.2119, 12.6296) -> [ 358 (-5.86986, 11.5985); 639 (-5.73404, 13.1132); 862 (-5.487, 11.2471); 966 (-5.98179, 12.6434); 1515 (-5.26305, 11.2745); ]
    1798 (-6.87881, 18.8498) -> [ 774 (-7.92923, 20.3676); 971 (-8.27685, 18.3264); ]
    1799 (-5.56439, 13.3873) -> [ 925 (-7.41802, 12.9863); 1258 (-7.15543, 14.1972); 1731 (-7.38092, 12.612); ]
    1800 (-5.36172, 9.91965) -> [ 549 (-5.85859, 8.39126); 777 (-7.24542, 9.59231); 940 (-6.4537, 8.54553); 1363 (-4.89933, 8.22078); 1504 (-6.45028, 9.09857); ]
    1801 (14.5436, -5.67906) -> [ 408 (15.9188, -6.79383); 1362 (16.3558, -6.21711); ]
    1802 (-7.09093, -0.716562) -> [ 1579 (-7.79075, -2.41426); ]
    1803 (6.7129, -4.54773) -> [ 378 (7.04977, -6.44449); ]
    1804 (10.5392, 19.0345) -> [ 1184 (12.0848, 19.697); ]
    1806 (5.83935, 10.7021) -> [ 285 (7.72599, 10.5983); 1054 (7.443, 9.65805); 1278 (7.57847, 11.4835); ]
    1807 (3.29525, 2.31098) -> [ 59 (5.25723, 2.51968); 429 (2.49306, 0.714659); 589 (3.89902, 0.549568); 906 (4.80557, 2.71877); 1557 (4.23377, 0.642588); 1951 (5.0576, 3.08262); ]
    1808 (-10.2546, -7.93127) -> [ 1318 (-11.5861, -9.18293); ]
    1810 (16.9478, -9.89228) -> [ 813 (18.5179, -9.99499); 1105 (18.59, -9.93577); ]
    1812 (14.3717, 18.646) -> [ 61 (16.2819, 18.2211); 331 (15.8458, 17.7296); 1141 (15.9214, 18.6643); 1740 (15.1376, 17.2759); ]
    1813 (1.51628, -11.4145) -> [ 437 (2.46167, -11.0831); ]
    1814 (-3.06351, -9.29188) -> [ 478 (-2.72004, -10.7432); 1255 (-1.96274, -9.8845); 1525 (-1.80774, -10.6339); 1830 (-2.42895, -11.1669); ]
    1815 (-8.51764, 11.0467) -> [ 458 (-9.08702, 9.52185); 638 (-8.84523, 9.50597); ]
    1816 (-4.49847, -1.95659) -> [ 488 (-5.68185, -3.09087); 1108 (-5.06777, -3.59856); 1217 (-3.10146, -2.21313); ]
    1818 (24.5938, 5.30772) -> [ ]
    1820 (4.54229, -4.96786) -> [ 866 (6.23322, -4.42639); ]
    1821 (3.29963, 24.9359) -> [ 329 (4.15857, 23.7412); ]
    1822 (-11.1359, -8.15358) -> [ 1966 (-11.0754, -10.1052); ]
    1823 (7.52749, 22.0276) -> [ 68 (8.63123, 20.6509); 883 (9.38732, 21.372); 1824 (8.54263, 20.8692); ]
    1825 (-7.95728, 2.9949) -> [ 176 (-8.2796, 1.11056); 243 (-9.63638, 2.70014); ]
    1827 (19.2363, -3.46096) -> [ 953 (19.1618, -5.40265); ]
    1828 (4.13272, 2.99684) -> [ 476 (5.52081, 2.32428); 501 (5.4592, 2.41419); 735 (5.84399, 2.65562); 750 (2.93305, 1.44903); ]
    1830 (-2.42895, -11.1669) -> [ 1934 (-2.6779, -12.4866); ]
    1831 (1.93793, 21.8315) -> [ 1708 (3.84735, 21.981); ]
    1833 (18.4123, 0.175219) -> [ 242 (19.7988, 1.60807); 535 (19.1427, 1.92665); ]
    1834 (10.7373, -9.98357) -> [ 273 (12.569, -10.4233); 1764 (12.3457, -10.4515); ]
    1835 (3.81272, -1.27268) -> [ 29 (5.01385, -0.427129); 319 (5.28618, -1.47298); 842 (5.19154, -2.48569); 922 (5.69932, -1.25673); 1402 (5.36051, -0.190783); 1793 (5.68246, -1.76331); ]
    1836 (10.9727, -8.60369) -> [ 70 (9.49649, -7.81011); 118 (12.2401, -7.59581); 974 (12.246, -7.30418); 1134 (12.707, -7.74661); 1167 (11.8176, -8.35738); 1284 (12.0006, -8.18649); 1639 (11.4543, -7.57344); ]
    1838 (24.4056, 17.6031) -> [ 656 (24.6845, 16.1169); 914 (24.9753, 15.849); ]
    1839 (22.1246, 3.16507) -> [ 889 (24.0136, 3.20421); ]
    1842 (-8.95905, 0.165602) -> [ 1294 (-10.7114, -0.782412); 1430 (-8.6229, -1.4989); ]
    1843 (7.87635, -2.74324) -> [ 255 (7.51114, -4.46383); 719 (9.10358, -3.485); ]
    1844 (-1.55271, 15.9534) -> [ 300 (-3.29615, 16.3152); 1030 (-1.65232, 14.2796); 1686 (-3.37818, 15.6741); ]
    1845 (20.3608, -10.464) -> [ 227 (22.1588, -10.2307); 431 (20.9639, -9.22005); 1595 (21.7447, -10.2445); 1716 (21.4826, -9.94338); ]
    1846 (8.19872, 6.86288) -> [ 609 (9.5638, 7.67932); 947 (8.56678, 8.78794); ]
    1848 (-2.65883, -3.83668) -> [ 848 (-1.82245, -4.77826); 1395 (-2.51125, -4.94586); ]
    1849 (24.004, 3.1004) -> [ ]
    1850 (8.45173, 7.83372) -> [ 461 (10.2888, 7.89942); ]
    1851 (6.55309, 10.0591) -> [ 253 (7.8637, 11.5328); 1298 (8.28644, 10.2252); ]
    1852 (-5.44463, 9.10196) -> [ 1119 (-6.80546, 8.32104); 1531 (-4.69874, 7.35146); ]
    1853 (22.0865, 24.8442) -> [ 394 (23.5669, 24.8847); ]
    1854 (3.10754, -5.33409) -> [ 142 (3.09046, -7.29783); 326 (3.27262, -3.73496); 1407 (3.95179, -6.66083); 1461 (4.35309, -3.81826); ]
    1860 (22.8785, 5.05922) -> [ 235 (23.4946, 6.50767); 594 (23.365, 6.51921); 1237 (24.751, 5.24626); 1818 (24.5938, 5.30772); ]
    1861 (7.60022, -2.83533) -> [ 685 (8.89523, -3.87963); 760 (6.65564, -1.16266); ]
    1862 (10.1223, 5.42089) -> [ ]
    1865 (9.64073, 4.30725) -> [ ]
    1867 (-4.98548, -6.9092) -> [ 232 (-3.81461, -7.87715); 531 (-4.34256, -7.92498); ]
    1868 (-7.55141, -4.31493) -> [ 72 (-6.57943, -5.44839); 104 (-8.49187, -6.03368); 380 (-7.95929, -5.79444); ]
    1869 (8.13538, 18.2701) -> [ 718 (9.16456, 16.5816); ]
    1870 (-4.33264, 17.6942) -> [ 452 (-4.55017, 19.412); 500 (-5.49785, 18.8913); ]
    1872 (12.5472, -11.6387) -> [ 823 (13.3473, -10.7304); 843 (13.6871, -11.4202); 1048 (13.9235, -10.5405); ]
    1874 (20.4111, -11.9919) -> [ ]
    1875 (6.37977, 14.9286) -> [ 567 (8.00755, 15.5666); 982 (7.93854, 14.4553); 1726 (7.79504, 14.37); ]
    1876 (7.5541, -0.712498) -> [ 258 (8.1907, -2.11115); 441 (8.79709, -2.19073); ]
    1877 (9.66076, -1.63425) -> [ 240 (11.4655, -2.15692); 528 (11.4163, -0.912021); ]
    1880 (17.8751, 6.53845) -> [ 357 (18.362, 7.6417); 1065 (18.9235, 8.02135); 1307 (18.9738, 8.06286); 1560 (17.5245, 8.43538); ]
    1881 (18.0503, 10.6552) -> [ 1654 (18.1326, 12.2885); ]
    1882 (2.36296, 5.01012) -> [ 10 (3.22186, 5.51225); 86 (3.34911, 4.28432); 415 (2.89851, 4.20106); 576 (4.33287, 5.09555); 919 (3.05534, 3.67259); 1154 (3.38485, 5.59131); 1208 (1.63744, 3.26776); ]
    1883 (18.7812, -0.246181) -> [ 123 (19.1834, 1.12862); 216 (20.3841, -0.855636); 891 (19.7576, -1.18759); 1200 (19.207, 1.56054); 1291 (20.2166, 0.848566); 1892 (20.4069, 0.279056); ]
    1885 (23.4597, 3.47853) -> [ 490 (24.4139, 4.0539); 573 (24.4606, 4.79332); ]
    1886 (21.3979, -8.95479) -> [ 1676 (22.7483, -8.58513); ]
    1887 (3.07375, -6.87359) -> [ 223 (4.70128, -7.12039); 885 (5.01736, -6.91415); ]
    1888 (7.49645, 18.8781) -> [ 1026 (9.29098, 18.2653); 1488 (8.7798, 17.4237); ]
    1890 (4.5063, 16.505) -> [ 311 (6.26527, 17.3442); 400 (5.65746, 15.0966); 1841 (6.4282, 17.0311); ]
    1892 (20.4069, 0.279056) -> [ 174 (21.0139, 1.9345); 290 (21.1167, 1.71252); ]
    1894 (-3.00641, 9.47772) -> [ 219 (-3.43178, 7.7975); 447 (-3.53302, 7.70101); ]
    1896 (24.0516, -1.69932) -> [ ]
    1897 (8.36032, 2.92104) -> [ 17 (9.9324, 1.74763); 1069 (7.37463, 1.25386); 1971 (9.80308, 3.95653); ]
    1898 (22.221, -6.27005) -> [ 228 (24.0459, -6.44261); 668 (23.7114, -6.41549); 791 (24.0893, -6.02045); 797 (22.8476, -7.88728); 1317 (23.5957, -4.82223); 1335 (23.6628, -7.10279); 1933 (22.9378, -4.81252); ]
    1899 (2.67914, -7.66576) -> [ 536 (2.59061, -9.43168); 958 (1.92356, -9.43998); 965 (3.56234, -9.43594); ]
    1900 (5.25046, 3.48738) -> [ 199 (4.29291, 1.76851); ]
    1901 (24.3618, 11.3799) -> [ 1349 (24.2103, 12.5257); ]
    1904 (6.6981, -2.63325) -> [ ]
    1905 (23.8087, 0.823498) -> [ 1480 (24.768, 2.56138); ]
    1906 (-7.5723, 7.9632) -> [ 265 (-6.90542, 6.4196); 344 (-6.84147, 6.54396); 1123 (-9.03432, 9.09215); 1220 (-8.05384, 6.73228); 1784 (-7.65818, 6.87001); ]
    1907 (19.2636, 20.5917) -> [ 756 (19.6597, 18.6761); 1527 (18.9152, 19.0605); 1584 (19.1612, 18.9879); 1722 (21.2187, 20.8343); 1946 (21.0405, 19.8669); ]
    1908 (-0.276401, 23.4563) -> [ 484 (-1.98829, 23.239); 1311 (-2.20689, 23.8969); ]
    1909 (9.73234, -8.92272) -> [ 926 (11.1826, -9.80259); 1404 (11.4327, -8.82325); 1893 (11.2427, -9.8765); ]
    1910 (3.3038, 9.59777) -> [ 100 (5.21323, 9.10596); 1984 (4.13944, 7.94843); ]
    1911 (3.75062, -8.33973) -> [ 776 (4.42337, -9.53842); 1443 (5.04574, -9.35841); ]
    1913 (17.5602, 9.03469) -> [ 1881 (18.0503, 10.6552); ]
    1914 (20.0804, 12.8159) -> [ ]
    1915 (4.71641, 2.77236) -> [ 14 (6.51955, 3.52768); 239 (6.07169, 2.46144); 751 (3.81808, 3.55984); 1011 (6.53725, 2.67209); 1212 (4.06955, 1.26495); 1369 (3.1163, 3.07252); 1405 (6.17785, 1.97266); 1520 (5.87291, 1.53862); 1545 (3.01498, 2.87043); 1704 (6.00765, 3.57202); ]
    1916 (20.39, 10.0877) -> [ 529 (19.1351, 11.1172); 1063 (20.802, 11.6431); 1144 (20.7435, 11.8389); ]
    1918 (-6.32963, 4.10103) -> [ 1135 (-7.76675, 4.08089); ]
    1919 (8.40088, -1.40129) -> [ 616 (7.08039, -1.66422); 863 (8.00348, -2.9783); 913 (9.98704, -2.31379); 1633 (9.38515, -2.92537); 1877 (9.66076, -1.63425); ]
    1922 (19.1029, -11.3395) -> [ 355 (20.0343, -10.8766); 402 (20.4409, -11.2067); 1009 (20.2203, -10.4153); 1172 (20.0429, -12.4433); ]
    1923 (-5.49969, 21.1256) -> [ 716 (-6.07535, 19.321); 1609 (-6.00214, 22.4907); 1701 (-6.78926, 22.2886); ]
    1924 (4.23997, -4.49988) -> [ 874 (5.62462, -4.80716); 1252 (5.64057, -4.90168); ]
    1926 (-3.33378, 5.47504) -> [ 201 (-4.56039, 6.52734); 371 (-4.16493, 4.18604); 432 (-4.07482, 4.86683); 832 (-3.054, 4.36311); 995 (-4.00353, 4.69528); 1151 (-4.49005, 5.56334); 1552 (-3.69557, 7.02895); 1574 (-2.18029, 5.05075); 1604 (-3.94544, 4.38647); ]
    1927 (-6.97865, 24.8205) -> [ 1578 (-8.89261, 24.6161); ]
    1928 (-4.04097, -7.41728) -> [ 288 (-2.64241, -8.74469); 872 (-3.26308, -8.96372); 1043 (-5.07013, -7.08752); ]
    1929 (19.6543, 19.3848) -> [ 181 (21.3953, 18.7467); 649 (19.4856, 17.6974); 1233 (21.1804, 18.8276); ]
    1931 (23.0442, -3.32984) -> [ 675 (24.2714, -2.69334); 1656 (24.6636, -3.60495); ]
    1932 (2.80589, 13.0702) -> [ 596 (4.41424, 12.0029); ]
    1933 (22.9378, -4.81252) -> [ 1006 (24.0533, -3.47404); ]
    1935 (11.0539, 23.1414) -> [ 855 (12.2287, 23.9513); 945 (11.6513, 22.3603); 946 (12.1009, 22.1019); 1022 (12.2469, 21.9826); 1323 (12.9145, 23.4348); 1420 (12.5736, 23.6129); 1425 (12.8477, 22.8491); ]
    1937 (1.45194, 6.95131) -> [ 899 (1.94365, 8.76492); ]
    1938 (18.6153, -3.18929) -> [ 665 (20.1869, -3.16473); 753 (20.4987, -3.09266); 1657 (20.2038, -3.3467); ]
    1939 (7.9574, 5.99281) -> [ 96 (8.95076, 4.40517); 674 (9.14884, 7.46478); 1333 (9.4671, 5.80411); ]
    1940 (9.41923, 6.22198) -> [ 1354 (11.0843, 6.87032); 1410 (10.4546, 6.48097); ]
    1942 (20.0472, 24.0151) -> [ 1372 (21.4104, 22.671); ]
    1943 (18.9851, 2.17866) -> [ 197 (20.5862, 1.7628); 391 (20.5645, 2.8789); ]
    1944 (-9.6714, -2.3389) -> [ 249 (-9.70371, -4.06025); 1100 (-9.95913, -3.69596); 1265 (-9.62074, -3.9088); 1281 (-8.12175, -3.59783); 1366 (-8.979, -3.43886); ]
    1945 (4.13591, 14.6043) -> [ 944 (5.73512, 15.52); ]
    1946 (21.0405, 19.8669) -> [ 301 (21.9906, 18.9201); 686 (22.0003, 18.197); 1173 (22.3001, 18.797); ]
    1947 (1.2384, -0.564628) -> [ 185 (3.13664, -1.06137); 1696 (2.64871, -0.6733); ]
    1948 (6.85921, 2.19846) -> [ 631 (6.63818, 0.430248); 1603 (7.80005, 0.670983); ]
    1949 (-4.79702, 10.4615) -> [ 626 (-5.43473, 9.12089); 1183 (-4.78434, 8.66975); 1852 (-5.44463, 9.10196); ]
    1950 (14.8872, 9.18116) -> [ 673 (14.0312, 10.9401); 691 (15.8549, 10.7923); ]
    1952 (9.12066, -9.39099) -> [ 1263 (9.98993, -8.37993); 1834 (10.7373, -9.98357); ]
    1953 (8.31027, 1.10894) -> [ 91 (10.0076, 1.2969); 184 (8.23815, -0.419074); 481 (8.95981, 2.61234); 721 (9.46763, 0.160598); 799 (10.2015, 1.25317); 969 (9.65475, 0.63795); 1490 (8.9391, 2.52701); ]
    1954 (-9.64673, 15.5341) -> [ ]
    1955 (2.95689, 19.9742) -> [ 1759 (3.40815, 21.8775); ]
    1956 (17.9914, -10.9347) -> [ 350 (19.7947, -11.753); 534 (18.8085, -11.6015); 745 (19.3136, -11.8936); 943 (19.3652, -10.0425); 963 (19.4656, -10.7601); 1479 (19.2849, -11.485); 1644 (18.5081, -12.2969); 1693 (19.5403, -11.1459); ]
    1958 (1.18709, 7.08869) -> [ 31 (1.22756, 5.6632); 1650 (1.13515, 5.40391); ]
    1961 (15.6497, -10.6654) -> [ 150 (16.7303, -11.2689); 189 (17.5602, -10.9169); 333 (15.811, -11.6813); 347 (16.6118, -11.9125); 743 (16.6938, -10.804); 763 (16.5911, -11.0278); 829 (17.2353, -10.4631); 1810 (16.9478, -9.89228); ]
    1962 (-7.54613, 15.1926) -> [ 585 (-9.27835, 15.2878); 1051 (-9.44902, 15.2137); 1979 (-9.48484, 15.6621); ]
    1963 (-7.38441, -3.32364) -> [ 725 (-7.31025, -5.19111); 1751 (-6.12756, -4.38965); ]
    1964 (0.253859, 5.80048) -> [ 469 (1.29887, 5.96287); ]
    1965 (-5.13684, 15.5877) -> [ 94 (-7.09199, 15.5686); ]
    1966 (-11.0754, -10.1052) -> [ 551 (-10.6552, -11.9469); ]
    1970 (19.0129, -5.34322) -> [ 234 (20.9784, -5.49951); ]
    1971 (9.80308, 3.95653) -> [ 713 (11.3349, 5.24209); 724 (11.144, 4.56373); 990 (10.742, 3.00079); 1109 (10.652, 2.45857); 1530 (11.6023, 3.45177); 1592 (10.7551, 2.49643); ]
    1972 (21.4067, 10.4911) -> [ 637 (20.8489, 12.1704); 795 (20.3192, 11.7072); 853 (21.9357, 11.7091); 1081 (19.9998, 10.8133); 1113 (22.9262, 10.0525); 1364 (21.707, 12.3439); 1871 (19.8201, 11.166); ]
    1973 (-3.05888, 3.04545) -> [ 671 (-1.4445, 2.96242); 758 (-1.39451, 2.31142); 923 (-1.93494, 1.49973); 931 (-2.78929, 1.91883); 1474 (-1.9431, 1.69812); ]
    1975 (2.60494, 13.9877) -> [ 738 (4.48466, 13.4688); 1873 (1.0417, 12.9884); 1903 (3.24317, 12.874); ]
    1976 (0.345725, 1.8891) -> [ 203 (1.29495, 2.58685); 444 (1.88931, 2.83497); 720 (0.606897, 0.404115); ]
    1979 (-9.48484, 15.6621) -> [ 1561 (-10.6599, 16.6371); ]
    1980 (-5.33902, 20.2313) -> [ 868 (-6.5365, 21.1408); 1422 (-6.47424, 21.7677); 1713 (-6.11457, 18.7564); ]
    1981 (-7.37117, 7.33587) -> [ 165 (-8.52224, 6.01578); 200 (-7.349, 5.83626); 424 (-7.54596, 8.7313); 789 (-8.21576, 5.94679); 879 (-6.33529, 5.70622); 1132 (-6.59419, 6.0654); ]
    1982 (18.3307, 21.2521) -> [ 1375 (20.0351, 21.4087); ]
    1983 (5.68026, 19.6368) -> [ 244 (7.19985, 18.4451); 276 (7.39734, 20.1759); 303 (6.56745, 21.3116); 1139 (6.4234, 20.7789); 1757 (6.2375, 18.1132); 1888 (7.49645, 18.8781); ]
    1984 (4.13944, 7.94843) -> [ 77 (4.32194, 6.71215); 1819 (4.17287, 7.0647); ]
    1985 (23.3372, -1.17497) -> [ 1710 (24.9455, -1.05302); ]
    1986 (-6.06958, 23.702) -> [ 247 (-7.71892, 24.7886); 1121 (-7.38796, 24.9107); ]
    1989 (13.0001, 7.35522) -> [ 295 (14.8075, 8.11792); 896 (11.8841, 8.88057); 1143 (13.2097, 9.23559); ]
    1990 (15.3485, 2.51164) -> [ 1080 (16.5347, 4.04303); ]
    1991 (-3.91265, -8.28706) -> [ 554 (-4.8212, -9.88619); 1210 (-3.33572, -9.39703); 1581 (-3.71472, -6.69352); ]
    1992 (13.8628, 23.4992) -> [ 144 (15.415, 23.1145); 353 (15, 22.0554); 712 (13.8349, 22.7596); 1392 (14.8975, 24.7668); ]
    1993 (20.0351, 17.0757) -> [ 597 (21.0826, 15.5134); 1191 (20.1809, 15.3233); 1245 (20.4495, 15.4123); 1957 (19.9346, 15.1952); ]
    1994 (-2.91517, 20.6131) -> [ 1544 (-2.51428, 22.5566); ]
    1995 (20.0005, 24.9419) -> [ 287 (21.567, 24.9015); 1705 (21.4279, 24.618); 1942 (20.0472, 24.0151); ]
    1996 (21.7909, -2.84788) -> [ 261 (22.7079, -1.97772); 349 (22.954, -3.32543); ]
    1997 (21.7752, 2.03076) -> [ 1244 (23.186, 1.87579); 1325 (22.9908, 3.48614); ]
    1998 (14.9033, -0.96526) -> [ 928 (16.2761, -1.66073); ]
