1 15 
1.10439 15.0005 
1.20878 15.0009 
1.31317 15.0014 
1.41756 15.0019 
1.52195 15.0023 
1.62634 15.0028 
1.73073 15.0033 
1.83512 15.0037 
1.9395 15.0042 
2.04389 15.0047 
2.14828 15.0051 
2.25267 15.0056 
2.35778 15.0061 
2.46361 15.0066 
2.57016 15.0072 
2.67743 15.0078 
2.78542 15.0084 
2.89341 15.0091 
3.0009 15.0097 
3.1079 15.0104 
3.2144 15.0111 
3.32041 15.0119 
3.42592 15.0127 
3.52963 15.0135 
3.63153 15.0145 
3.73162 15.0155 
3.82991 15.0166 
3.9264 15.0178 
4.02288 15.019 
4.11937 15.0202 
4.21585 15.0214 
4.31434 15.0222 
4.41483 15.0226 
4.51733 15.0226 
4.62062 15.0227 
4.7247 15.0228 
4.82757 15.0233 
4.92923 15.0242 
5.02968 15.0255 
5.13012 15.0269 
5.23057 15.0282 
5.33032 15.0296 
5.42937 15.0312 
5.52773 15.0329 
5.62539 15.0347 
5.72235 15.0367 
5.81932 15.0386 
5.91628 15.0406 
6.01325 15.0425 
6.10991 15.0448 
6.20627 15.0474 
6.30233 15.0504 
6.39808 15.0537 
6.49354 15.0573 
6.58899 15.0609 
6.68444 15.0645 
6.7799 15.0681 
6.87535 15.0717 
6.97048 15.0753 
7.0653 15.0788 
7.1598 15.0823 
7.25397 15.0857 
7.34783 15.0891 
7.4425 15.0926 
7.53798 15.0963 
7.63427 15.1001 
7.73137 15.104 
7.82927 15.1081 
7.92718 15.1122 
8.02509 15.1163 
8.12299 15.1204 
8.2209 15.1245 
8.30873 15.1281 
8.39676 15.1319 
8.48497 15.1358 
8.57338 15.1399 
8.66198 15.1442 
8.76084 15.1491 
8.8597 15.1542 
8.95856 15.1595 
9.05742 15.1651 
9.15628 15.1708 
9.25514 15.1768 
9.35505 15.1827 
9.45601 15.1887 
9.55803 15.1948 
9.6611 15.2008 
9.76522 15.2069 
9.86935 15.2129 
9.97168 15.2191 
10.0722 15.2255 
10.171 15.232 
10.268 15.2386 
10.3632 15.2454 
10.4584 15.2522 
10.5548 15.2593 
10.6526 15.2667 
10.7517 15.2744 
10.852 15.2825 
10.9536 15.2909 
11.0553 15.2992 
11.1569 15.3076 
11.2585 15.316 
11.3601 15.3244 
11.4618 15.3328 
11.5634 15.3411 
11.665 15.3495 
11.7666 15.3579 
11.8683 15.3663 
11.9699 15.3747 
12.0709 15.3832 
12.1713 15.392 
12.271 15.401 
12.3702 15.4102 
12.4711 15.4202 
12.5746 15.4307 
12.6804 15.4419 
12.7888 15.4537 
12.8996 15.466 
13.011 15.4783 
13.1231 15.4906 
13.2358 15.5027 
13.3491 15.5149 
13.4604 15.5271 
13.5691 15.5395 
13.6751 15.5522 
13.7784 15.565 
13.8791 15.578 
13.9798 15.591 
14.0805 15.604 
14.1812 15.617 
14.2819 15.63 
14.3837 15.6432 
14.4867 15.6565 
14.5909 15.67 
14.6958 15.684 
14.8016 15.6984 
14.907 15.7133 
15.0121 15.7284 
15.1168 15.7439 
15.2215 15.7594 
15.3262 15.775 
15.431 15.7905 
15.5384 15.8069 
15.6486 15.8244 
15.758 15.8411 
15.8666 15.8571 
15.9745 15.8723 
16.0789 15.8859 
16.1798 15.8977 
16.278 15.9091 
16.3767 15.9198 
16.4759 15.9296 
16.5754 15.9387 
16.6763 15.9458 
16.781 15.9514 
16.8865 15.9559 
16.9928 15.9592 
17.1036 15.9604 
17.2142 15.96 
17.3248 15.9581 
17.4352 15.9546 
17.5454 15.9496 
17.6519 15.944 
17.7592 15.937 
17.8675 15.9285 
17.9766 15.9184 
18.0846 15.9066 
18.1913 15.8929 
18.2959 15.8789 
18.3995 15.8637 
18.502 15.8472 
18.6057 15.8299 
18.7055 15.812 
18.8035 15.7927 
18.8987 15.773 
18.9899 15.7525 
19.0771 15.7313 
19.1652 15.709 
19.252 15.6865 
19.3397 15.6619 
19.4293 15.6356 
19.5137 15.6099 
19.5967 15.5833 
19.6783 15.556 
19.7566 15.5295 
19.8349 15.5018 
19.9203 15.4706 
20.0091 15.4371 
20.1013 15.4015 
20.1969 15.3636 
20.2821 15.3296 
20.3694 15.2932 
20.459 15.2545 
20.5509 15.2135 
20.6484 15.168 
20.7621 15.1141 
20.8758 15.0603 
21 15 

20.2029,0.958411,0.410625,"1;1.10439;1.20878;1.31317;1.41756;1.52195;1.62634;1.73073;1.83512;1.9395;2.04389;2.14828;2.25267;2.35778;2.46361;2.57016;2.67743;2.78542;2.89341;3.0009;3.1079;3.2144;3.32041;3.42592;3.52963;3.63153;3.73162;3.82991;3.9264;4.02288;4.11937;4.21585;4.31434;4.41483;4.51733;4.62062;4.7247;4.82757;4.92923;5.02968;5.13012;5.23057;5.33032;5.42937;5.52773;5.62539;5.72235;5.81932;5.91628;6.01325;6.10991;6.20627;6.30233;6.39808;6.49354;6.58899;6.68444;6.7799;6.87535;6.97048;7.0653;7.1598;7.25397;7.34783;7.4425;7.53798;7.63427;7.73137;7.82927;7.92718;8.02509;8.12299;8.2209;8.30873;8.39676;8.48497;8.57338;8.66198;8.76084;8.8597;8.95856;9.05742;9.15628;9.25514;9.35505;9.45601;9.55803;9.6611;9.76522;9.86935;9.97168;10.0722;10.171;10.268;10.3632;10.4584;10.5548;10.6526;10.7517;10.852;10.9536;11.0553;11.1569;11.2585;11.3601;11.4618;11.5634;11.665;11.7666;11.8683;11.9699;12.0709;12.1713;12.271;12.3702;12.4711;12.5746;12.6804;12.7888;12.8996;13.011;13.1231;13.2358;13.3491;13.4604;13.5691;13.6751;13.7784;13.8791;13.9798;14.0805;14.1812;14.2819;14.3837;14.4867;14.5909;14.6958;14.8016;14.907;15.0121;15.1168;15.2215;15.3262;15.431;15.5384;15.6486;15.758;15.8666;15.9745;16.0789;16.1798;16.278;16.3767;16.4759;16.5754;16.6763;16.781;16.8865;16.9928;17.1036;17.2142;17.3248;17.4352;17.5454;17.6519;17.7592;17.8675;17.9766;18.0846;18.1913;18.2959;18.3995;18.502;18.6057;18.7055;18.8035;18.8987;18.9899;19.0771;19.1652;19.252;19.3397;19.4293;19.5137;19.5967;19.6783;19.7566;19.8349;19.9203;20.0091;20.1013;20.1969;20.2821;20.3694;20.459;20.5509;20.6484;20.7621;20.8758;21","15;15.0005;15.0009;15.0014;15.0019;15.0023;15.0028;15.0033;15.0037;15.0042;15.0047;15.0051;15.0056;15.0061;15.0066;15.0072;15.0078;15.0084;15.0091;15.0097;15.0104;15.0111;15.0119;15.0127;15.0135;15.0145;15.0155;15.0166;15.0178;15.019;15.0202;15.0214;15.0222;15.0226;15.0226;15.0227;15.0228;15.0233;15.0242;15.0255;15.0269;15.0282;15.0296;15.0312;15.0329;15.0347;15.0367;15.0386;15.0406;15.0425;15.0448;15.0474;15.0504;15.0537;15.0573;15.0609;15.0645;15.0681;15.0717;15.0753;15.0788;15.0823;15.0857;15.0891;15.0926;15.0963;15.1001;15.104;15.1081;15.1122;15.1163;15.1204;15.1245;15.1281;15.1319;15.1358;15.1399;15.1442;15.1491;15.1542;15.1595;15.1651;15.1708;15.1768;15.1827;15.1887;15.1948;15.2008;15.2069;15.2129;15.2191;15.2255;15.232;15.2386;15.2454;15.2522;15.2593;15.2667;15.2744;15.2825;15.2909;15.2992;15.3076;15.316;15.3244;15.3328;15.3411;15.3495;15.3579;15.3663;15.3747;15.3832;15.392;15.401;15.4102;15.4202;15.4307;15.4419;15.4537;15.466;15.4783;15.4906;15.5027;15.5149;15.5271;15.5395;15.5522;15.565;15.578;15.591;15.604;15.617;15.63;15.6432;15.6565;15.67;15.684;15.6984;15.7133;15.7284;15.7439;15.7594;15.775;15.7905;15.8069;15.8244;15.8411;15.8571;15.8723;15.8859;15.8977;15.9091;15.9198;15.9296;15.9387;15.9458;15.9514;15.9559;15.9592;15.9604;15.96;15.9581;15.9546;15.9496;15.944;15.937;15.9285;15.9184;15.9066;15.8929;15.8789;15.8637;15.8472;15.8299;15.812;15.7927;15.773;15.7525;15.7313;15.709;15.6865;15.6619;15.6356;15.6099;15.5833;15.556;15.5295;15.5018;15.4706;15.4371;15.4015;15.3636;15.3296;15.2932;15.2545;15.2135;15.168;15.1141;15.0603;15",0.958411,"0;1;0"
