1 15 
1.30641 15.0362 
2.04822 15.1346 
2.76738 15.2201 
3.37433 15.2843 
3.90581 15.366 
4.59999 15.4618 
5.46393 15.543 
6.26565 15.6303 
7.00824 15.7122 
7.54322 15.7626 
8.30539 15.8265 
8.96648 15.9219 
9.37053 15.9741 
10.355 16.0779 
10.9141 16.1081 
11.8815 16.0538 
12.718 15.9635 
12.9778 15.9365 
13.8233 15.844 
13.9884 15.8193 
14.7951 15.7087 
15.1509 15.6624 
16.0404 15.558 
16.2767 15.5323 
16.9314 15.4574 
17.7007 15.3694 
18.6342 15.2484 
19.2494 15.2071 
20.0134 15.1253 
21 15 

20.1279,199504,1.18025,"1;1.30641;2.04822;2.76738;3.37433;3.90581;4.59999;5.46393;6.26565;7.00824;7.54322;8.30539;8.96648;9.37053;10.355;10.9141;11.8815;12.718;12.9778;13.8233;13.9884;14.7951;15.1509;16.0404;16.2767;16.9314;17.7007;18.6342;19.2494;20.0134;21","15;15.0362;15.1346;15.2201;15.2843;15.366;15.4618;15.543;15.6303;15.7122;15.7626;15.8265;15.9219;15.9741;16.0779;16.1081;16.0538;15.9635;15.9365;15.844;15.8193;15.7087;15.6624;15.558;15.5323;15.4574;15.3694;15.2484;15.2071;15.1253;15",20.1279,"1;0;0"
