1 15 
1.19371 14.743 
1.56657 14.3196 
2.22489 13.828 
3.02623 13.3531 
3.86269 12.9438 
4.14624 12.8 
4.85114 12.4403 
5.73137 11.9793 
6.24479 11.6935 
7.02195 11.3191 
7.57249 11.0455 
8.34299 10.7285 
8.99848 10.4574 
9.6475 10.1423 
10.4746 9.90437 
11.1545 9.86079 
11.4277 9.90037 
12.3607 10.1045 
12.9995 10.4292 
13.5566 10.6848 
14.3388 11.0911 
14.688 11.264 
15.4419 11.6647 
15.9301 11.8948 
16.658 12.2351 
17.5357 12.6444 
18.2299 12.9673 
19.0816 13.3824 
19.6709 13.7417 
20.2645 14.1616 
20.7464 14.6307 
20.9089 14.8255 
21 15 

22.7949,207.571,0.238517,"1;1.19371;1.56657;2.22489;3.02623;3.86269;4.14624;4.85114;5.73137;6.24479;7.02195;7.57249;8.34299;8.99848;9.6475;10.4746;11.1545;11.4277;12.3607;12.9995;13.5566;14.3388;14.688;15.4419;15.9301;16.658;17.5357;18.2299;19.0816;19.6709;20.2645;20.7464;20.9089;21","15;14.743;14.3196;13.828;13.3531;12.9438;12.8;12.4403;11.9793;11.6935;11.3191;11.0455;10.7285;10.4574;10.1423;9.90437;9.86079;9.90037;10.1045;10.4292;10.6848;11.0911;11.264;11.6647;11.8948;12.2351;12.6444;12.9673;13.3824;13.7417;14.1616;14.6307;14.8255;15",0.238517,"0;0;1"
