1 15 
1.1 15 
1.2 15 
1.3 15 
1.4 15 
1.5 15 
1.6 15 
1.7 15 
1.8 15 
1.9 15 
2 15 
2.1 15 
2.2 15 
2.3 15 
2.4 15 
2.5 15 
2.6 15 
2.7 15 
2.8 15 
2.89928 15.0001 
2.99784 15.0003 
3.09568 15.0006 
3.1928 15.0009 
3.28921 15.0014 
3.38561 15.0018 
3.48201 15.0023 
3.5794 15.0029 
3.67777 15.0036 
3.77713 15.0045 
3.87747 15.0055 
3.9788 15.0067 
4.08013 15.0079 
4.18146 15.0091 
4.28279 15.0102 
4.38412 15.0114 
4.48544 15.0126 
4.58677 15.0137 
4.68725 15.015 
4.78686 15.0165 
4.88562 15.018 
4.98352 15.0197 
5.08056 15.0216 
5.17761 15.0234 
5.27465 15.0252 
5.3717 15.0271 
5.46874 15.0289 
5.56732 15.031 
5.66743 15.0335 
5.76906 15.0362 
5.87223 15.0392 
5.97694 15.0425 
6.08164 15.0459 
6.18634 15.0492 
6.28949 15.0525 
6.39108 15.0557 
6.49112 15.0589 
6.58961 15.0621 
6.68589 15.0653 
6.7815 15.0685 
6.87644 15.0716 
6.97072 15.0748 
7.06434 15.078 
7.15796 15.0812 
7.25173 15.0844 
7.34565 15.0877 
7.43972 15.091 
7.53395 15.0943 
7.62832 15.0977 
7.7227 15.1011 
7.81896 15.1047 
7.91711 15.1086 
8.01713 15.1128 
8.11904 15.1172 
8.22284 15.1219 
8.32691 15.1266 
8.43125 15.1313 
8.53587 15.1361 
8.64077 15.1408 
8.74594 15.1456 
8.85111 15.1503 
8.95538 15.1551 
9.05876 15.1598 
9.16123 15.1645 
9.26282 15.1691 
9.36397 15.1739 
9.46559 15.1788 
9.56768 15.1838 
9.67023 15.1889 
9.77345 15.1943 
9.87688 15.1997 
9.98051 15.2053 
10.0843 15.211 
10.1884 15.2168 
10.2924 15.2226 
10.3951 15.2289 
10.4965 15.2357 
10.5965 15.2429 
10.6951 15.2506 
10.7925 15.2588 
10.8898 15.267 
10.9871 15.2752 
11.0844 15.2834 
11.1817 15.2916 
11.279 15.2998 
11.3764 15.308 
11.4745 15.3165 
11.5735 15.3253 
11.6732 15.3343 
11.7738 15.3436 
11.8753 15.3532 
11.9767 15.3628 
12.0781 15.3723 
12.1795 15.3819 
12.2807 15.3916 
12.3817 15.4015 
12.4825 15.4115 
12.5831 15.4216 
12.6834 15.4319 
12.7838 15.4421 
12.883 15.4525 
12.9812 15.463 
13.0782 15.4736 
13.174 15.4844 
13.2688 15.4953 
13.3636 15.5062 
13.4583 15.517 
13.5544 15.5284 
13.6519 15.5403 
13.7508 15.5526 
13.851 15.5654 
13.9527 15.5788 
14.0543 15.5921 
14.1559 15.6054 
14.2586 15.6192 
14.3626 15.6335 
14.4677 15.6483 
14.574 15.6636 
14.6815 15.6794 
14.789 15.6952 
14.8964 15.7109 
15.0039 15.7267 
15.1085 15.7423 
15.2103 15.7576 
15.3093 15.7728 
15.4058 15.7878 
15.4999 15.8027 
15.5944 15.8177 
15.6893 15.8328 
15.7846 15.8479 
15.8801 15.8623 
15.9761 15.876 
16.0723 15.8889 
16.1687 15.9003 
16.2652 15.91 
16.3616 15.919 
16.4577 15.9271 
16.5539 15.9334 
16.6503 15.9385 
16.747 15.9427 
16.844 15.9458 
16.9413 15.9478 
17.0423 15.9492 
17.147 15.95 
17.2555 15.9501 
17.3751 15.9484 
17.4944 15.9448 
17.6095 15.9398 
17.7206 15.9336 
17.8289 15.9254 
17.927 15.9166 
18.0287 15.9065 
18.1338 15.8951 
18.2425 15.8823 
18.35 15.8682 
18.4562 15.8526 
18.559 15.8364 
18.6583 15.8196 
18.7541 15.802 
18.8334 15.7874 
18.9145 15.771 
18.9975 15.7528 
19.0825 15.7328 
19.1693 15.7111 
19.2758 15.6834 
19.3833 15.6544 
19.492 15.6241 
19.5983 15.5925 
19.7022 15.5596 
19.8026 15.5265 
19.8968 15.4943 
19.9927 15.4588 
20.094 15.42 
20.1996 15.3776 
20.3095 15.3316 
20.4264 15.2811 
20.5421 15.2285 
20.6568 15.1738 
20.7713 15.1175 
20.8857 15.0596 
21 15 

20.2049,0.958409,0.361939,"1;1.1;1.2;1.3;1.4;1.5;1.6;1.7;1.8;1.9;2;2.1;2.2;2.3;2.4;2.5;2.6;2.7;2.8;2.89928;2.99784;3.09568;3.1928;3.28921;3.38561;3.48201;3.5794;3.67777;3.77713;3.87747;3.9788;4.08013;4.18146;4.28279;4.38412;4.48544;4.58677;4.68725;4.78686;4.88562;4.98352;5.08056;5.17761;5.27465;5.3717;5.46874;5.56732;5.66743;5.76906;5.87223;5.97694;6.08164;6.18634;6.28949;6.39108;6.49112;6.58961;6.68589;6.7815;6.87644;6.97072;7.06434;7.15796;7.25173;7.34565;7.43972;7.53395;7.62832;7.7227;7.81896;7.91711;8.01713;8.11904;8.22284;8.32691;8.43125;8.53587;8.64077;8.74594;8.85111;8.95538;9.05876;9.16123;9.26282;9.36397;9.46559;9.56768;9.67023;9.77345;9.87688;9.98051;10.0843;10.1884;10.2924;10.3951;10.4965;10.5965;10.6951;10.7925;10.8898;10.9871;11.0844;11.1817;11.279;11.3764;11.4745;11.5735;11.6732;11.7738;11.8753;11.9767;12.0781;12.1795;12.2807;12.3817;12.4825;12.5831;12.6834;12.7838;12.883;12.9812;13.0782;13.174;13.2688;13.3636;13.4583;13.5544;13.6519;13.7508;13.851;13.9527;14.0543;14.1559;14.2586;14.3626;14.4677;14.574;14.6815;14.789;14.8964;15.0039;15.1085;15.2103;15.3093;15.4058;15.4999;15.5944;15.6893;15.7846;15.8801;15.9761;16.0723;16.1687;16.2652;16.3616;16.4577;16.5539;16.6503;16.747;16.844;16.9413;17.0423;17.147;17.2555;17.3751;17.4944;17.6095;17.7206;17.8289;17.927;18.0287;18.1338;18.2425;18.35;18.4562;18.559;18.6583;18.7541;18.8334;18.9145;18.9975;19.0825;19.1693;19.2758;19.3833;19.492;19.5983;19.7022;19.8026;19.8968;19.9927;20.094;20.1996;20.3095;20.4264;20.5421;20.6568;20.7713;20.8857;21","15;15;15;15;15;15;15;15;15;15;15;15;15;15;15;15;15;15;15;15.0001;15.0003;15.0006;15.0009;15.0014;15.0018;15.0023;15.0029;15.0036;15.0045;15.0055;15.0067;15.0079;15.0091;15.0102;15.0114;15.0126;15.0137;15.015;15.0165;15.018;15.0197;15.0216;15.0234;15.0252;15.0271;15.0289;15.031;15.0335;15.0362;15.0392;15.0425;15.0459;15.0492;15.0525;15.0557;15.0589;15.0621;15.0653;15.0685;15.0716;15.0748;15.078;15.0812;15.0844;15.0877;15.091;15.0943;15.0977;15.1011;15.1047;15.1086;15.1128;15.1172;15.1219;15.1266;15.1313;15.1361;15.1408;15.1456;15.1503;15.1551;15.1598;15.1645;15.1691;15.1739;15.1788;15.1838;15.1889;15.1943;15.1997;15.2053;15.211;15.2168;15.2226;15.2289;15.2357;15.2429;15.2506;15.2588;15.267;15.2752;15.2834;15.2916;15.2998;15.308;15.3165;15.3253;15.3343;15.3436;15.3532;15.3628;15.3723;15.3819;15.3916;15.4015;15.4115;15.4216;15.4319;15.4421;15.4525;15.463;15.4736;15.4844;15.4953;15.5062;15.517;15.5284;15.5403;15.5526;15.5654;15.5788;15.5921;15.6054;15.6192;15.6335;15.6483;15.6636;15.6794;15.6952;15.7109;15.7267;15.7423;15.7576;15.7728;15.7878;15.8027;15.8177;15.8328;15.8479;15.8623;15.876;15.8889;15.9003;15.91;15.919;15.9271;15.9334;15.9385;15.9427;15.9458;15.9478;15.9492;15.95;15.9501;15.9484;15.9448;15.9398;15.9336;15.9254;15.9166;15.9065;15.8951;15.8823;15.8682;15.8526;15.8364;15.8196;15.802;15.7874;15.771;15.7528;15.7328;15.7111;15.6834;15.6544;15.6241;15.5925;15.5596;15.5265;15.4943;15.4588;15.42;15.3776;15.3316;15.2811;15.2285;15.1738;15.1175;15.0596;15",0.958409,"0;1;0"
