1 15 
1.04119 14.882 
1.08238 14.764 
1.12356 14.6461 
1.16475 14.5281 
1.20594 14.4101 
1.25 14.2943 
1.29694 14.1807 
1.34675 14.0692 
1.39944 13.9599 
1.455 13.8527 
1.51253 13.7457 
1.57201 13.6388 
1.63346 13.532 
1.69687 13.4254 
1.76223 13.3189 
1.8307 13.2123 
1.90227 13.1057 
1.97682 13.0031 
2.05435 12.9044 
2.13486 12.8096 
2.21525 12.7187 
2.29552 12.6318 
2.37582 12.5473 
2.45615 12.4652 
2.5365 12.3856 
2.6173 12.3104 
2.69853 12.2397 
2.78016 12.1712 
2.8622 12.1047 
2.94719 12.0403 
3.03472 11.9761 
3.1248 11.912 
3.2226 11.8463 
3.32813 11.779 
3.43239 11.715 
3.53537 11.6544 
3.64296 11.595 
3.74996 11.5385 
3.85637 11.4851 
3.96866 11.4295 
4.08773 11.3732 
4.2077 11.3182 
4.32858 11.2644 
4.45036 11.212 
4.57015 11.1644 
4.68706 11.1201 
4.80108 11.0794 
4.91222 11.0421 
5.02047 11.0083 
5.12872 10.9744 
5.23697 10.9406 
5.34522 10.9067 
5.45479 10.8739 
5.56567 10.8421 
5.67786 10.8112 
5.79136 10.7814 
5.90469 10.7538 
6.01653 10.7274 
6.12687 10.7023 
6.23573 10.6784 
6.34488 10.6563 
6.45582 10.6347 
6.56855 10.6136 
6.68174 10.5938 
6.79539 10.5755 
6.90769 10.558 
7.01952 10.5413 
7.13087 10.5254 
7.24307 10.5094 
7.35613 10.4934 
7.46962 10.4777 
7.58269 10.4625 
7.69534 10.4477 
7.81127 10.4336 
7.9305 10.42 
8.05344 10.4066 
8.1801 10.3933 
8.30648 10.3811 
8.42888 10.3699 
8.54728 10.3596 
8.6617 10.3503 
8.77212 10.342 
8.88579 10.3341 
9.0027 10.3268 
9.12285 10.32 
9.24624 10.3136 
9.37288 10.3078 
9.50254 10.3023 
9.63521 10.297 
9.7679 10.2927 
9.90061 10.2895 
10.0333 10.2873 
10.163 10.2858 
10.2897 10.2851 
10.4164 10.2844 
10.5431 10.2837 
10.6707 10.2834 
10.7992 10.2833 
10.9285 10.2835 
11.0587 10.284 
11.1897 10.2848 
11.3179 10.286 
11.4433 10.2874 
11.5659 10.2892 
11.6856 10.2913 
11.8024 10.2937 
11.9193 10.2961 
12.0364 10.299 
12.1539 10.3024 
12.2716 10.3062 
12.3896 10.3105 
12.5079 10.3153 
12.6262 10.3201 
12.7472 10.325 
12.869 10.3309 
12.9916 10.3377 
13.115 10.3455 
13.2392 10.3542 
13.3614 10.3638 
13.4836 10.3734 
13.6063 10.3838 
13.7294 10.395 
13.8552 10.4073 
13.9806 10.4209 
14.1056 10.4359 
14.2297 10.4515 
14.353 10.4676 
14.4731 10.484 
14.5933 10.5004 
14.7149 10.5177 
14.8382 10.5358 
14.9629 10.5547 
15.0893 10.5744 
15.2127 10.5947 
15.3317 10.6146 
15.4461 10.6342 
15.5561 10.6535 
15.6617 10.6734 
15.7674 10.6943 
15.8731 10.7161 
15.979 10.7388 
16.0849 10.7626 
16.1908 10.7863 
16.2996 10.812 
16.4114 10.8398 
16.526 10.8697 
16.6436 10.9016 
16.7652 10.9367 
16.8801 10.971 
16.993 11.0068 
17.104 11.0441 
17.213 11.0828 
17.3189 11.122 
17.4295 11.1635 
17.5407 11.2073 
17.6525 11.2535 
17.7649 11.3021 
17.8778 11.353 
17.9931 11.4085 
18.1101 11.466 
18.2289 11.5258 
18.3457 11.5871 
18.4607 11.6501 
18.5721 11.7125 
18.6799 11.7745 
18.7815 11.8373 
18.8806 11.9014 
18.9772 11.9668 
19.073 12.0372 
19.1681 12.1127 
19.265 12.1919 
19.3569 12.2703 
19.4439 12.348 
19.5265 12.4258 
19.6047 12.5038 
19.6786 12.582 
19.755 12.6647 
19.8319 12.752 
19.9067 12.8391 
19.9796 12.9262 
20.0504 13.0132 
20.1193 13.1 
20.1849 13.1888 
20.2473 13.2796 
20.3065 13.3722 
20.3624 13.4669 
20.4151 13.5634 
20.4677 13.66 
20.5204 13.7565 
20.5719 13.86 
20.6222 13.9705 
20.6713 14.0879 
20.7193 14.2122 
20.7661 14.3435 
20.8129 14.4748 
20.8597 14.6061 
20.9064 14.7374 
20.9532 14.8687 
21 15 

23.969,2.82169,0.323716,"1;1.04119;1.08238;1.12356;1.16475;1.20594;1.25;1.29694;1.34675;1.39944;1.455;1.51253;1.57201;1.63346;1.69687;1.76223;1.8307;1.90227;1.97682;2.05435;2.13486;2.21525;2.29552;2.37582;2.45615;2.5365;2.6173;2.69853;2.78016;2.8622;2.94719;3.03472;3.1248;3.2226;3.32813;3.43239;3.53537;3.64296;3.74996;3.85637;3.96866;4.08773;4.2077;4.32858;4.45036;4.57015;4.68706;4.80108;4.91222;5.02047;5.12872;5.23697;5.34522;5.45479;5.56567;5.67786;5.79136;5.90469;6.01653;6.12687;6.23573;6.34488;6.45582;6.56855;6.68174;6.79539;6.90769;7.01952;7.13087;7.24307;7.35613;7.46962;7.58269;7.69534;7.81127;7.9305;8.05344;8.1801;8.30648;8.42888;8.54728;8.6617;8.77212;8.88579;9.0027;9.12285;9.24624;9.37288;9.50254;9.63521;9.7679;9.90061;10.0333;10.163;10.2897;10.4164;10.5431;10.6707;10.7992;10.9285;11.0587;11.1897;11.3179;11.4433;11.5659;11.6856;11.8024;11.9193;12.0364;12.1539;12.2716;12.3896;12.5079;12.6262;12.7472;12.869;12.9916;13.115;13.2392;13.3614;13.4836;13.6063;13.7294;13.8552;13.9806;14.1056;14.2297;14.353;14.4731;14.5933;14.7149;14.8382;14.9629;15.0893;15.2127;15.3317;15.4461;15.5561;15.6617;15.7674;15.8731;15.979;16.0849;16.1908;16.2996;16.4114;16.526;16.6436;16.7652;16.8801;16.993;17.104;17.213;17.3189;17.4295;17.5407;17.6525;17.7649;17.8778;17.9931;18.1101;18.2289;18.3457;18.4607;18.5721;18.6799;18.7815;18.8806;18.9772;19.073;19.1681;19.265;19.3569;19.4439;19.5265;19.6047;19.6786;19.755;19.8319;19.9067;19.9796;20.0504;20.1193;20.1849;20.2473;20.3065;20.3624;20.4151;20.4677;20.5204;20.5719;20.6222;20.6713;20.7193;20.7661;20.8129;20.8597;20.9064;20.9532;21","15;14.882;14.764;14.6461;14.5281;14.4101;14.2943;14.1807;14.0692;13.9599;13.8527;13.7457;13.6388;13.532;13.4254;13.3189;13.2123;13.1057;13.0031;12.9044;12.8096;12.7187;12.6318;12.5473;12.4652;12.3856;12.3104;12.2397;12.1712;12.1047;12.0403;11.9761;11.912;11.8463;11.779;11.715;11.6544;11.595;11.5385;11.4851;11.4295;11.3732;11.3182;11.2644;11.212;11.1644;11.1201;11.0794;11.0421;11.0083;10.9744;10.9406;10.9067;10.8739;10.8421;10.8112;10.7814;10.7538;10.7274;10.7023;10.6784;10.6563;10.6347;10.6136;10.5938;10.5755;10.558;10.5413;10.5254;10.5094;10.4934;10.4777;10.4625;10.4477;10.4336;10.42;10.4066;10.3933;10.3811;10.3699;10.3596;10.3503;10.342;10.3341;10.3268;10.32;10.3136;10.3078;10.3023;10.297;10.2927;10.2895;10.2873;10.2858;10.2851;10.2844;10.2837;10.2834;10.2833;10.2835;10.284;10.2848;10.286;10.2874;10.2892;10.2913;10.2937;10.2961;10.299;10.3024;10.3062;10.3105;10.3153;10.3201;10.325;10.3309;10.3377;10.3455;10.3542;10.3638;10.3734;10.3838;10.395;10.4073;10.4209;10.4359;10.4515;10.4676;10.484;10.5004;10.5177;10.5358;10.5547;10.5744;10.5947;10.6146;10.6342;10.6535;10.6734;10.6943;10.7161;10.7388;10.7626;10.7863;10.812;10.8398;10.8697;10.9016;10.9367;10.971;11.0068;11.0441;11.0828;11.122;11.1635;11.2073;11.2535;11.3021;11.353;11.4085;11.466;11.5258;11.5871;11.6501;11.7125;11.7745;11.8373;11.9014;11.9668;12.0372;12.1127;12.1919;12.2703;12.348;12.4258;12.5038;12.582;12.6647;12.752;12.8391;12.9262;13.0132;13.1;13.1888;13.2796;13.3722;13.4669;13.5634;13.66;13.7565;13.86;13.9705;14.0879;14.2122;14.3435;14.4748;14.6061;14.7374;14.8687;15",0.323716,"0;0;1"
