1 15 
1.10068 15.0005 
1.20137 15.0011 
1.30205 15.0016 
1.40274 15.0021 
1.50342 15.0027 
1.60411 15.0032 
1.70479 15.0038 
1.80548 15.0043 
1.90616 15.0048 
2.00684 15.0054 
2.10753 15.0059 
2.20821 15.0064 
2.3089 15.007 
2.40958 15.0075 
2.51027 15.008 
2.61095 15.0086 
2.71163 15.0091 
2.81189 15.0096 
2.91172 15.01 
3.01113 15.0104 
3.1101 15.0107 
3.20865 15.0109 
3.30721 15.0112 
3.40576 15.0115 
3.50431 15.0117 
3.60286 15.012 
3.70141 15.0122 
3.79996 15.0125 
3.89851 15.0127 
3.99706 15.013 
4.09561 15.0132 
4.19416 15.0135 
4.29271 15.0137 
4.39126 15.014 
4.48961 15.0143 
4.58777 15.0148 
4.68572 15.0154 
4.78348 15.016 
4.88104 15.0168 
4.9786 15.0175 
5.07616 15.0183 
5.17372 15.0191 
5.27128 15.0198 
5.36884 15.0206 
5.4664 15.0213 
5.56396 15.0221 
5.66192 15.0227 
5.76028 15.0231 
5.85903 15.0233 
5.95818 15.0233 
6.05774 15.0232 
6.15729 15.0231 
6.25684 15.0229 
6.35639 15.0228 
6.45594 15.0226 
6.55549 15.0225 
6.65504 15.0223 
6.75459 15.0222 
6.85414 15.0221 
6.95369 15.0219 
7.05324 15.0218 
7.15279 15.0216 
7.25133 15.0215 
7.34885 15.0213 
7.44536 15.0212 
7.54086 15.021 
7.63535 15.0209 
7.73085 15.0207 
7.82736 15.0204 
7.92489 15.02 
8.02344 15.0196 
8.123 15.0191 
8.22256 15.0186 
8.32212 15.0181 
8.42168 15.0176 
8.52124 15.0171 
8.6208 15.0166 
8.72036 15.0161 
8.81992 15.0156 
8.92054 15.0154 
9.02223 15.0156 
9.12499 15.016 
9.22881 15.0168 
9.33369 15.0179 
9.43858 15.019 
9.54346 15.0201 
9.64835 15.0212 
9.75323 15.0223 
9.85812 15.0234 
9.96196 15.0243 
10.0647 15.025 
10.1665 15.0256 
10.2672 15.026 
10.3668 15.0262 
10.4665 15.0264 
10.5661 15.0266 
10.6658 15.0268 
10.7654 15.027 
10.8651 15.0272 
10.9647 15.0274 
11.0644 15.0276 
11.164 15.0278 
11.2637 15.028 
11.3637 15.0282 
11.464 15.0283 
11.5647 15.0283 
11.6657 15.0283 
11.7671 15.0282 
11.8685 15.0282 
11.9698 15.0281 
12.0712 15.0281 
12.1726 15.028 
12.2739 15.0279 
12.3753 15.0279 
12.4767 15.0278 
12.578 15.0278 
12.6794 15.0277 
12.7808 15.0276 
12.8822 15.0276 
12.9835 15.0275 
13.0845 15.0273 
13.1851 15.0269 
13.2854 15.0263 
13.3853 15.0255 
13.4848 15.0246 
13.5843 15.0236 
13.6838 15.0227 
13.7833 15.0217 
13.8828 15.0208 
13.9823 15.0198 
14.0818 15.0189 
14.1814 15.0179 
14.2809 15.017 
14.3804 15.0161 
14.4799 15.0151 
14.5794 15.0142 
14.6789 15.0132 
14.7784 15.0123 
14.8784 15.0114 
14.9788 15.0105 
15.0797 15.0096 
15.181 15.0088 
15.2828 15.008 
15.3846 15.0072 
15.4871 15.0065 
15.5903 15.0059 
15.6941 15.0054 
15.7987 15.005 
15.9039 15.0048 
16.0091 15.0045 
16.1143 15.0042 
16.2196 15.0039 
16.3248 15.0036 
16.4286 15.0034 
16.5309 15.0033 
16.6319 15.0033 
16.7314 15.0034 
16.8294 15.0035 
16.9275 15.0036 
17.0342 15.004 
17.1409 15.0043 
17.2477 15.0045 
17.3546 15.0046 
17.4616 15.0046 
17.5601 15.0043 
17.6585 15.004 
17.757 15.0036 
17.8555 15.0033 
17.954 15.003 
18.0524 15.0027 
18.1509 15.0023 
18.2494 15.002 
18.3479 15.0017 
18.4464 15.0014 
18.5448 15.001 
18.6433 15.0007 
18.7414 15.0005 
18.8392 15.0003 
18.9366 15.0002 
19.0337 15.0002 
19.1304 15.0003 
19.2272 15.0003 
19.3239 15.0004 
19.4206 15.0005 
19.5173 15.0005 
19.6141 15.0006 
19.7108 15.0007 
19.8075 15.0007 
19.9042 15.0008 
20.001 15.0008 
20.0982 15.0008 
20.196 15.0008 
20.2943 15.0007 
20.3986 15.0005 
20.509 15.0003 
20.6248 15.0002 
20.7462 15.0001 
20.8731 15.0001 
21 15 

20.0002,0.959669,0.32662,"1;1.10068;1.20137;1.30205;1.40274;1.50342;1.60411;1.70479;1.80548;1.90616;2.00684;2.10753;2.20821;2.3089;2.40958;2.51027;2.61095;2.71163;2.81189;2.91172;3.01113;3.1101;3.20865;3.30721;3.40576;3.50431;3.60286;3.70141;3.79996;3.89851;3.99706;4.09561;4.19416;4.29271;4.39126;4.48961;4.58777;4.68572;4.78348;4.88104;4.9786;5.07616;5.17372;5.27128;5.36884;5.4664;5.56396;5.66192;5.76028;5.85903;5.95818;6.05774;6.15729;6.25684;6.35639;6.45594;6.55549;6.65504;6.75459;6.85414;6.95369;7.05324;7.15279;7.25133;7.34885;7.44536;7.54086;7.63535;7.73085;7.82736;7.92489;8.02344;8.123;8.22256;8.32212;8.42168;8.52124;8.6208;8.72036;8.81992;8.92054;9.02223;9.12499;9.22881;9.33369;9.43858;9.54346;9.64835;9.75323;9.85812;9.96196;10.0647;10.1665;10.2672;10.3668;10.4665;10.5661;10.6658;10.7654;10.8651;10.9647;11.0644;11.164;11.2637;11.3637;11.464;11.5647;11.6657;11.7671;11.8685;11.9698;12.0712;12.1726;12.2739;12.3753;12.4767;12.578;12.6794;12.7808;12.8822;12.9835;13.0845;13.1851;13.2854;13.3853;13.4848;13.5843;13.6838;13.7833;13.8828;13.9823;14.0818;14.1814;14.2809;14.3804;14.4799;14.5794;14.6789;14.7784;14.8784;14.9788;15.0797;15.181;15.2828;15.3846;15.4871;15.5903;15.6941;15.7987;15.9039;16.0091;16.1143;16.2196;16.3248;16.4286;16.5309;16.6319;16.7314;16.8294;16.9275;17.0342;17.1409;17.2477;17.3546;17.4616;17.5601;17.6585;17.757;17.8555;17.954;18.0524;18.1509;18.2494;18.3479;18.4464;18.5448;18.6433;18.7414;18.8392;18.9366;19.0337;19.1304;19.2272;19.3239;19.4206;19.5173;19.6141;19.7108;19.8075;19.9042;20.001;20.0982;20.196;20.2943;20.3986;20.509;20.6248;20.7462;20.8731;21","15;15.0005;15.0011;15.0016;15.0021;15.0027;15.0032;15.0038;15.0043;15.0048;15.0054;15.0059;15.0064;15.007;15.0075;15.008;15.0086;15.0091;15.0096;15.01;15.0104;15.0107;15.0109;15.0112;15.0115;15.0117;15.012;15.0122;15.0125;15.0127;15.013;15.0132;15.0135;15.0137;15.014;15.0143;15.0148;15.0154;15.016;15.0168;15.0175;15.0183;15.0191;15.0198;15.0206;15.0213;15.0221;15.0227;15.0231;15.0233;15.0233;15.0232;15.0231;15.0229;15.0228;15.0226;15.0225;15.0223;15.0222;15.0221;15.0219;15.0218;15.0216;15.0215;15.0213;15.0212;15.021;15.0209;15.0207;15.0204;15.02;15.0196;15.0191;15.0186;15.0181;15.0176;15.0171;15.0166;15.0161;15.0156;15.0154;15.0156;15.016;15.0168;15.0179;15.019;15.0201;15.0212;15.0223;15.0234;15.0243;15.025;15.0256;15.026;15.0262;15.0264;15.0266;15.0268;15.027;15.0272;15.0274;15.0276;15.0278;15.028;15.0282;15.0283;15.0283;15.0283;15.0282;15.0282;15.0281;15.0281;15.028;15.0279;15.0279;15.0278;15.0278;15.0277;15.0276;15.0276;15.0275;15.0273;15.0269;15.0263;15.0255;15.0246;15.0236;15.0227;15.0217;15.0208;15.0198;15.0189;15.0179;15.017;15.0161;15.0151;15.0142;15.0132;15.0123;15.0114;15.0105;15.0096;15.0088;15.008;15.0072;15.0065;15.0059;15.0054;15.005;15.0048;15.0045;15.0042;15.0039;15.0036;15.0034;15.0033;15.0033;15.0034;15.0035;15.0036;15.004;15.0043;15.0045;15.0046;15.0046;15.0043;15.004;15.0036;15.0033;15.003;15.0027;15.0023;15.002;15.0017;15.0014;15.001;15.0007;15.0005;15.0003;15.0002;15.0002;15.0003;15.0003;15.0004;15.0005;15.0005;15.0006;15.0007;15.0007;15.0008;15.0008;15.0008;15.0008;15.0007;15.0005;15.0003;15.0002;15.0001;15.0001;15",20.0002,"1;0;0"
