1 15 
1.08175 14.9337 
1.16351 14.8675 
1.24526 14.8012 
1.32702 14.7349 
1.40877 14.6687 
1.49052 14.6024 
1.57228 14.5361 
1.65603 14.4698 
1.74177 14.4032 
1.82951 14.3366 
1.91924 14.2698 
2.01097 14.2029 
2.10269 14.136 
2.19442 14.0691 
2.28615 14.0022 
2.37788 13.9353 
2.46894 13.8707 
2.55933 13.8084 
2.64906 13.7485 
2.73812 13.6908 
2.82652 13.6355 
2.91492 13.5802 
3.00331 13.5249 
3.09171 13.4695 
3.1801 13.4142 
3.2685 13.3589 
3.35916 13.3035 
3.45208 13.248 
3.54726 13.1924 
3.64471 13.1367 
3.74577 13.0809 
3.84818 13.0251 
3.95195 12.9693 
4.05708 12.9135 
4.16114 12.8596 
4.26278 12.8077 
4.36335 12.7583 
4.46286 12.7114 
4.56131 12.6669 
4.6611 12.6229 
4.76226 12.5793 
4.86341 12.5357 
4.96456 12.4922 
5.07193 12.4464 
5.18224 12.4007 
5.29379 12.356 
5.40657 12.3125 
5.52059 12.27 
5.62963 12.2308 
5.73695 12.1927 
5.84428 12.1545 
5.95278 12.1172 
6.06245 12.0807 
6.17329 12.045 
6.28531 12.0102 
6.39851 11.9762 
6.50941 11.9432 
6.61803 11.9112 
6.72435 11.8802 
6.82839 11.8503 
6.92905 11.8224 
7.02862 11.7955 
7.1271 11.7696 
7.22491 11.7453 
7.32207 11.7226 
7.41965 11.7005 
7.51765 11.6789 
7.61608 11.6579 
7.71452 11.6369 
7.81295 11.6159 
7.91337 11.5954 
8.01579 11.5756 
8.1202 11.5563 
8.22661 11.5376 
8.335 11.5195 
8.4434 11.5014 
8.55179 11.4834 
8.66155 11.4662 
8.77267 11.45 
8.88516 11.4348 
8.999 11.4206 
9.11421 11.4072 
9.22942 11.3939 
9.34463 11.3806 
9.46304 11.3677 
9.58465 11.3553 
9.70391 11.3444 
9.8208 11.3351 
9.93533 11.3275 
10.0443 11.321 
10.1477 11.3157 
10.2511 11.3104 
10.3606 11.3052 
10.4698 11.3007 
10.5786 11.2968 
10.6867 11.2939 
10.7942 11.292 
10.8983 11.2913 
11.0055 11.2911 
11.1134 11.2919 
11.2225 11.2932 
11.3327 11.2951 
11.4443 11.2976 
11.5573 11.3008 
11.6719 11.3045 
11.7879 11.3087 
11.9054 11.3135 
12.0229 11.3195 
12.1406 11.3267 
12.2566 11.3352 
12.3711 11.3452 
12.484 11.3565 
12.593 11.3683 
12.6981 11.3806 
12.8032 11.3929 
12.9084 11.4053 
13.0135 11.4176 
13.1184 11.4308 
13.2232 11.445 
13.3278 11.4601 
13.4322 11.4762 
13.5364 11.4932 
13.6406 11.5102 
13.7448 11.5272 
13.8468 11.5446 
13.9466 11.5623 
14.0442 11.5805 
14.1396 11.5991 
14.239 11.6199 
14.3446 11.6424 
14.453 11.6666 
14.5643 11.6924 
14.6785 11.72 
14.7864 11.747 
14.8881 11.7733 
14.987 11.7992 
15.0831 11.8245 
15.1763 11.8492 
15.2713 11.8758 
15.3679 11.9042 
15.4662 11.9345 
15.5663 11.9666 
15.668 12.0005 
15.7698 12.0345 
15.8715 12.0684 
15.9733 12.1023 
16.075 12.1363 
16.1748 12.1704 
16.2726 12.2048 
16.3683 12.2393 
16.4667 12.276 
16.5676 12.3147 
16.6737 12.3561 
16.785 12.4003 
16.8962 12.4459 
17.0028 12.491 
17.1046 12.5356 
17.2012 12.5788 
17.2923 12.6205 
17.3835 12.6622 
17.4762 12.7055 
17.5704 12.7504 
17.6662 12.7969 
17.7634 12.845 
17.8622 12.8946 
17.9609 12.9442 
18.0597 12.9939 
18.1542 13.0422 
18.2446 13.0891 
18.3329 13.1366 
18.4192 13.1846 
18.5034 13.2332 
18.5898 13.2836 
18.6784 13.336 
18.767 13.3884 
18.8555 13.4408 
18.9441 13.4931 
19.0331 13.5474 
19.1227 13.6034 
19.2127 13.6614 
19.3033 13.7212 
19.3943 13.7828 
19.4854 13.8444 
19.5764 13.9061 
19.6675 13.9677 
19.7575 14.0303 
19.8466 14.0939 
19.9347 14.1584 
20.0218 14.2239 
20.1079 14.2903 
20.194 14.3568 
20.2801 14.4232 
20.3662 14.4897 
20.4523 14.5562 
20.5463 14.6301 
20.648 14.7114 
20.7575 14.8002 
20.8749 14.8964 
21 15 

21.8051,1.17829,0.350297,"1;1.08175;1.16351;1.24526;1.32702;1.40877;1.49052;1.57228;1.65603;1.74177;1.82951;1.91924;2.01097;2.10269;2.19442;2.28615;2.37788;2.46894;2.55933;2.64906;2.73812;2.82652;2.91492;3.00331;3.09171;3.1801;3.2685;3.35916;3.45208;3.54726;3.64471;3.74577;3.84818;3.95195;4.05708;4.16114;4.26278;4.36335;4.46286;4.56131;4.6611;4.76226;4.86341;4.96456;5.07193;5.18224;5.29379;5.40657;5.52059;5.62963;5.73695;5.84428;5.95278;6.06245;6.17329;6.28531;6.39851;6.50941;6.61803;6.72435;6.82839;6.92905;7.02862;7.1271;7.22491;7.32207;7.41965;7.51765;7.61608;7.71452;7.81295;7.91337;8.01579;8.1202;8.22661;8.335;8.4434;8.55179;8.66155;8.77267;8.88516;8.999;9.11421;9.22942;9.34463;9.46304;9.58465;9.70391;9.8208;9.93533;10.0443;10.1477;10.2511;10.3606;10.4698;10.5786;10.6867;10.7942;10.8983;11.0055;11.1134;11.2225;11.3327;11.4443;11.5573;11.6719;11.7879;11.9054;12.0229;12.1406;12.2566;12.3711;12.484;12.593;12.6981;12.8032;12.9084;13.0135;13.1184;13.2232;13.3278;13.4322;13.5364;13.6406;13.7448;13.8468;13.9466;14.0442;14.1396;14.239;14.3446;14.453;14.5643;14.6785;14.7864;14.8881;14.987;15.0831;15.1763;15.2713;15.3679;15.4662;15.5663;15.668;15.7698;15.8715;15.9733;16.075;16.1748;16.2726;16.3683;16.4667;16.5676;16.6737;16.785;16.8962;17.0028;17.1046;17.2012;17.2923;17.3835;17.4762;17.5704;17.6662;17.7634;17.8622;17.9609;18.0597;18.1542;18.2446;18.3329;18.4192;18.5034;18.5898;18.6784;18.767;18.8555;18.9441;19.0331;19.1227;19.2127;19.3033;19.3943;19.4854;19.5764;19.6675;19.7575;19.8466;19.9347;20.0218;20.1079;20.194;20.2801;20.3662;20.4523;20.5463;20.648;20.7575;20.8749;21","15;14.9337;14.8675;14.8012;14.7349;14.6687;14.6024;14.5361;14.4698;14.4032;14.3366;14.2698;14.2029;14.136;14.0691;14.0022;13.9353;13.8707;13.8084;13.7485;13.6908;13.6355;13.5802;13.5249;13.4695;13.4142;13.3589;13.3035;13.248;13.1924;13.1367;13.0809;13.0251;12.9693;12.9135;12.8596;12.8077;12.7583;12.7114;12.6669;12.6229;12.5793;12.5357;12.4922;12.4464;12.4007;12.356;12.3125;12.27;12.2308;12.1927;12.1545;12.1172;12.0807;12.045;12.0102;11.9762;11.9432;11.9112;11.8802;11.8503;11.8224;11.7955;11.7696;11.7453;11.7226;11.7005;11.6789;11.6579;11.6369;11.6159;11.5954;11.5756;11.5563;11.5376;11.5195;11.5014;11.4834;11.4662;11.45;11.4348;11.4206;11.4072;11.3939;11.3806;11.3677;11.3553;11.3444;11.3351;11.3275;11.321;11.3157;11.3104;11.3052;11.3007;11.2968;11.2939;11.292;11.2913;11.2911;11.2919;11.2932;11.2951;11.2976;11.3008;11.3045;11.3087;11.3135;11.3195;11.3267;11.3352;11.3452;11.3565;11.3683;11.3806;11.3929;11.4053;11.4176;11.4308;11.445;11.4601;11.4762;11.4932;11.5102;11.5272;11.5446;11.5623;11.5805;11.5991;11.6199;11.6424;11.6666;11.6924;11.72;11.747;11.7733;11.7992;11.8245;11.8492;11.8758;11.9042;11.9345;11.9666;12.0005;12.0345;12.0684;12.1023;12.1363;12.1704;12.2048;12.2393;12.276;12.3147;12.3561;12.4003;12.4459;12.491;12.5356;12.5788;12.6205;12.6622;12.7055;12.7504;12.7969;12.845;12.8946;12.9442;12.9939;13.0422;13.0891;13.1366;13.1846;13.2332;13.2836;13.336;13.3884;13.4408;13.4931;13.5474;13.6034;13.6614;13.7212;13.7828;13.8444;13.9061;13.9677;14.0303;14.0939;14.1584;14.2239;14.2903;14.3568;14.4232;14.4897;14.5562;14.6301;14.7114;14.8002;14.8964;15",0.350297,"0;0;1"
