1 15 
1.04732 14.9309 
1.10707 14.8526 
1.16682 14.7743 
1.23072 14.6929 
1.29876 14.6084 
1.3668 14.5238 
1.43895 14.4373 
1.51521 14.3486 
1.59558 14.2579 
1.67938 14.1679 
1.7666 14.0786 
1.85312 13.9921 
1.93895 13.9083 
2.02582 13.8283 
2.11441 13.7495 
2.20473 13.6719 
2.29677 13.5953 
2.39053 13.5199 
2.48541 13.4458 
2.58141 13.3731 
2.67851 13.3016 
2.77674 13.2315 
2.87607 13.1628 
2.97576 13.0953 
3.0758 13.0291 
3.17619 12.9643 
3.27693 12.9008 
3.37905 12.8399 
3.48221 12.7803 
3.58641 12.7219 
3.69164 12.6649 
3.7979 12.6092 
3.90115 12.5564 
4.00139 12.5065 
4.09861 12.4595 
4.19281 12.4155 
4.28401 12.3744 
4.37574 12.3338 
4.468 12.2938 
4.56143 12.2546 
4.65604 12.2162 
4.75183 12.1786 
4.84825 12.1412 
4.94533 12.1041 
5.0424 12.067 
5.14246 12.0296 
5.24551 11.9921 
5.35155 11.9542 
5.46059 11.9162 
5.57385 11.8787 
5.68834 11.8422 
5.80407 11.8065 
5.92103 11.7717 
6.03725 11.7387 
6.15148 11.7067 
6.26374 11.6756 
6.37401 11.6455 
6.48124 11.6174 
6.5874 11.5902 
6.69175 11.5645 
6.7943 11.5403 
6.89505 11.5176 
6.99506 11.4953 
7.09265 11.474 
7.18857 11.4533 
7.28438 11.4334 
7.38008 11.4143 
7.47566 11.3959 
7.57655 11.3772 
7.68275 11.3581 
7.79268 11.3384 
7.90763 11.3186 
8.0276 11.2988 
8.14884 11.2797 
8.26533 11.2622 
8.37707 11.2463 
8.48423 11.2316 
8.58682 11.218 
8.68484 11.2056 
8.78432 11.1932 
8.88527 11.181 
8.98607 11.1695 
9.08672 11.1588 
9.18723 11.1488 
9.2924 11.1397 
9.40224 11.1315 
9.51687 11.1233 
9.63631 11.1153 
9.75981 11.1077 
9.88255 11.1005 
10.0046 11.0935 
10.1258 11.0869 
10.2463 11.0807 
10.3637 11.0752 
10.4778 11.0705 
10.5889 11.0665 
10.6994 11.0641 
10.8094 11.063 
10.922 11.0627 
11.0372 11.063 
11.155 11.0639 
11.2729 11.0648 
11.3909 11.0666 
11.5089 11.0693 
11.6271 11.0729 
11.7453 11.0774 
11.8637 11.0827 
11.9821 11.088 
12.0988 11.094 
12.2139 11.1007 
12.3274 11.1081 
12.4393 11.1162 
12.5496 11.125 
12.6599 11.1338 
12.7649 11.1425 
12.8647 11.1511 
12.9631 11.1606 
13.0601 11.1711 
13.1558 11.1825 
13.2559 11.1952 
13.3604 11.2091 
13.4656 11.2234 
13.5713 11.238 
13.6776 11.2529 
13.7829 11.2683 
13.8872 11.2842 
13.9904 11.3006 
14.0927 11.3175 
14.194 11.335 
14.2936 11.3525 
14.3914 11.3702 
14.4905 11.3889 
14.591 11.4087 
14.6927 11.4295 
14.7975 11.4511 
14.907 11.4744 
15.0182 11.4983 
15.1311 11.523 
15.2458 11.549 
15.3624 11.5765 
15.4792 11.6047 
15.5961 11.6336 
15.7107 11.6634 
15.8228 11.6934 
15.9324 11.7235 
16.0396 11.7538 
16.145 11.7852 
16.251 11.8175 
16.3577 11.8507 
16.4651 11.8849 
16.5731 11.9199 
16.6786 11.9548 
16.7814 11.9897 
16.8817 12.0245 
16.9793 12.0592 
17.0757 12.0954 
17.1735 12.1333 
17.2725 12.1727 
17.3729 12.2138 
17.4747 12.2565 
17.5759 12.2998 
17.6767 12.3436 
17.7769 12.388 
17.8759 12.4339 
17.9734 12.4811 
18.0702 12.5292 
18.166 12.5782 
18.2622 12.6301 
18.3595 12.6841 
18.4579 12.7402 
18.5575 12.7985 
18.6598 12.8604 
18.7636 12.9238 
18.869 12.9887 
18.9712 13.0528 
19.0692 13.1169 
19.1614 13.1796 
19.248 13.2407 
19.3307 13.3026 
19.4143 13.3677 
19.4998 13.4351 
19.5871 13.5048 
19.6755 13.5774 
19.7633 13.6506 
19.8503 13.7245 
19.9335 13.7971 
20.0129 13.8685 
20.0891 13.938 
20.155 13.9986 
20.2215 14.0632 
20.2918 14.1335 
20.3659 14.2095 
20.4437 14.2914 
20.5336 14.3931 
20.6248 14.5018 
20.7171 14.6176 
20.8106 14.7404 
20.9053 14.8702 
21 15 

22.2997,1.33447,0.277989,"1;1.04732;1.10707;1.16682;1.23072;1.29876;1.3668;1.43895;1.51521;1.59558;1.67938;1.7666;1.85312;1.93895;2.02582;2.11441;2.20473;2.29677;2.39053;2.48541;2.58141;2.67851;2.77674;2.87607;2.97576;3.0758;3.17619;3.27693;3.37905;3.48221;3.58641;3.69164;3.7979;3.90115;4.00139;4.09861;4.19281;4.28401;4.37574;4.468;4.56143;4.65604;4.75183;4.84825;4.94533;5.0424;5.14246;5.24551;5.35155;5.46059;5.57385;5.68834;5.80407;5.92103;6.03725;6.15148;6.26374;6.37401;6.48124;6.5874;6.69175;6.7943;6.89505;6.99506;7.09265;7.18857;7.28438;7.38008;7.47566;7.57655;7.68275;7.79268;7.90763;8.0276;8.14884;8.26533;8.37707;8.48423;8.58682;8.68484;8.78432;8.88527;8.98607;9.08672;9.18723;9.2924;9.40224;9.51687;9.63631;9.75981;9.88255;10.0046;10.1258;10.2463;10.3637;10.4778;10.5889;10.6994;10.8094;10.922;11.0372;11.155;11.2729;11.3909;11.5089;11.6271;11.7453;11.8637;11.9821;12.0988;12.2139;12.3274;12.4393;12.5496;12.6599;12.7649;12.8647;12.9631;13.0601;13.1558;13.2559;13.3604;13.4656;13.5713;13.6776;13.7829;13.8872;13.9904;14.0927;14.194;14.2936;14.3914;14.4905;14.591;14.6927;14.7975;14.907;15.0182;15.1311;15.2458;15.3624;15.4792;15.5961;15.7107;15.8228;15.9324;16.0396;16.145;16.251;16.3577;16.4651;16.5731;16.6786;16.7814;16.8817;16.9793;17.0757;17.1735;17.2725;17.3729;17.4747;17.5759;17.6767;17.7769;17.8759;17.9734;18.0702;18.166;18.2622;18.3595;18.4579;18.5575;18.6598;18.7636;18.869;18.9712;19.0692;19.1614;19.248;19.3307;19.4143;19.4998;19.5871;19.6755;19.7633;19.8503;19.9335;20.0129;20.0891;20.155;20.2215;20.2918;20.3659;20.4437;20.5336;20.6248;20.7171;20.8106;20.9053;21","15;14.9309;14.8526;14.7743;14.6929;14.6084;14.5238;14.4373;14.3486;14.2579;14.1679;14.0786;13.9921;13.9083;13.8283;13.7495;13.6719;13.5953;13.5199;13.4458;13.3731;13.3016;13.2315;13.1628;13.0953;13.0291;12.9643;12.9008;12.8399;12.7803;12.7219;12.6649;12.6092;12.5564;12.5065;12.4595;12.4155;12.3744;12.3338;12.2938;12.2546;12.2162;12.1786;12.1412;12.1041;12.067;12.0296;11.9921;11.9542;11.9162;11.8787;11.8422;11.8065;11.7717;11.7387;11.7067;11.6756;11.6455;11.6174;11.5902;11.5645;11.5403;11.5176;11.4953;11.474;11.4533;11.4334;11.4143;11.3959;11.3772;11.3581;11.3384;11.3186;11.2988;11.2797;11.2622;11.2463;11.2316;11.218;11.2056;11.1932;11.181;11.1695;11.1588;11.1488;11.1397;11.1315;11.1233;11.1153;11.1077;11.1005;11.0935;11.0869;11.0807;11.0752;11.0705;11.0665;11.0641;11.063;11.0627;11.063;11.0639;11.0648;11.0666;11.0693;11.0729;11.0774;11.0827;11.088;11.094;11.1007;11.1081;11.1162;11.125;11.1338;11.1425;11.1511;11.1606;11.1711;11.1825;11.1952;11.2091;11.2234;11.238;11.2529;11.2683;11.2842;11.3006;11.3175;11.335;11.3525;11.3702;11.3889;11.4087;11.4295;11.4511;11.4744;11.4983;11.523;11.549;11.5765;11.6047;11.6336;11.6634;11.6934;11.7235;11.7538;11.7852;11.8175;11.8507;11.8849;11.9199;11.9548;11.9897;12.0245;12.0592;12.0954;12.1333;12.1727;12.2138;12.2565;12.2998;12.3436;12.388;12.4339;12.4811;12.5292;12.5782;12.6301;12.6841;12.7402;12.7985;12.8604;12.9238;12.9887;13.0528;13.1169;13.1796;13.2407;13.3026;13.3677;13.4351;13.5048;13.5774;13.6506;13.7245;13.7971;13.8685;13.938;13.9986;14.0632;14.1335;14.2095;14.2914;14.3931;14.5018;14.6176;14.7404;14.8702;15",0.277989,"0;0;1"
