1 15 
1.09731 15.0007 
1.19461 15.0013 
1.29192 15.002 
1.38922 15.0026 
1.48653 15.0033 
1.58383 15.004 
1.68114 15.0046 
1.77845 15.0053 
1.87575 15.006 
1.97306 15.0066 
2.07036 15.0073 
2.16767 15.0079 
2.26497 15.0086 
2.36228 15.0093 
2.45959 15.0099 
2.55689 15.0106 
2.65548 15.011 
2.75536 15.0112 
2.85652 15.0111 
2.95897 15.0108 
3.0627 15.0103 
3.16644 15.0098 
3.27017 15.0093 
3.3739 15.0087 
3.47673 15.0082 
3.57865 15.0078 
3.67966 15.0074 
3.77976 15.007 
3.87896 15.0066 
3.97816 15.0063 
4.07736 15.0059 
4.17656 15.0056 
4.27575 15.0052 
4.37397 15.0049 
4.4712 15.0045 
4.56744 15.0042 
4.6627 15.0038 
4.75697 15.0035 
4.85125 15.0031 
4.94499 15.0028 
5.0382 15.0025 
5.13089 15.0022 
5.22305 15.0019 
5.31467 15.0017 
5.40852 15.0016 
5.50461 15.0018 
5.60292 15.0022 
5.70345 15.0028 
5.80622 15.0037 
5.90898 15.0045 
6.01175 15.0053 
6.11452 15.0062 
6.21728 15.007 
6.32005 15.0078 
6.42281 15.0087 
6.52558 15.0095 
6.62834 15.0103 
6.73111 15.0112 
6.83388 15.012 
6.9352 15.0126 
7.03509 15.0131 
7.13354 15.0133 
7.23055 15.0133 
7.32612 15.0131 
7.42169 15.0129 
7.51726 15.0127 
7.61283 15.0125 
7.7112 15.0123 
7.81238 15.0121 
7.91636 15.0119 
8.02206 15.0117 
8.12948 15.0114 
8.23583 15.0111 
8.34109 15.0108 
8.44528 15.0104 
8.54947 15.01 
8.65366 15.0096 
8.75785 15.0092 
8.86204 15.0089 
8.96623 15.0085 
9.06659 15.0081 
9.16314 15.0077 
9.25587 15.0074 
9.34853 15.0068 
9.44112 15.0061 
9.53746 15.0052 
9.63754 15.0041 
9.74138 15.0028 
9.84521 15.0016 
9.94905 15.0003 
10.0513 14.9994 
10.1521 14.9988 
10.2513 14.9987 
10.349 14.9988 
10.4452 14.9993 
10.5413 14.9999 
10.6374 15.0004 
10.7336 15.0009 
10.8309 15.0013 
10.9293 15.0017 
11.0288 15.002 
11.1294 15.0022 
11.2312 15.0023 
11.3334 15.0025 
11.436 15.0026 
11.5391 15.0026 
11.6426 15.0027 
11.7465 15.0027 
11.8504 15.0028 
11.9548 15.0026 
12.0595 15.0023 
12.1647 15.0017 
12.2677 15.001 
12.3685 15.0001 
12.4666 14.9993 
12.5622 14.9986 
12.6551 14.998 
12.748 14.9973 
12.8423 14.9968 
12.938 14.9963 
13.0351 14.9959 
13.1336 14.9956 
13.2334 14.9953 
13.3333 14.9951 
13.4332 14.9948 
13.533 14.9946 
13.6329 14.9943 
13.7328 14.9941 
13.833 14.9939 
13.9335 14.9938 
14.0344 14.9938 
14.1356 14.9939 
14.2372 14.9941 
14.3387 14.9943 
14.4403 14.9944 
14.5419 14.9946 
14.6434 14.9948 
14.7446 14.995 
14.8456 14.9953 
14.9462 14.9956 
15.0464 14.996 
15.1464 14.9964 
15.2463 14.9968 
15.3463 14.9972 
15.4462 14.9977 
15.5462 14.9981 
15.6461 14.9985 
15.746 14.999 
15.8458 14.9994 
15.9454 14.9998 
16.045 15.0003 
16.1445 15.0008 
16.2441 15.0013 
16.3436 15.0017 
16.4431 15.0022 
16.5426 15.0027 
16.6421 15.0032 
16.7416 15.0036 
16.8411 15.0041 
16.9406 15.0046 
17.0401 15.005 
17.1417 15.0053 
17.2453 15.0054 
17.351 15.0053 
17.4587 15.0049 
17.5679 15.0044 
17.6765 15.0038 
17.7846 15.0032 
17.892 15.0026 
17.9988 15.002 
18.1057 15.0013 
18.2125 15.0007 
18.3194 15.0001 
18.4256 14.9995 
18.5312 14.9989 
18.6362 14.9984 
18.7406 14.9978 
18.8444 14.9973 
18.9481 14.9969 
19.0519 14.9964 
19.1557 14.9959 
19.2594 14.9954 
19.3611 14.995 
19.4606 14.9948 
19.5581 14.9947 
19.6534 14.9948 
19.7466 14.995 
19.8425 14.9952 
19.9411 14.9956 
20.0424 14.9959 
20.1464 14.9963 
20.2531 14.9968 
20.3598 14.9972 
20.4665 14.9977 
20.5732 14.9982 
20.6799 14.9986 
20.7866 14.9991 
20.8933 14.9995 
21 15 

20.0002,0.959686,0.325736,"1;1.09731;1.19461;1.29192;1.38922;1.48653;1.58383;1.68114;1.77845;1.87575;1.97306;2.07036;2.16767;2.26497;2.36228;2.45959;2.55689;2.65548;2.75536;2.85652;2.95897;3.0627;3.16644;3.27017;3.3739;3.47673;3.57865;3.67966;3.77976;3.87896;3.97816;4.07736;4.17656;4.27575;4.37397;4.4712;4.56744;4.6627;4.75697;4.85125;4.94499;5.0382;5.13089;5.22305;5.31467;5.40852;5.50461;5.60292;5.70345;5.80622;5.90898;6.01175;6.11452;6.21728;6.32005;6.42281;6.52558;6.62834;6.73111;6.83388;6.9352;7.03509;7.13354;7.23055;7.32612;7.42169;7.51726;7.61283;7.7112;7.81238;7.91636;8.02206;8.12948;8.23583;8.34109;8.44528;8.54947;8.65366;8.75785;8.86204;8.96623;9.06659;9.16314;9.25587;9.34853;9.44112;9.53746;9.63754;9.74138;9.84521;9.94905;10.0513;10.1521;10.2513;10.349;10.4452;10.5413;10.6374;10.7336;10.8309;10.9293;11.0288;11.1294;11.2312;11.3334;11.436;11.5391;11.6426;11.7465;11.8504;11.9548;12.0595;12.1647;12.2677;12.3685;12.4666;12.5622;12.6551;12.748;12.8423;12.938;13.0351;13.1336;13.2334;13.3333;13.4332;13.533;13.6329;13.7328;13.833;13.9335;14.0344;14.1356;14.2372;14.3387;14.4403;14.5419;14.6434;14.7446;14.8456;14.9462;15.0464;15.1464;15.2463;15.3463;15.4462;15.5462;15.6461;15.746;15.8458;15.9454;16.045;16.1445;16.2441;16.3436;16.4431;16.5426;16.6421;16.7416;16.8411;16.9406;17.0401;17.1417;17.2453;17.351;17.4587;17.5679;17.6765;17.7846;17.892;17.9988;18.1057;18.2125;18.3194;18.4256;18.5312;18.6362;18.7406;18.8444;18.9481;19.0519;19.1557;19.2594;19.3611;19.4606;19.5581;19.6534;19.7466;19.8425;19.9411;20.0424;20.1464;20.2531;20.3598;20.4665;20.5732;20.6799;20.7866;20.8933;21","15;15.0007;15.0013;15.002;15.0026;15.0033;15.004;15.0046;15.0053;15.006;15.0066;15.0073;15.0079;15.0086;15.0093;15.0099;15.0106;15.011;15.0112;15.0111;15.0108;15.0103;15.0098;15.0093;15.0087;15.0082;15.0078;15.0074;15.007;15.0066;15.0063;15.0059;15.0056;15.0052;15.0049;15.0045;15.0042;15.0038;15.0035;15.0031;15.0028;15.0025;15.0022;15.0019;15.0017;15.0016;15.0018;15.0022;15.0028;15.0037;15.0045;15.0053;15.0062;15.007;15.0078;15.0087;15.0095;15.0103;15.0112;15.012;15.0126;15.0131;15.0133;15.0133;15.0131;15.0129;15.0127;15.0125;15.0123;15.0121;15.0119;15.0117;15.0114;15.0111;15.0108;15.0104;15.01;15.0096;15.0092;15.0089;15.0085;15.0081;15.0077;15.0074;15.0068;15.0061;15.0052;15.0041;15.0028;15.0016;15.0003;14.9994;14.9988;14.9987;14.9988;14.9993;14.9999;15.0004;15.0009;15.0013;15.0017;15.002;15.0022;15.0023;15.0025;15.0026;15.0026;15.0027;15.0027;15.0028;15.0026;15.0023;15.0017;15.001;15.0001;14.9993;14.9986;14.998;14.9973;14.9968;14.9963;14.9959;14.9956;14.9953;14.9951;14.9948;14.9946;14.9943;14.9941;14.9939;14.9938;14.9938;14.9939;14.9941;14.9943;14.9944;14.9946;14.9948;14.995;14.9953;14.9956;14.996;14.9964;14.9968;14.9972;14.9977;14.9981;14.9985;14.999;14.9994;14.9998;15.0003;15.0008;15.0013;15.0017;15.0022;15.0027;15.0032;15.0036;15.0041;15.0046;15.005;15.0053;15.0054;15.0053;15.0049;15.0044;15.0038;15.0032;15.0026;15.002;15.0013;15.0007;15.0001;14.9995;14.9989;14.9984;14.9978;14.9973;14.9969;14.9964;14.9959;14.9954;14.995;14.9948;14.9947;14.9948;14.995;14.9952;14.9956;14.9959;14.9963;14.9968;14.9972;14.9977;14.9982;14.9986;14.9991;14.9995;15",20.0002,"1;0;0"
