1 15 
1.10075 14.9996 
1.20149 14.9992 
1.30224 14.9988 
1.40298 14.9985 
1.50373 14.9981 
1.60448 14.9977 
1.70522 14.9973 
1.80597 14.9969 
1.90672 14.9965 
2.00746 14.9961 
2.10821 14.9958 
2.20895 14.9954 
2.3097 14.995 
2.41045 14.9946 
2.51119 14.9942 
2.60833 14.994 
2.70185 14.9939 
2.79522 14.9938 
2.88846 14.9937 
2.98155 14.9936 
3.07812 14.9933 
3.17815 14.9928 
3.27818 14.9924 
3.37822 14.992 
3.47825 14.9915 
3.57829 14.9911 
3.67832 14.9906 
3.78056 14.9904 
3.885 14.9905 
3.98846 14.9905 
4.09094 14.9905 
4.19245 14.9905 
4.29077 14.9902 
4.38591 14.9897 
4.48104 14.9891 
4.57618 14.9886 
4.67132 14.9881 
4.76646 14.9875 
4.86349 14.9871 
4.96242 14.9868 
5.06324 14.9866 
5.16381 14.9866 
5.26412 14.9867 
5.36228 14.9868 
5.4583 14.987 
5.55216 14.9872 
5.64603 14.9874 
5.7399 14.9876 
5.83478 14.9877 
5.93067 14.9877 
6.02757 14.9876 
6.12548 14.9874 
6.2244 14.9871 
6.32333 14.9869 
6.42266 14.9866 
6.52241 14.9863 
6.62256 14.986 
6.72313 14.9856 
6.8241 14.9853 
6.92508 14.9849 
7.02606 14.9846 
7.12809 14.9842 
7.23117 14.9839 
7.33531 14.9835 
7.4405 14.9832 
7.54675 14.9829 
7.65299 14.9825 
7.75983 14.9823 
7.86725 14.9821 
7.97525 14.9821 
8.08385 14.9821 
8.19303 14.9822 
8.30117 14.9823 
8.40828 14.9823 
8.51435 14.9823 
8.61938 14.9822 
8.72338 14.9821 
8.82738 14.982 
8.93137 14.9819 
9.03537 14.9818 
9.13919 14.9817 
9.24284 14.9817 
9.34631 14.9817 
9.44961 14.9817 
9.55274 14.9819 
9.65586 14.982 
9.75898 14.9821 
9.86211 14.9822 
9.96523 14.9823 
10.0684 14.9824 
10.1704 14.9824 
10.2712 14.9824 
10.371 14.9823 
10.4696 14.9821 
10.5672 14.9818 
10.6647 14.9815 
10.7622 14.9813 
10.8597 14.981 
10.9572 14.9807 
11.0547 14.9805 
11.1516 14.9802 
11.2479 14.98 
11.3436 14.9798 
11.4386 14.9796 
11.533 14.9795 
11.6274 14.9793 
11.7218 14.9792 
11.8163 14.979 
11.9127 14.9788 
12.0111 14.9785 
12.1114 14.9782 
12.2138 14.9779 
12.3182 14.9775 
12.4226 14.9771 
12.5269 14.9766 
12.6313 14.9762 
12.7339 14.9759 
12.8346 14.9758 
12.9335 14.9757 
13.0307 14.9757 
13.126 14.9759 
13.2213 14.976 
13.3166 14.9762 
13.4119 14.9764 
13.5072 14.9765 
13.6026 14.9767 
13.6979 14.9768 
13.7936 14.977 
13.8898 14.9772 
13.9864 14.9774 
14.0835 14.9777 
14.1809 14.9779 
14.2784 14.9782 
14.3759 14.9784 
14.4734 14.9787 
14.5709 14.9789 
14.6683 14.9792 
14.7658 14.9795 
14.8633 14.9797 
14.9608 14.98 
15.0583 14.9802 
15.1557 14.9805 
15.2532 14.9807 
15.3517 14.9808 
15.4511 14.9808 
15.5515 14.9806 
15.6529 14.9803 
15.7553 14.9798 
15.8577 14.9794 
15.96 14.9789 
16.0624 14.9784 
16.1641 14.9781 
16.265 14.978 
16.3652 14.9781 
16.4648 14.9784 
16.5636 14.9789 
16.6624 14.9793 
16.7612 14.9798 
16.8587 14.9802 
16.9549 14.9806 
17.0497 14.981 
17.1432 14.9814 
17.2372 14.9817 
17.3331 14.9819 
17.4309 14.982 
17.5305 14.982 
17.632 14.9819 
17.7335 14.9818 
17.835 14.9817 
17.9353 14.9818 
18.0343 14.9821 
18.1321 14.9827 
18.2286 14.9834 
18.324 14.9843 
18.4193 14.9852 
18.5146 14.9861 
18.6112 14.9869 
18.7092 14.9875 
18.8085 14.988 
18.9092 14.9884 
19.0112 14.9886 
19.1132 14.9888 
19.2151 14.9891 
19.3171 14.9893 
19.4191 14.9895 
19.5211 14.9898 
19.6231 14.99 
19.7282 14.9904 
19.8363 14.9909 
19.9474 14.9916 
20.0617 14.9924 
20.179 14.9933 
20.2963 14.9943 
20.4135 14.9952 
20.5308 14.9962 
20.6481 14.9971 
20.7654 14.9981 
20.8827 14.999 
21 15 

20.0001,0.959725,0.39047,"1;1.10075;1.20149;1.30224;1.40298;1.50373;1.60448;1.70522;1.80597;1.90672;2.00746;2.10821;2.20895;2.3097;2.41045;2.51119;2.60833;2.70185;2.79522;2.88846;2.98155;3.07812;3.17815;3.27818;3.37822;3.47825;3.57829;3.67832;3.78056;3.885;3.98846;4.09094;4.19245;4.29077;4.38591;4.48104;4.57618;4.67132;4.76646;4.86349;4.96242;5.06324;5.16381;5.26412;5.36228;5.4583;5.55216;5.64603;5.7399;5.83478;5.93067;6.02757;6.12548;6.2244;6.32333;6.42266;6.52241;6.62256;6.72313;6.8241;6.92508;7.02606;7.12809;7.23117;7.33531;7.4405;7.54675;7.65299;7.75983;7.86725;7.97525;8.08385;8.19303;8.30117;8.40828;8.51435;8.61938;8.72338;8.82738;8.93137;9.03537;9.13919;9.24284;9.34631;9.44961;9.55274;9.65586;9.75898;9.86211;9.96523;10.0684;10.1704;10.2712;10.371;10.4696;10.5672;10.6647;10.7622;10.8597;10.9572;11.0547;11.1516;11.2479;11.3436;11.4386;11.533;11.6274;11.7218;11.8163;11.9127;12.0111;12.1114;12.2138;12.3182;12.4226;12.5269;12.6313;12.7339;12.8346;12.9335;13.0307;13.126;13.2213;13.3166;13.4119;13.5072;13.6026;13.6979;13.7936;13.8898;13.9864;14.0835;14.1809;14.2784;14.3759;14.4734;14.5709;14.6683;14.7658;14.8633;14.9608;15.0583;15.1557;15.2532;15.3517;15.4511;15.5515;15.6529;15.7553;15.8577;15.96;16.0624;16.1641;16.265;16.3652;16.4648;16.5636;16.6624;16.7612;16.8587;16.9549;17.0497;17.1432;17.2372;17.3331;17.4309;17.5305;17.632;17.7335;17.835;17.9353;18.0343;18.1321;18.2286;18.324;18.4193;18.5146;18.6112;18.7092;18.8085;18.9092;19.0112;19.1132;19.2151;19.3171;19.4191;19.5211;19.6231;19.7282;19.8363;19.9474;20.0617;20.179;20.2963;20.4135;20.5308;20.6481;20.7654;20.8827;21","15;14.9996;14.9992;14.9988;14.9985;14.9981;14.9977;14.9973;14.9969;14.9965;14.9961;14.9958;14.9954;14.995;14.9946;14.9942;14.994;14.9939;14.9938;14.9937;14.9936;14.9933;14.9928;14.9924;14.992;14.9915;14.9911;14.9906;14.9904;14.9905;14.9905;14.9905;14.9905;14.9902;14.9897;14.9891;14.9886;14.9881;14.9875;14.9871;14.9868;14.9866;14.9866;14.9867;14.9868;14.987;14.9872;14.9874;14.9876;14.9877;14.9877;14.9876;14.9874;14.9871;14.9869;14.9866;14.9863;14.986;14.9856;14.9853;14.9849;14.9846;14.9842;14.9839;14.9835;14.9832;14.9829;14.9825;14.9823;14.9821;14.9821;14.9821;14.9822;14.9823;14.9823;14.9823;14.9822;14.9821;14.982;14.9819;14.9818;14.9817;14.9817;14.9817;14.9817;14.9819;14.982;14.9821;14.9822;14.9823;14.9824;14.9824;14.9824;14.9823;14.9821;14.9818;14.9815;14.9813;14.981;14.9807;14.9805;14.9802;14.98;14.9798;14.9796;14.9795;14.9793;14.9792;14.979;14.9788;14.9785;14.9782;14.9779;14.9775;14.9771;14.9766;14.9762;14.9759;14.9758;14.9757;14.9757;14.9759;14.976;14.9762;14.9764;14.9765;14.9767;14.9768;14.977;14.9772;14.9774;14.9777;14.9779;14.9782;14.9784;14.9787;14.9789;14.9792;14.9795;14.9797;14.98;14.9802;14.9805;14.9807;14.9808;14.9808;14.9806;14.9803;14.9798;14.9794;14.9789;14.9784;14.9781;14.978;14.9781;14.9784;14.9789;14.9793;14.9798;14.9802;14.9806;14.981;14.9814;14.9817;14.9819;14.982;14.982;14.9819;14.9818;14.9817;14.9818;14.9821;14.9827;14.9834;14.9843;14.9852;14.9861;14.9869;14.9875;14.988;14.9884;14.9886;14.9888;14.9891;14.9893;14.9895;14.9898;14.99;14.9904;14.9909;14.9916;14.9924;14.9933;14.9943;14.9952;14.9962;14.9971;14.9981;14.999;15",20.0001,"1;0;0"
