1 15 
1.07847 14.925 
1.15695 14.8501 
1.23542 14.7751 
1.31389 14.7001 
1.39236 14.6252 
1.47106 14.5537 
1.54997 14.4858 
1.6291 14.4213 
1.70845 14.3604 
1.77952 14.309 
1.85191 14.258 
1.92563 14.2074 
2.00068 14.1571 
2.07705 14.1072 
2.16325 14.0516 
2.25251 13.9964 
2.34483 13.9415 
2.44021 13.887 
2.53864 13.833 
2.63926 13.7811 
2.73901 13.731 
2.8364 13.6843 
2.93143 13.641 
3.02411 13.6011 
3.1153 13.5627 
3.20502 13.5259 
3.29504 13.4907 
3.38536 13.4569 
3.47599 13.4246 
3.57151 13.3943 
3.67191 13.3658 
3.77688 13.3378 
3.88644 13.3101 
3.99934 13.2838 
4.11101 13.2586 
4.22144 13.2343 
4.33245 13.212 
4.44404 13.1916 
4.5569 13.1732 
4.67103 13.1566 
4.78642 13.1418 
4.90127 13.128 
5.01272 13.1174 
5.12133 13.1091 
5.22709 13.1032 
5.33 13.0996 
5.43007 13.0984 
5.53014 13.0971 
5.63021 13.0959 
5.73057 13.0951 
5.83121 13.0949 
5.93215 13.0951 
6.03337 13.0958 
6.13489 13.097 
6.2364 13.0982 
6.33792 13.0995 
6.43943 13.1007 
6.54094 13.1019 
6.64246 13.1031 
6.74397 13.1043 
6.84799 13.1048 
6.95452 13.1047 
7.06355 13.1039 
7.17327 13.1029 
7.28366 13.1017 
7.39223 13.1011 
7.49897 13.101 
7.60388 13.1014 
7.70879 13.1018 
7.81546 13.1025 
7.92389 13.1035 
8.03245 13.1044 
8.14112 13.1052 
8.24991 13.1059 
8.35706 13.1061 
8.46257 13.106 
8.56808 13.1058 
8.67358 13.1057 
8.77909 13.1055 
8.8846 13.1054 
8.99011 13.1052 
9.09562 13.1051 
9.20113 13.1049 
9.30664 13.1048 
9.41215 13.1046 
9.51766 13.1045 
9.62317 13.1043 
9.72868 13.1042 
9.83418 13.104 
9.9394 13.1038 
10.0443 13.1036 
10.149 13.1034 
10.2533 13.1032 
10.3574 13.1029 
10.4614 13.1026 
10.5655 13.1023 
10.6695 13.102 
10.7687 13.1018 
10.863 13.1016 
10.9569 13.1015 
11.0503 13.1014 
11.1432 13.1014 
11.2406 13.1013 
11.3425 13.1013 
11.4443 13.1013 
11.5461 13.1013 
11.6479 13.1013 
11.7498 13.1013 
11.8516 13.1013 
11.9534 13.1013 
12.0552 13.1013 
12.1577 13.1013 
12.2608 13.1013 
12.3646 13.1014 
12.4689 13.1014 
12.574 13.1015 
12.679 13.1016 
12.784 13.1017 
12.889 13.1018 
12.9941 13.1019 
13.0991 13.102 
13.2041 13.1021 
13.3091 13.1022 
13.4142 13.1023 
13.5192 13.1024 
13.6242 13.1025 
13.7293 13.1026 
13.8361 13.1027 
13.9449 13.1028 
14.0555 13.1029 
14.1679 13.103 
14.2823 13.1031 
14.3947 13.1033 
14.5052 13.1034 
14.6138 13.1036 
14.7204 13.1038 
14.8252 13.1041 
14.93 13.1043 
15.0347 13.1046 
15.1395 13.1048 
15.248 13.1048 
15.3603 13.1045 
15.4763 13.104 
15.5917 13.1035 
15.7064 13.1028 
15.8168 13.1023 
15.9229 13.102 
16.0246 13.1019 
16.1274 13.1023 
16.2313 13.1033 
16.3363 13.1047 
16.4424 13.1067 
16.5496 13.1092 
16.6568 13.1118 
16.7661 13.1162 
16.8776 13.1226 
16.9912 13.131 
17.107 13.1412 
17.2214 13.1543 
17.3325 13.1682 
17.44 13.1829 
17.5441 13.1984 
17.6448 13.2148 
17.7441 13.2323 
17.8421 13.251 
17.9388 13.2708 
18.0342 13.2917 
18.1309 13.3161 
18.2302 13.3427 
18.3322 13.3715 
18.4345 13.403 
18.5374 13.4369 
18.6381 13.4712 
18.7367 13.5057 
18.8331 13.5406 
18.9273 13.576 
19.0191 13.6119 
19.1085 13.6482 
19.2002 13.6882 
19.294 13.7317 
19.3873 13.7778 
19.4801 13.8263 
19.5725 13.8774 
19.6598 13.9279 
19.7421 13.9778 
19.8248 14.0292 
19.9081 14.0821 
19.9934 14.1391 
20.0807 14.2001 
20.1702 14.2653 
20.2613 14.333 
20.3406 14.393 
20.4181 14.4538 
20.4936 14.5156 
20.5673 14.5781 
20.6501 14.655 
20.7556 14.7566 
20.8611 14.8582 
21 15 

21.0426,413869,0.293436,"1;1.07847;1.15695;1.23542;1.31389;1.39236;1.47106;1.54997;1.6291;1.70845;1.77952;1.85191;1.92563;2.00068;2.07705;2.16325;2.25251;2.34483;2.44021;2.53864;2.63926;2.73901;2.8364;2.93143;3.02411;3.1153;3.20502;3.29504;3.38536;3.47599;3.57151;3.67191;3.77688;3.88644;3.99934;4.11101;4.22144;4.33245;4.44404;4.5569;4.67103;4.78642;4.90127;5.01272;5.12133;5.22709;5.33;5.43007;5.53014;5.63021;5.73057;5.83121;5.93215;6.03337;6.13489;6.2364;6.33792;6.43943;6.54094;6.64246;6.74397;6.84799;6.95452;7.06355;7.17327;7.28366;7.39223;7.49897;7.60388;7.70879;7.81546;7.92389;8.03245;8.14112;8.24991;8.35706;8.46257;8.56808;8.67358;8.77909;8.8846;8.99011;9.09562;9.20113;9.30664;9.41215;9.51766;9.62317;9.72868;9.83418;9.9394;10.0443;10.149;10.2533;10.3574;10.4614;10.5655;10.6695;10.7687;10.863;10.9569;11.0503;11.1432;11.2406;11.3425;11.4443;11.5461;11.6479;11.7498;11.8516;11.9534;12.0552;12.1577;12.2608;12.3646;12.4689;12.574;12.679;12.784;12.889;12.9941;13.0991;13.2041;13.3091;13.4142;13.5192;13.6242;13.7293;13.8361;13.9449;14.0555;14.1679;14.2823;14.3947;14.5052;14.6138;14.7204;14.8252;14.93;15.0347;15.1395;15.248;15.3603;15.4763;15.5917;15.7064;15.8168;15.9229;16.0246;16.1274;16.2313;16.3363;16.4424;16.5496;16.6568;16.7661;16.8776;16.9912;17.107;17.2214;17.3325;17.44;17.5441;17.6448;17.7441;17.8421;17.9388;18.0342;18.1309;18.2302;18.3322;18.4345;18.5374;18.6381;18.7367;18.8331;18.9273;19.0191;19.1085;19.2002;19.294;19.3873;19.4801;19.5725;19.6598;19.7421;19.8248;19.9081;19.9934;20.0807;20.1702;20.2613;20.3406;20.4181;20.4936;20.5673;20.6501;20.7556;20.8611;21","15;14.925;14.8501;14.7751;14.7001;14.6252;14.5537;14.4858;14.4213;14.3604;14.309;14.258;14.2074;14.1571;14.1072;14.0516;13.9964;13.9415;13.887;13.833;13.7811;13.731;13.6843;13.641;13.6011;13.5627;13.5259;13.4907;13.4569;13.4246;13.3943;13.3658;13.3378;13.3101;13.2838;13.2586;13.2343;13.212;13.1916;13.1732;13.1566;13.1418;13.128;13.1174;13.1091;13.1032;13.0996;13.0984;13.0971;13.0959;13.0951;13.0949;13.0951;13.0958;13.097;13.0982;13.0995;13.1007;13.1019;13.1031;13.1043;13.1048;13.1047;13.1039;13.1029;13.1017;13.1011;13.101;13.1014;13.1018;13.1025;13.1035;13.1044;13.1052;13.1059;13.1061;13.106;13.1058;13.1057;13.1055;13.1054;13.1052;13.1051;13.1049;13.1048;13.1046;13.1045;13.1043;13.1042;13.104;13.1038;13.1036;13.1034;13.1032;13.1029;13.1026;13.1023;13.102;13.1018;13.1016;13.1015;13.1014;13.1014;13.1013;13.1013;13.1013;13.1013;13.1013;13.1013;13.1013;13.1013;13.1013;13.1013;13.1013;13.1014;13.1014;13.1015;13.1016;13.1017;13.1018;13.1019;13.102;13.1021;13.1022;13.1023;13.1024;13.1025;13.1026;13.1027;13.1028;13.1029;13.103;13.1031;13.1033;13.1034;13.1036;13.1038;13.1041;13.1043;13.1046;13.1048;13.1048;13.1045;13.104;13.1035;13.1028;13.1023;13.102;13.1019;13.1023;13.1033;13.1047;13.1067;13.1092;13.1118;13.1162;13.1226;13.131;13.1412;13.1543;13.1682;13.1829;13.1984;13.2148;13.2323;13.251;13.2708;13.2917;13.3161;13.3427;13.3715;13.403;13.4369;13.4712;13.5057;13.5406;13.576;13.6119;13.6482;13.6882;13.7317;13.7778;13.8263;13.8774;13.9279;13.9778;14.0292;14.0821;14.1391;14.2001;14.2653;14.333;14.393;14.4538;14.5156;14.5781;14.655;14.7566;14.8582;15",0.293436,"0;0;1"
