1 15 
1.07174 14.9021 
1.14347 14.8042 
1.21623 14.7071 
1.29001 14.6109 
1.36481 14.5156 
1.43952 14.4251 
1.51414 14.3395 
1.58764 14.2579 
1.66003 14.1804 
1.73198 14.1079 
1.80458 14.0363 
1.87785 13.9657 
1.95178 13.896 
2.02733 13.8275 
2.10384 13.7594 
2.1813 13.6917 
2.26057 13.6251 
2.34166 13.5595 
2.42362 13.4947 
2.50643 13.4307 
2.5901 13.3674 
2.67841 13.3023 
2.76963 13.2378 
2.86374 13.1737 
2.96076 13.1102 
3.06068 13.0472 
3.15887 12.9866 
3.25705 12.9259 
3.35529 12.8667 
3.45358 12.8089 
3.55191 12.7526 
3.6503 12.6978 
3.75099 12.6441 
3.85395 12.5902 
3.95917 12.5361 
4.06665 12.4818 
4.17334 12.4293 
4.27699 12.3791 
4.38033 12.3309 
4.48338 12.2847 
4.58613 12.2405 
4.69164 12.1962 
4.79991 12.1517 
4.90817 12.1072 
5.01723 12.064 
5.12709 12.0221 
5.23775 11.9816 
5.3492 11.9424 
5.46145 11.9045 
5.5737 11.8666 
5.68455 11.8301 
5.79398 11.795 
5.902 11.7612 
6.00861 11.7288 
6.11381 11.6978 
6.2184 11.6681 
6.32236 11.6399 
6.42571 11.6131 
6.52843 11.5876 
6.63053 11.5636 
6.73264 11.5395 
6.83474 11.5155 
6.93973 11.4917 
7.04759 11.4683 
7.15832 11.4453 
7.27194 11.4225 
7.38843 11.4001 
7.50223 11.3786 
7.61681 11.3575 
7.73217 11.3369 
7.84831 11.3168 
7.96692 11.297 
8.08389 11.2782 
8.19577 11.2606 
8.30254 11.2442 
8.40634 11.2293 
8.50546 11.2158 
8.6067 11.2025 
8.71005 11.1892 
8.81786 11.1767 
8.92799 11.1646 
9.04046 11.1531 
9.15526 11.142 
9.2724 11.1315 
9.38919 11.1216 
9.50565 11.1122 
9.62177 11.1034 
9.73755 11.0951 
9.85299 11.0874 
9.96876 11.0805 
10.0849 11.0746 
10.2013 11.0695 
10.318 11.0653 
10.4346 11.0628 
10.5507 11.0611 
10.6662 11.0602 
10.7813 11.06 
10.8958 11.0606 
11.0089 11.0615 
11.1205 11.0627 
11.2307 11.0641 
11.3394 11.0658 
11.4437 11.0678 
11.545 11.0698 
11.6434 11.0718 
11.7404 11.0743 
11.8359 11.0772 
11.9329 11.0806 
12.0314 11.0845 
12.1315 11.0889 
12.2303 11.0937 
12.328 11.0989 
12.4244 11.1044 
12.5265 11.1109 
12.6297 11.1186 
12.735 11.1274 
12.8425 11.137 
12.9523 11.1476 
13.0574 11.1587 
13.1625 11.1697 
13.2676 11.1808 
13.3727 11.1922 
13.4778 11.2039 
13.583 11.2161 
13.6901 11.2298 
13.7991 11.2451 
13.91 11.2616 
14.0227 11.2793 
14.1373 11.2982 
14.2519 11.3171 
14.3692 11.3372 
14.4892 11.3584 
14.6109 11.3808 
14.7344 11.4044 
14.8555 11.4292 
14.9715 11.4542 
15.0824 11.4792 
15.1891 11.5043 
15.2917 11.5293 
15.3943 11.5544 
15.5007 11.5813 
15.6109 11.61 
15.7248 11.6406 
15.8425 11.673 
15.9615 11.7072 
16.0779 11.7415 
16.1918 11.7757 
16.3032 11.8099 
16.412 11.844 
16.5202 11.8791 
16.6277 11.9151 
16.7345 11.952 
16.8406 11.9898 
16.946 12.0285 
17.045 12.0652 
17.144 12.1032 
17.2433 12.1423 
17.3427 12.1826 
17.4423 12.2241 
17.5486 12.2689 
17.6509 12.3128 
17.7492 12.356 
17.8435 12.3985 
17.9369 12.4432 
18.0294 12.4903 
18.125 12.5404 
18.2236 12.5936 
18.324 12.6499 
18.4229 12.7061 
18.5204 12.7624 
18.6165 12.8187 
18.7101 12.8757 
18.8026 12.9332 
18.894 12.9914 
18.9843 13.0501 
19.0729 13.1104 
19.161 13.1715 
19.2485 13.2336 
19.3355 13.2966 
19.422 13.3604 
19.5072 13.4252 
19.591 13.491 
19.6736 13.5579 
19.7549 13.6257 
19.8349 13.6945 
19.9157 13.7655 
19.997 13.8404 
20.0785 13.9192 
20.1605 14.0019 
20.2428 14.0886 
20.3246 14.177 
20.4071 14.2692 
20.4904 14.3653 
20.5743 14.4653 
20.6588 14.5691 
20.7441 14.6768 
20.8294 14.7846 
20.9147 14.8923 
21 15 

22.3147,1.33705,0.277998,"1;1.07174;1.14347;1.21623;1.29001;1.36481;1.43952;1.51414;1.58764;1.66003;1.73198;1.80458;1.87785;1.95178;2.02733;2.10384;2.1813;2.26057;2.34166;2.42362;2.50643;2.5901;2.67841;2.76963;2.86374;2.96076;3.06068;3.15887;3.25705;3.35529;3.45358;3.55191;3.6503;3.75099;3.85395;3.95917;4.06665;4.17334;4.27699;4.38033;4.48338;4.58613;4.69164;4.79991;4.90817;5.01723;5.12709;5.23775;5.3492;5.46145;5.5737;5.68455;5.79398;5.902;6.00861;6.11381;6.2184;6.32236;6.42571;6.52843;6.63053;6.73264;6.83474;6.93973;7.04759;7.15832;7.27194;7.38843;7.50223;7.61681;7.73217;7.84831;7.96692;8.08389;8.19577;8.30254;8.40634;8.50546;8.6067;8.71005;8.81786;8.92799;9.04046;9.15526;9.2724;9.38919;9.50565;9.62177;9.73755;9.85299;9.96876;10.0849;10.2013;10.318;10.4346;10.5507;10.6662;10.7813;10.8958;11.0089;11.1205;11.2307;11.3394;11.4437;11.545;11.6434;11.7404;11.8359;11.9329;12.0314;12.1315;12.2303;12.328;12.4244;12.5265;12.6297;12.735;12.8425;12.9523;13.0574;13.1625;13.2676;13.3727;13.4778;13.583;13.6901;13.7991;13.91;14.0227;14.1373;14.2519;14.3692;14.4892;14.6109;14.7344;14.8555;14.9715;15.0824;15.1891;15.2917;15.3943;15.5007;15.6109;15.7248;15.8425;15.9615;16.0779;16.1918;16.3032;16.412;16.5202;16.6277;16.7345;16.8406;16.946;17.045;17.144;17.2433;17.3427;17.4423;17.5486;17.6509;17.7492;17.8435;17.9369;18.0294;18.125;18.2236;18.324;18.4229;18.5204;18.6165;18.7101;18.8026;18.894;18.9843;19.0729;19.161;19.2485;19.3355;19.422;19.5072;19.591;19.6736;19.7549;19.8349;19.9157;19.997;20.0785;20.1605;20.2428;20.3246;20.4071;20.4904;20.5743;20.6588;20.7441;20.8294;20.9147;21","15;14.9021;14.8042;14.7071;14.6109;14.5156;14.4251;14.3395;14.2579;14.1804;14.1079;14.0363;13.9657;13.896;13.8275;13.7594;13.6917;13.6251;13.5595;13.4947;13.4307;13.3674;13.3023;13.2378;13.1737;13.1102;13.0472;12.9866;12.9259;12.8667;12.8089;12.7526;12.6978;12.6441;12.5902;12.5361;12.4818;12.4293;12.3791;12.3309;12.2847;12.2405;12.1962;12.1517;12.1072;12.064;12.0221;11.9816;11.9424;11.9045;11.8666;11.8301;11.795;11.7612;11.7288;11.6978;11.6681;11.6399;11.6131;11.5876;11.5636;11.5395;11.5155;11.4917;11.4683;11.4453;11.4225;11.4001;11.3786;11.3575;11.3369;11.3168;11.297;11.2782;11.2606;11.2442;11.2293;11.2158;11.2025;11.1892;11.1767;11.1646;11.1531;11.142;11.1315;11.1216;11.1122;11.1034;11.0951;11.0874;11.0805;11.0746;11.0695;11.0653;11.0628;11.0611;11.0602;11.06;11.0606;11.0615;11.0627;11.0641;11.0658;11.0678;11.0698;11.0718;11.0743;11.0772;11.0806;11.0845;11.0889;11.0937;11.0989;11.1044;11.1109;11.1186;11.1274;11.137;11.1476;11.1587;11.1697;11.1808;11.1922;11.2039;11.2161;11.2298;11.2451;11.2616;11.2793;11.2982;11.3171;11.3372;11.3584;11.3808;11.4044;11.4292;11.4542;11.4792;11.5043;11.5293;11.5544;11.5813;11.61;11.6406;11.673;11.7072;11.7415;11.7757;11.8099;11.844;11.8791;11.9151;11.952;11.9898;12.0285;12.0652;12.1032;12.1423;12.1826;12.2241;12.2689;12.3128;12.356;12.3985;12.4432;12.4903;12.5404;12.5936;12.6499;12.7061;12.7624;12.8187;12.8757;12.9332;12.9914;13.0501;13.1104;13.1715;13.2336;13.2966;13.3604;13.4252;13.491;13.5579;13.6257;13.6945;13.7655;13.8404;13.9192;14.0019;14.0886;14.177;14.2692;14.3653;14.4653;14.5691;14.6768;14.7846;14.8923;15",0.277998,"0;0;1"
