1 15 
1.53446 15.0573 
1.93072 15.1582 
2.10789 15.214 
2.79435 15.5709 
3.06615 15.7976 
3.28289 16.0192 
3.71764 16.4852 
4.12553 17.017 
4.51155 17.6174 
4.77127 18.0692 
5.16031 18.7417 
5.57823 19.3999 
6.09422 20.09 
6.28058 20.3526 
6.87141 21.1396 
7.47746 21.8187 
8.06292 22.4523 
8.43901 22.7692 
9.22573 23.3441 
9.98175 23.852 
10.6511 24.229 
11.3402 24.5554 
11.9163 24.7681 
12.7571 24.9703 
13.6787 25.0499 
14.3161 24.9996 
15.1583 24.917 
16.0704 24.6946 
16.9442 24.3651 
17.628 24.0877 
18.0041 23.9171 
18.8558 23.4155 
19.3222 23.0746 
19.8233 22.6232 
20.1236 22.3075 
20.6085 21.6314 
20.8874 21.1894 
21.2737 20.412 
21.4026 20.0342 
21.6396 19.3171 
21.7987 18.56 
21.8148 18.1222 
21.8019 17.6903 
21.7037 16.9705 
21.6716 16.7663 
21.5278 16.168 
21.3607 15.6771 
21 15 

31.9618,1.76454,13.5624,"1;1.53446;1.93072;2.10789;2.79435;3.06615;3.28289;3.71764;4.12553;4.51155;4.77127;5.16031;5.57823;6.09422;6.28058;6.87141;7.47746;8.06292;8.43901;9.22573;9.98175;10.6511;11.3402;11.9163;12.7571;13.6787;14.3161;15.1583;16.0704;16.9442;17.628;18.0041;18.8558;19.3222;19.8233;20.1236;20.6085;20.8874;21.2737;21.4026;21.6396;21.7987;21.8148;21.8019;21.7037;21.6716;21.5278;21.3607;21","15;15.0573;15.1582;15.214;15.5709;15.7976;16.0192;16.4852;17.017;17.6174;18.0692;18.7417;19.3999;20.09;20.3526;21.1396;21.8187;22.4523;22.7692;23.3441;23.852;24.229;24.5554;24.7681;24.9703;25.0499;24.9996;24.917;24.6946;24.3651;24.0877;23.9171;23.4155;23.0746;22.6232;22.3075;21.6314;21.1894;20.412;20.0342;19.3171;18.56;18.1222;17.6903;16.9705;16.7663;16.168;15.6771;15",1.76454,"0;1;0"
