1 15 
1.06811 14.9225 
1.13622 14.8449 
1.20433 14.7674 
1.27244 14.6899 
1.34238 14.6126 
1.41414 14.5355 
1.48774 14.4586 
1.56316 14.3819 
1.64042 14.3055 
1.71767 14.2291 
1.79492 14.1526 
1.86936 14.0809 
1.9474 14.0101 
2.02904 13.9403 
2.11428 13.8716 
2.20312 13.8039 
2.29837 13.7325 
2.39181 13.6637 
2.48345 13.5973 
2.57338 13.5348 
2.6616 13.4762 
2.74811 13.4214 
2.83472 13.3679 
2.92142 13.3157 
3.01005 13.2634 
3.1006 13.2108 
3.19306 13.1581 
3.28744 13.1053 
3.38424 13.053 
3.48139 13.0027 
3.57888 12.9544 
3.67672 12.9081 
3.77491 12.8637 
3.87295 12.8206 
3.97098 12.7774 
4.07195 12.7337 
4.17585 12.6895 
4.27834 12.6473 
4.37943 12.6069 
4.47912 12.5684 
4.57447 12.5324 
4.66787 12.4992 
4.76366 12.4662 
4.86183 12.4337 
4.96239 12.4015 
5.06533 12.3697 
5.16717 12.3386 
5.2679 12.3084 
5.36754 12.2789 
5.4662 12.2509 
5.56389 12.2243 
5.66171 12.1982 
5.75966 12.1727 
5.85775 12.1478 
5.95583 12.1229 
6.05305 12.0989 
6.15195 12.0755 
6.25253 12.0527 
6.35479 12.0305 
6.45873 12.0089 
6.56522 11.987 
6.67304 11.9655 
6.78218 11.9443 
6.89265 11.9235 
7.00821 11.9026 
7.12889 11.8817 
7.24887 11.8614 
7.36817 11.8419 
7.48678 11.8231 
7.60409 11.8054 
7.72009 11.7889 
7.83777 11.773 
7.95713 11.7577 
8.07817 11.743 
8.19594 11.7298 
8.31047 11.7181 
8.42322 11.7073 
8.5342 11.6974 
8.64341 11.6885 
8.75262 11.6796 
8.86183 11.6707 
8.97104 11.6617 
9.08024 11.6528 
9.18994 11.6445 
9.30013 11.6366 
9.41082 11.6294 
9.52199 11.6227 
9.63365 11.6165 
9.74531 11.6104 
9.85697 11.6042 
9.96958 11.5985 
10.0831 11.5932 
10.192 11.5887 
10.2962 11.5849 
10.3997 11.5823 
10.5016 11.5804 
10.6018 11.5793 
10.706 11.5786 
10.8142 11.5783 
10.9231 11.5784 
11.0327 11.5787 
11.143 11.5793 
11.2584 11.5805 
11.3789 11.5822 
11.4992 11.5846 
11.6193 11.5877 
11.7391 11.5913 
11.8544 11.5953 
11.9636 11.6 
12.0715 11.605 
12.1781 11.6105 
12.2832 11.6163 
12.387 11.6225 
12.4904 11.6288 
12.5933 11.635 
12.6958 11.6414 
12.7985 11.6484 
12.9013 11.656 
13.0046 11.6643 
13.1084 11.6731 
13.2128 11.6826 
13.3172 11.6921 
13.4216 11.7016 
13.526 11.7117 
13.6304 11.7224 
13.7348 11.7337 
13.8392 11.7456 
13.9436 11.7581 
14.048 11.7707 
14.153 11.7841 
14.2585 11.7985 
14.3646 11.8138 
14.4713 11.83 
14.5785 11.8471 
14.6858 11.8643 
14.793 11.8814 
14.9002 11.8985 
15.0085 11.9165 
15.1179 11.9352 
15.2284 11.9549 
15.34 11.9753 
15.4509 11.9969 
15.5599 12.0189 
15.6671 12.0412 
15.7724 12.0639 
15.876 12.087 
15.9795 12.1101 
16.0822 12.134 
16.1842 12.1589 
16.2854 12.1847 
16.3859 12.2114 
16.4856 12.2391 
16.5836 12.2665 
16.68 12.2938 
16.7777 12.3228 
16.8767 12.3535 
16.9771 12.386 
17.0805 12.4204 
17.1869 12.4567 
17.2934 12.493 
17.3992 12.5301 
17.5044 12.568 
17.609 12.6066 
17.713 12.646 
17.817 12.688 
17.9217 12.7318 
18.0271 12.7775 
18.1331 12.825 
18.2398 12.8744 
18.3487 12.9263 
18.4598 12.9807 
18.5692 13.0364 
18.6769 13.0935 
18.7829 13.1519 
18.885 13.2091 
18.9805 13.2646 
19.0734 13.3197 
19.1636 13.3742 
19.2531 13.4309 
19.3419 13.4899 
19.4326 13.5517 
19.5252 13.6162 
19.6198 13.6835 
19.7115 13.7511 
19.8003 13.8191 
19.8862 13.8874 
19.9693 13.9561 
20.0495 14.0251 
20.1298 14.0941 
20.21 14.1632 
20.2903 14.2347 
20.3707 14.3087 
20.4512 14.3851 
20.535 14.4705 
20.6222 14.5648 
20.7126 14.6655 
20.8062 14.7727 
20.9031 14.8864 
21 15 

21.8507,1.26481,0.244667,"1;1.06811;1.13622;1.20433;1.27244;1.34238;1.41414;1.48774;1.56316;1.64042;1.71767;1.79492;1.86936;1.9474;2.02904;2.11428;2.20312;2.29837;2.39181;2.48345;2.57338;2.6616;2.74811;2.83472;2.92142;3.01005;3.1006;3.19306;3.28744;3.38424;3.48139;3.57888;3.67672;3.77491;3.87295;3.97098;4.07195;4.17585;4.27834;4.37943;4.47912;4.57447;4.66787;4.76366;4.86183;4.96239;5.06533;5.16717;5.2679;5.36754;5.4662;5.56389;5.66171;5.75966;5.85775;5.95583;6.05305;6.15195;6.25253;6.35479;6.45873;6.56522;6.67304;6.78218;6.89265;7.00821;7.12889;7.24887;7.36817;7.48678;7.60409;7.72009;7.83777;7.95713;8.07817;8.19594;8.31047;8.42322;8.5342;8.64341;8.75262;8.86183;8.97104;9.08024;9.18994;9.30013;9.41082;9.52199;9.63365;9.74531;9.85697;9.96958;10.0831;10.192;10.2962;10.3997;10.5016;10.6018;10.706;10.8142;10.9231;11.0327;11.143;11.2584;11.3789;11.4992;11.6193;11.7391;11.8544;11.9636;12.0715;12.1781;12.2832;12.387;12.4904;12.5933;12.6958;12.7985;12.9013;13.0046;13.1084;13.2128;13.3172;13.4216;13.526;13.6304;13.7348;13.8392;13.9436;14.048;14.153;14.2585;14.3646;14.4713;14.5785;14.6858;14.793;14.9002;15.0085;15.1179;15.2284;15.34;15.4509;15.5599;15.6671;15.7724;15.876;15.9795;16.0822;16.1842;16.2854;16.3859;16.4856;16.5836;16.68;16.7777;16.8767;16.9771;17.0805;17.1869;17.2934;17.3992;17.5044;17.609;17.713;17.817;17.9217;18.0271;18.1331;18.2398;18.3487;18.4598;18.5692;18.6769;18.7829;18.885;18.9805;19.0734;19.1636;19.2531;19.3419;19.4326;19.5252;19.6198;19.7115;19.8003;19.8862;19.9693;20.0495;20.1298;20.21;20.2903;20.3707;20.4512;20.535;20.6222;20.7126;20.8062;20.9031;21","15;14.9225;14.8449;14.7674;14.6899;14.6126;14.5355;14.4586;14.3819;14.3055;14.2291;14.1526;14.0809;14.0101;13.9403;13.8716;13.8039;13.7325;13.6637;13.5973;13.5348;13.4762;13.4214;13.3679;13.3157;13.2634;13.2108;13.1581;13.1053;13.053;13.0027;12.9544;12.9081;12.8637;12.8206;12.7774;12.7337;12.6895;12.6473;12.6069;12.5684;12.5324;12.4992;12.4662;12.4337;12.4015;12.3697;12.3386;12.3084;12.2789;12.2509;12.2243;12.1982;12.1727;12.1478;12.1229;12.0989;12.0755;12.0527;12.0305;12.0089;11.987;11.9655;11.9443;11.9235;11.9026;11.8817;11.8614;11.8419;11.8231;11.8054;11.7889;11.773;11.7577;11.743;11.7298;11.7181;11.7073;11.6974;11.6885;11.6796;11.6707;11.6617;11.6528;11.6445;11.6366;11.6294;11.6227;11.6165;11.6104;11.6042;11.5985;11.5932;11.5887;11.5849;11.5823;11.5804;11.5793;11.5786;11.5783;11.5784;11.5787;11.5793;11.5805;11.5822;11.5846;11.5877;11.5913;11.5953;11.6;11.605;11.6105;11.6163;11.6225;11.6288;11.635;11.6414;11.6484;11.656;11.6643;11.6731;11.6826;11.6921;11.7016;11.7117;11.7224;11.7337;11.7456;11.7581;11.7707;11.7841;11.7985;11.8138;11.83;11.8471;11.8643;11.8814;11.8985;11.9165;11.9352;11.9549;11.9753;11.9969;12.0189;12.0412;12.0639;12.087;12.1101;12.134;12.1589;12.1847;12.2114;12.2391;12.2665;12.2938;12.3228;12.3535;12.386;12.4204;12.4567;12.493;12.5301;12.568;12.6066;12.646;12.688;12.7318;12.7775;12.825;12.8744;12.9263;12.9807;13.0364;13.0935;13.1519;13.2091;13.2646;13.3197;13.3742;13.4309;13.4899;13.5517;13.6162;13.6835;13.7511;13.8191;13.8874;13.9561;14.0251;14.0941;14.1632;14.2347;14.3087;14.3851;14.4705;14.5648;14.6655;14.7727;14.8864;15",0.244667,"0;0;1"
