1 15 
1.0668 14.9082 
1.13359 14.8165 
1.20039 14.7247 
1.26719 14.6329 
1.33233 14.5458 
1.3958 14.4633 
1.46202 14.382 
1.53099 14.3018 
1.6027 14.2226 
1.67881 14.14 
1.75847 14.0571 
1.83727 13.9776 
1.91521 13.9015 
1.99229 13.8287 
2.06851 13.7593 
2.14578 13.6905 
2.2241 13.6222 
2.30347 13.5546 
2.38389 13.4875 
2.45984 13.4255 
2.53845 13.3638 
2.61972 13.3025 
2.70366 13.2417 
2.79025 13.1812 
2.88503 13.1166 
2.97975 13.0535 
3.07441 12.9918 
3.16901 12.9315 
3.26356 12.8726 
3.35805 12.8151 
3.45391 12.7586 
3.55112 12.703 
3.6497 12.6484 
3.74964 12.5948 
3.85095 12.5422 
3.9527 12.4909 
4.05489 12.4408 
4.15753 12.392 
4.26062 12.3445 
4.36416 12.2983 
4.46769 12.2521 
4.56327 12.2099 
4.65838 12.1689 
4.75301 12.1291 
4.84723 12.0914 
4.94103 12.0557 
5.04238 12.018 
5.14379 11.9811 
5.24527 11.9451 
5.34675 11.9091 
5.44823 11.8731 
5.5531 11.837 
5.66137 11.8007 
5.77303 11.7643 
5.88809 11.7277 
6.00579 11.6925 
6.12276 11.6588 
6.23897 11.6266 
6.35444 11.5959 
6.46917 11.5666 
6.5839 11.5374 
6.69987 11.5088 
6.81708 11.481 
6.93471 11.4541 
7.05274 11.4281 
7.17132 11.4036 
7.28921 11.38 
7.4064 11.3572 
7.52373 11.335 
7.6378 11.3145 
7.74847 11.2952 
7.85575 11.277 
7.95963 11.2599 
8.06012 11.244 
8.16391 11.2282 
8.271 11.2127 
8.38141 11.1974 
8.49511 11.1824 
8.60885 11.1686 
8.71932 11.156 
8.82652 11.1445 
8.93044 11.1341 
9.03109 11.1248 
9.13229 11.1158 
9.23406 11.1071 
9.33638 11.0987 
9.43926 11.0906 
9.5427 11.0828 
9.64614 11.0749 
9.74743 11.0677 
9.84659 11.061 
9.94748 11.0551 
10.0501 11.05 
10.1545 11.0456 
10.2627 11.0415 
10.3748 11.0377 
10.488 11.0343 
10.6024 11.0314 
10.7177 11.029 
10.8342 11.027 
10.9518 11.0256 
11.0705 11.0252 
11.1904 11.026 
11.3114 11.0279 
11.4335 11.0309 
11.5532 11.0352 
11.6694 11.0396 
11.782 11.0441 
11.8911 11.0488 
11.9971 11.0544 
12.1034 11.0607 
12.2101 11.0678 
12.3172 11.0755 
12.4246 11.084 
12.5336 11.0933 
12.6441 11.1033 
12.7562 11.1141 
12.8698 11.1257 
12.9849 11.138 
13.1029 11.1511 
13.2238 11.165 
13.3449 11.1795 
13.4663 11.1947 
13.588 11.2106 
13.707 11.2264 
13.8262 11.243 
13.9481 11.2603 
14.0658 11.2777 
14.1793 11.2951 
14.2885 11.3126 
14.3959 11.331 
14.5014 11.3502 
14.6121 11.3711 
14.728 11.3937 
14.845 11.4175 
14.958 11.441 
15.0726 11.4657 
15.1887 11.4915 
15.2988 11.5171 
15.4066 11.543 
15.5124 11.5691 
15.6155 11.5962 
15.7161 11.6245 
15.8219 11.655 
15.9328 11.6879 
16.0489 11.7232 
16.1616 11.758 
16.271 11.7925 
16.377 11.8267 
16.4797 11.8604 
16.5687 11.8906 
16.6608 11.9228 
16.7559 11.9571 
16.8541 11.9935 
16.9553 12.0319 
17.0698 12.0758 
17.181 12.1189 
17.2889 12.1615 
17.3934 12.2033 
17.4947 12.2445 
17.5904 12.2853 
17.684 12.3264 
17.7755 12.3678 
17.87 12.4132 
17.9676 12.4627 
18.0705 12.516 
18.1786 12.5731 
18.2893 12.6338 
18.3973 12.6944 
18.5026 12.7547 
18.6052 12.8149 
18.7051 12.8749 
18.8067 12.937 
18.906 12.9998 
19.0027 13.0633 
19.0971 13.1276 
19.189 13.1925 
19.2767 13.2561 
19.3644 13.3197 
19.4503 13.3836 
19.5344 13.4479 
19.6167 13.5126 
19.6972 13.5777 
19.7753 13.6446 
19.8528 13.713 
19.9295 13.7828 
20.0057 13.8541 
20.0812 13.9268 
20.1583 14.0041 
20.2371 14.0859 
20.3175 14.1722 
20.3997 14.263 
20.4834 14.3584 
20.5672 14.4537 
20.6509 14.5491 
20.7279 14.6387 
20.8145 14.7479 
20.8684 14.8061 
21 15 

22.3485,1.35039,0.278004,"1;1.0668;1.13359;1.20039;1.26719;1.33233;1.3958;1.46202;1.53099;1.6027;1.67881;1.75847;1.83727;1.91521;1.99229;2.06851;2.14578;2.2241;2.30347;2.38389;2.45984;2.53845;2.61972;2.70366;2.79025;2.88503;2.97975;3.07441;3.16901;3.26356;3.35805;3.45391;3.55112;3.6497;3.74964;3.85095;3.9527;4.05489;4.15753;4.26062;4.36416;4.46769;4.56327;4.65838;4.75301;4.84723;4.94103;5.04238;5.14379;5.24527;5.34675;5.44823;5.5531;5.66137;5.77303;5.88809;6.00579;6.12276;6.23897;6.35444;6.46917;6.5839;6.69987;6.81708;6.93471;7.05274;7.17132;7.28921;7.4064;7.52373;7.6378;7.74847;7.85575;7.95963;8.06012;8.16391;8.271;8.38141;8.49511;8.60885;8.71932;8.82652;8.93044;9.03109;9.13229;9.23406;9.33638;9.43926;9.5427;9.64614;9.74743;9.84659;9.94748;10.0501;10.1545;10.2627;10.3748;10.488;10.6024;10.7177;10.8342;10.9518;11.0705;11.1904;11.3114;11.4335;11.5532;11.6694;11.782;11.8911;11.9971;12.1034;12.2101;12.3172;12.4246;12.5336;12.6441;12.7562;12.8698;12.9849;13.1029;13.2238;13.3449;13.4663;13.588;13.707;13.8262;13.9481;14.0658;14.1793;14.2885;14.3959;14.5014;14.6121;14.728;14.845;14.958;15.0726;15.1887;15.2988;15.4066;15.5124;15.6155;15.7161;15.8219;15.9328;16.0489;16.1616;16.271;16.377;16.4797;16.5687;16.6608;16.7559;16.8541;16.9553;17.0698;17.181;17.2889;17.3934;17.4947;17.5904;17.684;17.7755;17.87;17.9676;18.0705;18.1786;18.2893;18.3973;18.5026;18.6052;18.7051;18.8067;18.906;19.0027;19.0971;19.189;19.2767;19.3644;19.4503;19.5344;19.6167;19.6972;19.7753;19.8528;19.9295;20.0057;20.0812;20.1583;20.2371;20.3175;20.3997;20.4834;20.5672;20.6509;20.7279;20.8145;20.8684;21","15;14.9082;14.8165;14.7247;14.6329;14.5458;14.4633;14.382;14.3018;14.2226;14.14;14.0571;13.9776;13.9015;13.8287;13.7593;13.6905;13.6222;13.5546;13.4875;13.4255;13.3638;13.3025;13.2417;13.1812;13.1166;13.0535;12.9918;12.9315;12.8726;12.8151;12.7586;12.703;12.6484;12.5948;12.5422;12.4909;12.4408;12.392;12.3445;12.2983;12.2521;12.2099;12.1689;12.1291;12.0914;12.0557;12.018;11.9811;11.9451;11.9091;11.8731;11.837;11.8007;11.7643;11.7277;11.6925;11.6588;11.6266;11.5959;11.5666;11.5374;11.5088;11.481;11.4541;11.4281;11.4036;11.38;11.3572;11.335;11.3145;11.2952;11.277;11.2599;11.244;11.2282;11.2127;11.1974;11.1824;11.1686;11.156;11.1445;11.1341;11.1248;11.1158;11.1071;11.0987;11.0906;11.0828;11.0749;11.0677;11.061;11.0551;11.05;11.0456;11.0415;11.0377;11.0343;11.0314;11.029;11.027;11.0256;11.0252;11.026;11.0279;11.0309;11.0352;11.0396;11.0441;11.0488;11.0544;11.0607;11.0678;11.0755;11.084;11.0933;11.1033;11.1141;11.1257;11.138;11.1511;11.165;11.1795;11.1947;11.2106;11.2264;11.243;11.2603;11.2777;11.2951;11.3126;11.331;11.3502;11.3711;11.3937;11.4175;11.441;11.4657;11.4915;11.5171;11.543;11.5691;11.5962;11.6245;11.655;11.6879;11.7232;11.758;11.7925;11.8267;11.8604;11.8906;11.9228;11.9571;11.9935;12.0319;12.0758;12.1189;12.1615;12.2033;12.2445;12.2853;12.3264;12.3678;12.4132;12.4627;12.516;12.5731;12.6338;12.6944;12.7547;12.8149;12.8749;12.937;12.9998;13.0633;13.1276;13.1925;13.2561;13.3197;13.3836;13.4479;13.5126;13.5777;13.6446;13.713;13.7828;13.8541;13.9268;14.0041;14.0859;14.1722;14.263;14.3584;14.4537;14.5491;14.6387;14.7479;14.8061;15",0.278004,"0;0;1"
