1 15 
1.06823 14.9198 
1.13646 14.8395 
1.2047 14.7593 
1.276 14.6771 
1.35037 14.5931 
1.42782 14.5073 
1.50834 14.4195 
1.59317 14.332 
1.67924 14.2466 
1.76655 14.1633 
1.8551 14.0821 
1.94594 14.0042 
2.03781 13.9275 
2.13073 13.852 
2.22469 13.7776 
2.3197 13.7056 
2.41259 13.6377 
2.50335 13.5737 
2.59198 13.5137 
2.67849 13.4577 
2.76286 13.4043 
2.84723 13.351 
2.93343 13.2984 
3.02145 13.2465 
3.11131 13.1953 
3.20299 13.1449 
3.29651 13.0951 
3.3874 13.0481 
3.47567 13.0038 
3.56519 12.9606 
3.65596 12.9184 
3.74798 12.8772 
3.84387 12.8343 
3.94307 12.791 
4.04172 12.749 
4.13982 12.7083 
4.23736 12.6689 
4.33518 12.6315 
4.43385 12.5949 
4.53335 12.559 
4.63369 12.5239 
4.73487 12.4895 
4.83605 12.4551 
4.93723 12.4207 
5.04087 12.3868 
5.14697 12.3533 
5.25553 12.3202 
5.36655 12.2876 
5.48002 12.2554 
5.5935 12.2232 
5.70569 12.1926 
5.8166 12.1637 
5.92623 12.1363 
6.03457 12.1106 
6.14163 12.0864 
6.24869 12.0623 
6.35489 12.0392 
6.46023 12.0171 
6.56471 11.9961 
6.66833 11.9761 
6.77109 11.9571 
6.87385 11.9381 
6.97749 11.9196 
7.082 11.9016 
7.18739 11.8841 
7.29366 11.8671 
7.4008 11.8505 
7.50794 11.834 
7.61508 11.8175 
7.72187 11.802 
7.8283 11.7875 
7.93437 11.7741 
8.04009 11.7617 
8.14544 11.7504 
8.2508 11.739 
8.35616 11.7277 
8.46094 11.7169 
8.56514 11.7066 
8.66877 11.6969 
8.77181 11.6878 
8.87428 11.6792 
8.97771 11.6707 
9.0821 11.6622 
9.18746 11.6539 
9.29378 11.6456 
9.40107 11.6374 
9.50805 11.6299 
9.61473 11.6231 
9.7211 11.6171 
9.82717 11.6119 
9.93256 11.6078 
10.0376 11.6042 
10.1422 11.601 
10.2465 11.5983 
10.3504 11.5961 
10.4549 11.5941 
10.56 11.5924 
10.6656 11.591 
10.7718 11.5898 
10.8786 11.5888 
10.9849 11.5883 
11.0906 11.5882 
11.1957 11.5885 
11.3003 11.5893 
11.4049 11.5907 
11.51 11.5924 
11.6156 11.5943 
11.7218 11.5964 
11.8285 11.5989 
11.9347 11.6018 
12.0404 11.6052 
12.1455 11.6091 
12.2501 11.6136 
12.3542 11.6185 
12.4606 11.6244 
12.5695 11.6313 
12.6807 11.6392 
12.7943 11.648 
12.9103 11.6577 
13.0262 11.6675 
13.1422 11.6773 
13.2561 11.6872 
13.3666 11.6974 
13.4738 11.7079 
13.5777 11.7187 
13.6782 11.7298 
13.7775 11.7409 
13.8807 11.7533 
13.9877 11.767 
14.0987 11.7819 
14.2135 11.798 
14.3321 11.8154 
14.4508 11.8328 
14.5646 11.8499 
14.6734 11.8667 
14.7774 11.8831 
14.8829 11.901 
14.9898 11.9204 
15.1031 11.9414 
15.2193 11.9641 
15.3384 11.9886 
15.4539 12.013 
15.5659 12.0373 
15.6744 12.0616 
15.7829 12.0859 
15.8902 12.1109 
15.9961 12.1364 
16.1008 12.1625 
16.2042 12.1893 
16.3064 12.2167 
16.4094 12.2453 
16.5132 12.275 
16.6179 12.306 
16.7234 12.3382 
16.8298 12.3716 
16.9361 12.405 
17.0467 12.4405 
17.1614 12.478 
17.2757 12.5169 
17.3897 12.5569 
17.5032 12.5982 
17.6121 12.6387 
17.7164 12.6783 
17.8208 12.718 
17.9207 12.757 
18.0161 12.7954 
18.1107 12.8351 
18.2045 12.8762 
18.2959 12.9193 
18.3895 12.965 
18.4853 13.0135 
18.5796 13.0627 
18.6725 13.1127 
18.7654 13.1627 
18.8582 13.2128 
18.9502 13.2644 
19.0413 13.3175 
19.1319 13.3732 
19.222 13.4314 
19.3116 13.4921 
19.4016 13.5537 
19.4921 13.6162 
19.5825 13.6786 
19.6729 13.7411 
19.7623 13.8044 
19.8506 13.8684 
19.9378 13.9332 
20.0228 13.9998 
20.1054 14.0682 
20.1868 14.1375 
20.267 14.2079 
20.346 14.2792 
20.429 14.3594 
20.516 14.4484 
20.6071 14.5464 
20.7023 14.6531 
20.8015 14.7687 
20.9008 14.8844 
21 15 

21.84,1.27106,0.24467,"1;1.06823;1.13646;1.2047;1.276;1.35037;1.42782;1.50834;1.59317;1.67924;1.76655;1.8551;1.94594;2.03781;2.13073;2.22469;2.3197;2.41259;2.50335;2.59198;2.67849;2.76286;2.84723;2.93343;3.02145;3.11131;3.20299;3.29651;3.3874;3.47567;3.56519;3.65596;3.74798;3.84387;3.94307;4.04172;4.13982;4.23736;4.33518;4.43385;4.53335;4.63369;4.73487;4.83605;4.93723;5.04087;5.14697;5.25553;5.36655;5.48002;5.5935;5.70569;5.8166;5.92623;6.03457;6.14163;6.24869;6.35489;6.46023;6.56471;6.66833;6.77109;6.87385;6.97749;7.082;7.18739;7.29366;7.4008;7.50794;7.61508;7.72187;7.8283;7.93437;8.04009;8.14544;8.2508;8.35616;8.46094;8.56514;8.66877;8.77181;8.87428;8.97771;9.0821;9.18746;9.29378;9.40107;9.50805;9.61473;9.7211;9.82717;9.93256;10.0376;10.1422;10.2465;10.3504;10.4549;10.56;10.6656;10.7718;10.8786;10.9849;11.0906;11.1957;11.3003;11.4049;11.51;11.6156;11.7218;11.8285;11.9347;12.0404;12.1455;12.2501;12.3542;12.4606;12.5695;12.6807;12.7943;12.9103;13.0262;13.1422;13.2561;13.3666;13.4738;13.5777;13.6782;13.7775;13.8807;13.9877;14.0987;14.2135;14.3321;14.4508;14.5646;14.6734;14.7774;14.8829;14.9898;15.1031;15.2193;15.3384;15.4539;15.5659;15.6744;15.7829;15.8902;15.9961;16.1008;16.2042;16.3064;16.4094;16.5132;16.6179;16.7234;16.8298;16.9361;17.0467;17.1614;17.2757;17.3897;17.5032;17.6121;17.7164;17.8208;17.9207;18.0161;18.1107;18.2045;18.2959;18.3895;18.4853;18.5796;18.6725;18.7654;18.8582;18.9502;19.0413;19.1319;19.222;19.3116;19.4016;19.4921;19.5825;19.6729;19.7623;19.8506;19.9378;20.0228;20.1054;20.1868;20.267;20.346;20.429;20.516;20.6071;20.7023;20.8015;20.9008;21","15;14.9198;14.8395;14.7593;14.6771;14.5931;14.5073;14.4195;14.332;14.2466;14.1633;14.0821;14.0042;13.9275;13.852;13.7776;13.7056;13.6377;13.5737;13.5137;13.4577;13.4043;13.351;13.2984;13.2465;13.1953;13.1449;13.0951;13.0481;13.0038;12.9606;12.9184;12.8772;12.8343;12.791;12.749;12.7083;12.6689;12.6315;12.5949;12.559;12.5239;12.4895;12.4551;12.4207;12.3868;12.3533;12.3202;12.2876;12.2554;12.2232;12.1926;12.1637;12.1363;12.1106;12.0864;12.0623;12.0392;12.0171;11.9961;11.9761;11.9571;11.9381;11.9196;11.9016;11.8841;11.8671;11.8505;11.834;11.8175;11.802;11.7875;11.7741;11.7617;11.7504;11.739;11.7277;11.7169;11.7066;11.6969;11.6878;11.6792;11.6707;11.6622;11.6539;11.6456;11.6374;11.6299;11.6231;11.6171;11.6119;11.6078;11.6042;11.601;11.5983;11.5961;11.5941;11.5924;11.591;11.5898;11.5888;11.5883;11.5882;11.5885;11.5893;11.5907;11.5924;11.5943;11.5964;11.5989;11.6018;11.6052;11.6091;11.6136;11.6185;11.6244;11.6313;11.6392;11.648;11.6577;11.6675;11.6773;11.6872;11.6974;11.7079;11.7187;11.7298;11.7409;11.7533;11.767;11.7819;11.798;11.8154;11.8328;11.8499;11.8667;11.8831;11.901;11.9204;11.9414;11.9641;11.9886;12.013;12.0373;12.0616;12.0859;12.1109;12.1364;12.1625;12.1893;12.2167;12.2453;12.275;12.306;12.3382;12.3716;12.405;12.4405;12.478;12.5169;12.5569;12.5982;12.6387;12.6783;12.718;12.757;12.7954;12.8351;12.8762;12.9193;12.965;13.0135;13.0627;13.1127;13.1627;13.2128;13.2644;13.3175;13.3732;13.4314;13.4921;13.5537;13.6162;13.6786;13.7411;13.8044;13.8684;13.9332;13.9998;14.0682;14.1375;14.2079;14.2792;14.3594;14.4484;14.5464;14.6531;14.7687;14.8844;15",0.24467,"0;0;1"
