1 15 
1.09814 15.0002 
1.19628 15.0004 
1.29442 15.0005 
1.39256 15.0007 
1.4907 15.0009 
1.58884 15.0011 
1.68698 15.0012 
1.78512 15.0014 
1.88326 15.0016 
1.9814 15.0018 
2.07954 15.0019 
2.17768 15.0021 
2.27582 15.0023 
2.37396 15.0025 
2.47256 15.0027 
2.57163 15.0031 
2.67116 15.0036 
2.77116 15.0042 
2.87162 15.005 
2.97208 15.0057 
3.0749 15.0063 
3.1801 15.0067 
3.28766 15.007 
3.39428 15.0075 
3.49996 15.0081 
3.60234 15.0091 
3.70141 15.0103 
3.79718 15.0118 
3.89295 15.0133 
3.98872 15.0147 
4.08448 15.0162 
4.18041 15.0176 
4.27651 15.0188 
4.37276 15.0199 
4.46918 15.0208 
4.56575 15.0216 
4.66233 15.0224 
4.75891 15.0232 
4.85549 15.024 
4.95207 15.0248 
5.05254 15.0258 
5.1569 15.027 
5.26515 15.0283 
5.3739 15.0299 
5.48315 15.0318 
5.589 15.0338 
5.69145 15.036 
5.79051 15.0383 
5.88957 15.0405 
5.98862 15.0428 
6.08768 15.045 
6.18674 15.0473 
6.2854 15.0497 
6.38366 15.0521 
6.48152 15.0546 
6.57898 15.0572 
6.67604 15.0598 
6.77311 15.0625 
6.87068 15.0648 
6.96875 15.0667 
7.06734 15.0683 
7.16643 15.0696 
7.26603 15.0704 
7.36563 15.0713 
7.46513 15.0726 
7.56454 15.0742 
7.66385 15.0763 
7.76306 15.0787 
7.86218 15.0815 
7.96129 15.0843 
8.06075 15.0873 
8.16055 15.0906 
8.2607 15.0942 
8.36118 15.098 
8.46202 15.1021 
8.56285 15.1062 
8.66368 15.1103 
8.76451 15.1143 
8.86534 15.1184 
8.96618 15.1225 
9.06846 15.1273 
9.17219 15.1328 
9.27737 15.1391 
9.384 15.1461 
9.49208 15.1538 
9.60016 15.1615 
9.70709 15.1691 
9.81288 15.1766 
9.91752 15.1841 
10.021 15.1914 
10.1234 15.1987 
10.2257 15.206 
10.3268 15.2133 
10.4266 15.2206 
10.525 15.2281 
10.6222 15.2355 
10.7181 15.243 
10.8143 15.2508 
10.9109 15.2588 
11.0078 15.2671 
11.1051 15.2757 
11.2027 15.2845 
11.3003 15.2933 
11.3999 15.3024 
11.5016 15.3118 
11.6054 15.3215 
11.7112 15.3315 
11.8167 15.3418 
11.92 15.3519 
12.021 15.3619 
12.1196 15.3718 
12.216 15.3816 
12.3124 15.3915 
12.4092 15.4016 
12.5063 15.4121 
12.6031 15.4229 
12.6995 15.4339 
12.7968 15.4455 
12.8947 15.4573 
12.993 15.4694 
13.0927 15.4817 
13.1936 15.4943 
13.2946 15.5069 
13.3955 15.5195 
13.4964 15.532 
13.5974 15.5446 
13.6983 15.5572 
13.7993 15.5698 
13.9002 15.5824 
14.0011 15.595 
14.1018 15.6076 
14.2021 15.6201 
14.3021 15.6327 
14.4018 15.6453 
14.5012 15.6579 
14.6006 15.6705 
14.7 15.6831 
14.7994 15.6957 
14.9004 15.709 
15.0028 15.723 
15.1067 15.7377 
15.2121 15.7531 
15.3191 15.7692 
15.425 15.7852 
15.53 15.8011 
15.634 15.8169 
15.737 15.8326 
15.8389 15.8483 
15.9409 15.8639 
16.0334 15.8776 
16.1245 15.8899 
16.2144 15.9008 
16.303 15.9101 
16.3904 15.9181 
16.4859 15.9264 
16.5815 15.9348 
16.6811 15.942 
16.7847 15.9481 
16.8923 15.953 
17.0039 15.9569 
17.1131 15.959 
17.216 15.9606 
17.3142 15.961 
17.4076 15.9602 
17.4964 15.9582 
17.5908 15.9542 
17.6906 15.9482 
17.7944 15.9406 
17.9021 15.9315 
18.01 15.9206 
18.1141 15.9091 
18.2145 15.8973 
18.3111 15.885 
18.4076 15.8705 
18.5076 15.8542 
18.6111 15.8362 
18.7182 15.8164 
18.8249 15.7947 
18.9276 15.7729 
19.0263 15.7509 
19.1209 15.7287 
19.2137 15.7044 
19.3085 15.6781 
19.4055 15.6498 
19.5045 15.6196 
19.6089 15.5857 
19.7141 15.5502 
19.82 15.5131 
19.9268 15.4744 
20.0343 15.434 
20.1394 15.3936 
20.2425 15.3525 
20.3436 15.3107 
20.4428 15.268 
20.54 15.2247 
20.6352 15.1805 
20.7463 15.1268 
20.8257 15.0923 
21 15 

20.2079,0.958413,0.361795,"1;1.09814;1.19628;1.29442;1.39256;1.4907;1.58884;1.68698;1.78512;1.88326;1.9814;2.07954;2.17768;2.27582;2.37396;2.47256;2.57163;2.67116;2.77116;2.87162;2.97208;3.0749;3.1801;3.28766;3.39428;3.49996;3.60234;3.70141;3.79718;3.89295;3.98872;4.08448;4.18041;4.27651;4.37276;4.46918;4.56575;4.66233;4.75891;4.85549;4.95207;5.05254;5.1569;5.26515;5.3739;5.48315;5.589;5.69145;5.79051;5.88957;5.98862;6.08768;6.18674;6.2854;6.38366;6.48152;6.57898;6.67604;6.77311;6.87068;6.96875;7.06734;7.16643;7.26603;7.36563;7.46513;7.56454;7.66385;7.76306;7.86218;7.96129;8.06075;8.16055;8.2607;8.36118;8.46202;8.56285;8.66368;8.76451;8.86534;8.96618;9.06846;9.17219;9.27737;9.384;9.49208;9.60016;9.70709;9.81288;9.91752;10.021;10.1234;10.2257;10.3268;10.4266;10.525;10.6222;10.7181;10.8143;10.9109;11.0078;11.1051;11.2027;11.3003;11.3999;11.5016;11.6054;11.7112;11.8167;11.92;12.021;12.1196;12.216;12.3124;12.4092;12.5063;12.6031;12.6995;12.7968;12.8947;12.993;13.0927;13.1936;13.2946;13.3955;13.4964;13.5974;13.6983;13.7993;13.9002;14.0011;14.1018;14.2021;14.3021;14.4018;14.5012;14.6006;14.7;14.7994;14.9004;15.0028;15.1067;15.2121;15.3191;15.425;15.53;15.634;15.737;15.8389;15.9409;16.0334;16.1245;16.2144;16.303;16.3904;16.4859;16.5815;16.6811;16.7847;16.8923;17.0039;17.1131;17.216;17.3142;17.4076;17.4964;17.5908;17.6906;17.7944;17.9021;18.01;18.1141;18.2145;18.3111;18.4076;18.5076;18.6111;18.7182;18.8249;18.9276;19.0263;19.1209;19.2137;19.3085;19.4055;19.5045;19.6089;19.7141;19.82;19.9268;20.0343;20.1394;20.2425;20.3436;20.4428;20.54;20.6352;20.7463;20.8257;21","15;15.0002;15.0004;15.0005;15.0007;15.0009;15.0011;15.0012;15.0014;15.0016;15.0018;15.0019;15.0021;15.0023;15.0025;15.0027;15.0031;15.0036;15.0042;15.005;15.0057;15.0063;15.0067;15.007;15.0075;15.0081;15.0091;15.0103;15.0118;15.0133;15.0147;15.0162;15.0176;15.0188;15.0199;15.0208;15.0216;15.0224;15.0232;15.024;15.0248;15.0258;15.027;15.0283;15.0299;15.0318;15.0338;15.036;15.0383;15.0405;15.0428;15.045;15.0473;15.0497;15.0521;15.0546;15.0572;15.0598;15.0625;15.0648;15.0667;15.0683;15.0696;15.0704;15.0713;15.0726;15.0742;15.0763;15.0787;15.0815;15.0843;15.0873;15.0906;15.0942;15.098;15.1021;15.1062;15.1103;15.1143;15.1184;15.1225;15.1273;15.1328;15.1391;15.1461;15.1538;15.1615;15.1691;15.1766;15.1841;15.1914;15.1987;15.206;15.2133;15.2206;15.2281;15.2355;15.243;15.2508;15.2588;15.2671;15.2757;15.2845;15.2933;15.3024;15.3118;15.3215;15.3315;15.3418;15.3519;15.3619;15.3718;15.3816;15.3915;15.4016;15.4121;15.4229;15.4339;15.4455;15.4573;15.4694;15.4817;15.4943;15.5069;15.5195;15.532;15.5446;15.5572;15.5698;15.5824;15.595;15.6076;15.6201;15.6327;15.6453;15.6579;15.6705;15.6831;15.6957;15.709;15.723;15.7377;15.7531;15.7692;15.7852;15.8011;15.8169;15.8326;15.8483;15.8639;15.8776;15.8899;15.9008;15.9101;15.9181;15.9264;15.9348;15.942;15.9481;15.953;15.9569;15.959;15.9606;15.961;15.9602;15.9582;15.9542;15.9482;15.9406;15.9315;15.9206;15.9091;15.8973;15.885;15.8705;15.8542;15.8362;15.8164;15.7947;15.7729;15.7509;15.7287;15.7044;15.6781;15.6498;15.6196;15.5857;15.5502;15.5131;15.4744;15.434;15.3936;15.3525;15.3107;15.268;15.2247;15.1805;15.1268;15.0923;15",0.958413,"0;1;0"
