1 15 
1.1005 15.0003 
1.20099 15.0006 
1.30149 15.001 
1.40198 15.0013 
1.50248 15.0016 
1.60297 15.0019 
1.70347 15.0022 
1.80396 15.0026 
1.90446 15.0029 
2.00496 15.0032 
2.10545 15.0035 
2.20595 15.0038 
2.30596 15.0041 
2.40548 15.0042 
2.50452 15.0042 
2.60307 15.0041 
2.70114 15.0039 
2.79921 15.0038 
2.89728 15.0036 
2.99535 15.0034 
3.09341 15.0032 
3.19148 15.0031 
3.28955 15.0029 
3.38762 15.0027 
3.48569 15.0025 
3.58375 15.0024 
3.68182 15.0022 
3.78086 15.002 
3.88087 15.002 
3.98185 15.0019 
4.0838 15.0019 
4.18672 15.0019 
4.28964 15.002 
4.39215 15.002 
4.49426 15.0021 
4.59597 15.0021 
4.69727 15.0022 
4.79817 15.0022 
4.89907 15.0023 
4.99997 15.0024 
5.10087 15.0024 
5.20177 15.0025 
5.30267 15.0025 
5.40356 15.0026 
5.50446 15.0027 
5.60536 15.0027 
5.70626 15.0028 
5.80716 15.0029 
5.90806 15.0029 
6.00914 15.003 
6.11041 15.0031 
6.21187 15.0032 
6.3135 15.0034 
6.41533 15.0035 
6.51715 15.0037 
6.62149 15.0038 
6.72835 15.0039 
6.83608 15.0038 
6.9447 15.0037 
7.0542 15.0035 
7.16207 15.0032 
7.26831 15.0029 
7.37454 15.0026 
7.47822 15.0022 
7.57935 15.0017 
7.67793 15.0012 
7.77395 15.0005 
7.86742 14.9998 
7.96089 14.9991 
8.05403 14.9985 
8.14686 14.9981 
8.23937 14.9979 
8.33395 14.9978 
8.43062 14.9979 
8.52969 14.998 
8.63115 14.9982 
8.73502 14.9984 
8.83889 14.9987 
8.94276 14.9989 
9.04662 14.9991 
9.15049 14.9993 
9.25436 14.9996 
9.35764 14.9998 
9.46035 15 
9.56247 15.0003 
9.664 15.0006 
9.76638 15.0008 
9.87017 15.0012 
9.97538 15.0015 
10.082 15.0019 
10.1901 15.0023 
10.2976 15.0027 
10.4045 15.0032 
10.5109 15.0037 
10.6168 15.0043 
10.7203 15.0049 
10.8219 15.0055 
10.9217 15.0062 
11.0197 15.0068 
11.1156 15.0073 
11.2113 15.0078 
11.3069 15.0083 
11.4024 15.0086 
11.4977 15.0089 
11.593 15.0092 
11.6883 15.0095 
11.7836 15.0097 
11.8789 15.01 
11.9741 15.0103 
12.0696 15.0107 
12.1653 15.0112 
12.2611 15.0117 
12.3571 15.0124 
12.4533 15.0132 
12.5496 15.014 
12.6458 15.0148 
12.7421 15.0155 
12.8387 15.0161 
12.9354 15.0166 
13.0323 15.017 
13.1293 15.0174 
13.2263 15.0177 
13.3234 15.0181 
13.4204 15.0184 
13.5178 15.0185 
13.6155 15.0185 
13.7136 15.0182 
13.812 15.0177 
13.9107 15.017 
14.0094 15.0163 
14.1082 15.0157 
14.2068 15.0149 
14.3054 15.0142 
14.4038 15.0135 
14.5022 15.0127 
14.6005 15.0119 
14.6987 15.0111 
14.7955 15.0104 
14.8908 15.0098 
14.9846 15.0093 
15.0769 15.009 
15.1678 15.0087 
15.2607 15.0085 
15.3557 15.0084 
15.4528 15.0083 
15.552 15.0083 
15.6533 15.0083 
15.7545 15.0083 
15.8558 15.0083 
15.9571 15.0083 
16.0584 15.0084 
16.1596 15.0084 
16.2609 15.0084 
16.3622 15.0084 
16.4634 15.0084 
16.5647 15.0084 
16.666 15.0084 
16.7673 15.0085 
16.8685 15.0085 
16.9705 15.0084 
17.0732 15.0083 
17.1767 15.0082 
17.2808 15.0079 
17.3857 15.0076 
17.4905 15.0073 
17.5954 15.007 
17.7002 15.0067 
17.8051 15.0064 
17.91 15.0061 
18.0148 15.0058 
18.1197 15.0055 
18.2229 15.0053 
18.3244 15.005 
18.4241 15.0048 
18.5223 15.0046 
18.6187 15.0045 
18.7151 15.0043 
18.8115 15.0042 
18.9079 15.004 
19.0043 15.0039 
19.1055 15.0036 
19.2113 15.0033 
19.3163 15.0031 
19.4205 15.0029 
19.5239 15.0027 
19.6218 15.0027 
19.7143 15.0028 
19.809 15.0029 
19.906 15.0029 
20.0054 15.0029 
20.1071 15.0028 
20.2112 15.0027 
20.3152 15.0026 
20.4192 15.0025 
20.5233 15.0024 
20.6273 15.0023 
20.7434 15.0018 
20.8354 15.002 
21 15 

20.0001,0.959651,0.392362,"1;1.1005;1.20099;1.30149;1.40198;1.50248;1.60297;1.70347;1.80396;1.90446;2.00496;2.10545;2.20595;2.30596;2.40548;2.50452;2.60307;2.70114;2.79921;2.89728;2.99535;3.09341;3.19148;3.28955;3.38762;3.48569;3.58375;3.68182;3.78086;3.88087;3.98185;4.0838;4.18672;4.28964;4.39215;4.49426;4.59597;4.69727;4.79817;4.89907;4.99997;5.10087;5.20177;5.30267;5.40356;5.50446;5.60536;5.70626;5.80716;5.90806;6.00914;6.11041;6.21187;6.3135;6.41533;6.51715;6.62149;6.72835;6.83608;6.9447;7.0542;7.16207;7.26831;7.37454;7.47822;7.57935;7.67793;7.77395;7.86742;7.96089;8.05403;8.14686;8.23937;8.33395;8.43062;8.52969;8.63115;8.73502;8.83889;8.94276;9.04662;9.15049;9.25436;9.35764;9.46035;9.56247;9.664;9.76638;9.87017;9.97538;10.082;10.1901;10.2976;10.4045;10.5109;10.6168;10.7203;10.8219;10.9217;11.0197;11.1156;11.2113;11.3069;11.4024;11.4977;11.593;11.6883;11.7836;11.8789;11.9741;12.0696;12.1653;12.2611;12.3571;12.4533;12.5496;12.6458;12.7421;12.8387;12.9354;13.0323;13.1293;13.2263;13.3234;13.4204;13.5178;13.6155;13.7136;13.812;13.9107;14.0094;14.1082;14.2068;14.3054;14.4038;14.5022;14.6005;14.6987;14.7955;14.8908;14.9846;15.0769;15.1678;15.2607;15.3557;15.4528;15.552;15.6533;15.7545;15.8558;15.9571;16.0584;16.1596;16.2609;16.3622;16.4634;16.5647;16.666;16.7673;16.8685;16.9705;17.0732;17.1767;17.2808;17.3857;17.4905;17.5954;17.7002;17.8051;17.91;18.0148;18.1197;18.2229;18.3244;18.4241;18.5223;18.6187;18.7151;18.8115;18.9079;19.0043;19.1055;19.2113;19.3163;19.4205;19.5239;19.6218;19.7143;19.809;19.906;20.0054;20.1071;20.2112;20.3152;20.4192;20.5233;20.6273;20.7434;20.8354;21","15;15.0003;15.0006;15.001;15.0013;15.0016;15.0019;15.0022;15.0026;15.0029;15.0032;15.0035;15.0038;15.0041;15.0042;15.0042;15.0041;15.0039;15.0038;15.0036;15.0034;15.0032;15.0031;15.0029;15.0027;15.0025;15.0024;15.0022;15.002;15.002;15.0019;15.0019;15.0019;15.002;15.002;15.0021;15.0021;15.0022;15.0022;15.0023;15.0024;15.0024;15.0025;15.0025;15.0026;15.0027;15.0027;15.0028;15.0029;15.0029;15.003;15.0031;15.0032;15.0034;15.0035;15.0037;15.0038;15.0039;15.0038;15.0037;15.0035;15.0032;15.0029;15.0026;15.0022;15.0017;15.0012;15.0005;14.9998;14.9991;14.9985;14.9981;14.9979;14.9978;14.9979;14.998;14.9982;14.9984;14.9987;14.9989;14.9991;14.9993;14.9996;14.9998;15;15.0003;15.0006;15.0008;15.0012;15.0015;15.0019;15.0023;15.0027;15.0032;15.0037;15.0043;15.0049;15.0055;15.0062;15.0068;15.0073;15.0078;15.0083;15.0086;15.0089;15.0092;15.0095;15.0097;15.01;15.0103;15.0107;15.0112;15.0117;15.0124;15.0132;15.014;15.0148;15.0155;15.0161;15.0166;15.017;15.0174;15.0177;15.0181;15.0184;15.0185;15.0185;15.0182;15.0177;15.017;15.0163;15.0157;15.0149;15.0142;15.0135;15.0127;15.0119;15.0111;15.0104;15.0098;15.0093;15.009;15.0087;15.0085;15.0084;15.0083;15.0083;15.0083;15.0083;15.0083;15.0083;15.0084;15.0084;15.0084;15.0084;15.0084;15.0084;15.0084;15.0085;15.0085;15.0084;15.0083;15.0082;15.0079;15.0076;15.0073;15.007;15.0067;15.0064;15.0061;15.0058;15.0055;15.0053;15.005;15.0048;15.0046;15.0045;15.0043;15.0042;15.004;15.0039;15.0036;15.0033;15.0031;15.0029;15.0027;15.0027;15.0028;15.0029;15.0029;15.0029;15.0028;15.0027;15.0026;15.0025;15.0024;15.0023;15.0018;15.002;15",20.0001,"1;0;0"
