1 15 
1.1007 14.9996 
1.20141 14.9992 
1.30211 14.9988 
1.40282 14.9984 
1.50352 14.998 
1.60422 14.9977 
1.70493 14.9973 
1.80563 14.9969 
1.90634 14.9965 
2.00704 14.9961 
2.10775 14.9957 
2.20845 14.9953 
2.30915 14.9949 
2.40986 14.9945 
2.51056 14.9941 
2.61156 14.9938 
2.71286 14.9934 
2.81445 14.993 
2.91633 14.9927 
3.01851 14.9923 
3.1207 14.9919 
3.22288 14.9916 
3.32506 14.9912 
3.42724 14.9909 
3.52942 14.9905 
3.6316 14.9902 
3.73379 14.9898 
3.83597 14.9895 
3.9373 14.9891 
4.03777 14.9889 
4.13739 14.9886 
4.23616 14.9884 
4.33407 14.9882 
4.43198 14.9881 
4.52989 14.9879 
4.62781 14.9877 
4.72572 14.9876 
4.82363 14.9874 
4.92154 14.9872 
5.01946 14.987 
5.11737 14.9869 
5.21528 14.9867 
5.3132 14.9865 
5.41111 14.9864 
5.51077 14.9863 
5.61219 14.9862 
5.71537 14.9863 
5.82029 14.9864 
5.92698 14.9865 
6.03366 14.9867 
6.14034 14.9869 
6.24761 14.9871 
6.35547 14.9873 
6.46392 14.9876 
6.57296 14.9879 
6.6805 14.9884 
6.78594 14.9888 
6.88929 14.9894 
6.99055 14.99 
7.08971 14.9906 
7.18888 14.9913 
7.28805 14.9919 
7.38689 14.9925 
7.48541 14.9932 
7.58362 14.9938 
7.6815 14.9944 
7.77906 14.995 
7.87662 14.9956 
7.97418 14.9962 
8.07174 14.9969 
8.1693 14.9975 
8.26686 14.9981 
8.36443 14.9987 
8.46199 14.9993 
8.55955 14.9999 
8.65711 15.0005 
8.75467 15.0011 
8.85223 15.0017 
8.94979 15.0024 
9.04735 15.003 
9.14532 15.0035 
9.24371 15.0039 
9.3425 15.0042 
9.4417 15.0044 
9.54131 15.0045 
9.64092 15.0046 
9.74053 15.0047 
9.84014 15.0048 
9.93975 15.0049 
10.0394 15.005 
10.139 15.0051 
10.2386 15.0052 
10.3382 15.0053 
10.4378 15.0055 
10.5374 15.0056 
10.6384 15.0055 
10.7408 15.0054 
10.8445 15.0052 
10.9497 15.0048 
11.0562 15.0043 
11.1627 15.0038 
11.2692 15.0033 
11.3747 15.0028 
11.4793 15.0023 
11.5828 15.0017 
11.6853 15.001 
11.7868 15.0003 
11.8883 14.9996 
11.9899 14.999 
12.0914 14.9983 
12.1929 14.9976 
12.2932 14.9971 
12.3921 14.9967 
12.4899 14.9966 
12.5863 14.9966 
12.6815 14.9968 
12.7767 14.997 
12.8718 14.9972 
12.967 14.9974 
13.0622 14.9976 
13.1574 14.9978 
13.2525 14.998 
13.3477 14.9982 
13.4433 14.9984 
13.5392 14.9986 
13.6355 14.9989 
13.7321 14.9993 
13.8291 14.9997 
13.9262 15 
14.0232 15.0004 
14.1202 15.0008 
14.2172 15.0011 
14.3142 15.0015 
14.4113 15.0019 
14.5083 15.0023 
14.6053 15.0026 
14.7023 15.003 
14.7993 15.0034 
14.8964 15.0038 
14.9936 15.004 
15.0912 15.0042 
15.189 15.0042 
15.2871 15.0041 
15.3854 15.0039 
15.4838 15.0037 
15.5821 15.0035 
15.6804 15.0033 
15.7788 15.0031 
15.8771 15.0029 
15.9755 15.0027 
16.0738 15.0025 
16.1721 15.0023 
16.2705 15.0021 
16.3688 15.0019 
16.467 15.0018 
16.5649 15.0017 
16.6626 15.0018 
16.7601 15.0019 
16.8575 15.002 
16.9548 15.0022 
17.0521 15.0024 
17.1494 15.0025 
17.2468 15.0027 
17.3441 15.0029 
17.4414 15.0031 
17.5387 15.0032 
17.636 15.0034 
17.7334 15.0036 
17.8315 15.0037 
17.9304 15.0037 
18.03 15.0036 
18.1305 15.0035 
18.2317 15.0033 
18.333 15.003 
18.4342 15.0028 
18.5355 15.0026 
18.6373 15.0025 
18.7396 15.0025 
18.8425 15.0026 
18.9459 15.0028 
19.0498 15.0031 
19.1538 15.0035 
19.2577 15.0038 
19.3617 15.0041 
19.4668 15.0043 
19.5732 15.0044 
19.6808 15.0043 
19.7896 15.0041 
19.8997 15.0037 
20.0097 15.0033 
20.1197 15.003 
20.2298 15.0026 
20.3398 15.0022 
20.4498 15.0019 
20.5599 15.0015 
20.6699 15.0011 
20.7799 15.0007 
20.89 15.0004 
21 15 

20.0001,8.94993,0.391962,"1;1.1007;1.20141;1.30211;1.40282;1.50352;1.60422;1.70493;1.80563;1.90634;2.00704;2.10775;2.20845;2.30915;2.40986;2.51056;2.61156;2.71286;2.81445;2.91633;3.01851;3.1207;3.22288;3.32506;3.42724;3.52942;3.6316;3.73379;3.83597;3.9373;4.03777;4.13739;4.23616;4.33407;4.43198;4.52989;4.62781;4.72572;4.82363;4.92154;5.01946;5.11737;5.21528;5.3132;5.41111;5.51077;5.61219;5.71537;5.82029;5.92698;6.03366;6.14034;6.24761;6.35547;6.46392;6.57296;6.6805;6.78594;6.88929;6.99055;7.08971;7.18888;7.28805;7.38689;7.48541;7.58362;7.6815;7.77906;7.87662;7.97418;8.07174;8.1693;8.26686;8.36443;8.46199;8.55955;8.65711;8.75467;8.85223;8.94979;9.04735;9.14532;9.24371;9.3425;9.4417;9.54131;9.64092;9.74053;9.84014;9.93975;10.0394;10.139;10.2386;10.3382;10.4378;10.5374;10.6384;10.7408;10.8445;10.9497;11.0562;11.1627;11.2692;11.3747;11.4793;11.5828;11.6853;11.7868;11.8883;11.9899;12.0914;12.1929;12.2932;12.3921;12.4899;12.5863;12.6815;12.7767;12.8718;12.967;13.0622;13.1574;13.2525;13.3477;13.4433;13.5392;13.6355;13.7321;13.8291;13.9262;14.0232;14.1202;14.2172;14.3142;14.4113;14.5083;14.6053;14.7023;14.7993;14.8964;14.9936;15.0912;15.189;15.2871;15.3854;15.4838;15.5821;15.6804;15.7788;15.8771;15.9755;16.0738;16.1721;16.2705;16.3688;16.467;16.5649;16.6626;16.7601;16.8575;16.9548;17.0521;17.1494;17.2468;17.3441;17.4414;17.5387;17.636;17.7334;17.8315;17.9304;18.03;18.1305;18.2317;18.333;18.4342;18.5355;18.6373;18.7396;18.8425;18.9459;19.0498;19.1538;19.2577;19.3617;19.4668;19.5732;19.6808;19.7896;19.8997;20.0097;20.1197;20.2298;20.3398;20.4498;20.5599;20.6699;20.7799;20.89;21","15;14.9996;14.9992;14.9988;14.9984;14.998;14.9977;14.9973;14.9969;14.9965;14.9961;14.9957;14.9953;14.9949;14.9945;14.9941;14.9938;14.9934;14.993;14.9927;14.9923;14.9919;14.9916;14.9912;14.9909;14.9905;14.9902;14.9898;14.9895;14.9891;14.9889;14.9886;14.9884;14.9882;14.9881;14.9879;14.9877;14.9876;14.9874;14.9872;14.987;14.9869;14.9867;14.9865;14.9864;14.9863;14.9862;14.9863;14.9864;14.9865;14.9867;14.9869;14.9871;14.9873;14.9876;14.9879;14.9884;14.9888;14.9894;14.99;14.9906;14.9913;14.9919;14.9925;14.9932;14.9938;14.9944;14.995;14.9956;14.9962;14.9969;14.9975;14.9981;14.9987;14.9993;14.9999;15.0005;15.0011;15.0017;15.0024;15.003;15.0035;15.0039;15.0042;15.0044;15.0045;15.0046;15.0047;15.0048;15.0049;15.005;15.0051;15.0052;15.0053;15.0055;15.0056;15.0055;15.0054;15.0052;15.0048;15.0043;15.0038;15.0033;15.0028;15.0023;15.0017;15.001;15.0003;14.9996;14.999;14.9983;14.9976;14.9971;14.9967;14.9966;14.9966;14.9968;14.997;14.9972;14.9974;14.9976;14.9978;14.998;14.9982;14.9984;14.9986;14.9989;14.9993;14.9997;15;15.0004;15.0008;15.0011;15.0015;15.0019;15.0023;15.0026;15.003;15.0034;15.0038;15.004;15.0042;15.0042;15.0041;15.0039;15.0037;15.0035;15.0033;15.0031;15.0029;15.0027;15.0025;15.0023;15.0021;15.0019;15.0018;15.0017;15.0018;15.0019;15.002;15.0022;15.0024;15.0025;15.0027;15.0029;15.0031;15.0032;15.0034;15.0036;15.0037;15.0037;15.0036;15.0035;15.0033;15.003;15.0028;15.0026;15.0025;15.0025;15.0026;15.0028;15.0031;15.0035;15.0038;15.0041;15.0043;15.0044;15.0043;15.0041;15.0037;15.0033;15.003;15.0026;15.0022;15.0019;15.0015;15.0011;15.0007;15.0004;15",20.0001,"1;0;0"
