1 15 
1.1 15 
1.2 15 
1.3 15 
1.4 15 
1.5 15 
1.6 15 
1.7 15 
1.8 15 
1.9 15 
2 15 
2.1 15 
2.2 15 
2.3 15 
2.4 15 
2.5 15 
2.6 15 
2.7 15 
2.8 15 
2.90028 14.9999 
3.00083 14.9997 
3.10167 14.9994 
3.20278 14.999 
3.30417 14.9985 
3.40556 14.998 
3.50695 14.9974 
3.60833 14.9969 
3.70972 14.9964 
3.81111 14.9959 
3.9125 14.9954 
4.01389 14.9949 
4.11735 14.9945 
4.22289 14.9942 
4.33049 14.994 
4.44017 14.9939 
4.54964 14.9939 
4.65683 14.9937 
4.76174 14.9935 
4.86437 14.9932 
4.96472 14.9928 
5.06507 14.9924 
5.16542 14.992 
5.26577 14.9916 
5.36612 14.9911 
5.46647 14.9907 
5.56895 14.9904 
5.67354 14.9901 
5.77937 14.9897 
5.88643 14.9893 
5.99472 14.9888 
6.10211 14.9883 
6.20861 14.9876 
6.32324 14.9871 
6.43478 14.9869 
6.54324 14.9868 
6.64862 14.987 
6.75091 14.9874 
6.842 14.9879 
6.93308 14.9883 
7.02547 14.9889 
7.11916 14.9895 
7.21416 14.9902 
7.31047 14.991 
7.40808 14.9919 
7.5057 14.9928 
7.60331 14.9937 
7.70092 14.9945 
7.79854 14.9954 
7.89615 14.9963 
7.99376 14.9972 
8.09138 14.9981 
8.18991 14.9989 
8.28937 14.9996 
8.38976 15.0003 
8.49106 15.0009 
8.59329 15.0014 
8.69552 15.0019 
8.79775 15.0024 
8.89998 15.0029 
9.00221 15.0034 
9.10444 15.004 
9.20714 15.0043 
9.31031 15.0044 
9.41395 15.0044 
9.51807 15.0041 
9.62265 15.0037 
9.72724 15.0033 
9.83182 15.0029 
9.93641 15.0025 
10.0398 15.0021 
10.1421 15.0017 
10.2432 15.0013 
10.3431 15.001 
10.4419 15.0007 
10.5407 15.0004 
10.6395 15 
10.7382 14.9997 
10.8378 14.9995 
10.9381 14.9993 
11.0392 14.9992 
11.1411 14.9992 
11.2438 14.9992 
11.3465 14.9993 
11.4492 14.9993 
11.5519 14.9994 
11.6545 14.9994 
11.7572 14.9994 
11.8584 14.9995 
11.9581 14.9995 
12.0563 14.9994 
12.153 14.9994 
12.2482 14.9993 
12.3434 14.9992 
12.4386 14.9992 
12.5339 14.9991 
12.6291 14.999 
12.7243 14.999 
12.8195 14.9989 
12.9147 14.9988 
13.0114 14.9987 
13.1097 14.9985 
13.2094 14.9983 
13.3107 14.9981 
13.4135 14.9977 
13.5162 14.9974 
13.619 14.9971 
13.7218 14.9968 
13.8246 14.9965 
13.9274 14.9962 
14.0302 14.9958 
14.1299 14.9955 
14.2267 14.995 
14.3205 14.9946 
14.4113 14.994 
14.5012 14.9936 
14.5934 14.9934 
14.6878 14.9934 
14.7844 14.9936 
14.8831 14.994 
14.9819 14.9944 
15.0807 14.9948 
15.1794 14.9952 
15.2782 14.9956 
15.377 14.996 
15.4757 14.9964 
15.5745 14.9968 
15.6733 14.9971 
15.7721 14.9975 
15.871 14.9977 
15.9699 14.9979 
16.069 14.9981 
16.1678 14.9982 
16.2663 14.9983 
16.3646 14.9984 
16.4626 14.9985 
16.5604 14.9987 
16.6581 14.9989 
16.7576 14.999 
16.8587 14.999 
16.9615 14.999 
17.066 14.9989 
17.1722 14.9988 
17.2784 14.9987 
17.3837 14.9987 
17.4881 14.9989 
17.5916 14.9993 
17.6942 14.9999 
17.7959 15.0007 
17.8976 15.0014 
17.9993 15.0022 
18.0995 15.0028 
18.1981 15.0033 
18.2953 15.0037 
18.3909 15.0039 
18.485 15.004 
18.5791 15.0042 
18.6732 15.0043 
18.7674 15.0044 
18.8615 15.0045 
18.9556 15.0047 
19.0497 15.0048 
19.1438 15.0049 
19.2379 15.005 
19.332 15.0051 
19.4262 15.0053 
19.5203 15.0054 
19.6171 15.0054 
19.7166 15.0053 
19.8188 15.005 
19.9238 15.0047 
20.0314 15.0042 
20.139 15.0037 
20.2466 15.0033 
20.3543 15.0028 
20.4619 15.0023 
20.5695 15.0019 
20.6771 15.0014 
20.7848 15.0009 
20.8924 15.0005 
21 15 

20.0001,0.959666,0.391952,"1;1.1;1.2;1.3;1.4;1.5;1.6;1.7;1.8;1.9;2;2.1;2.2;2.3;2.4;2.5;2.6;2.7;2.8;2.90028;3.00083;3.10167;3.20278;3.30417;3.40556;3.50695;3.60833;3.70972;3.81111;3.9125;4.01389;4.11735;4.22289;4.33049;4.44017;4.54964;4.65683;4.76174;4.86437;4.96472;5.06507;5.16542;5.26577;5.36612;5.46647;5.56895;5.67354;5.77937;5.88643;5.99472;6.10211;6.20861;6.32324;6.43478;6.54324;6.64862;6.75091;6.842;6.93308;7.02547;7.11916;7.21416;7.31047;7.40808;7.5057;7.60331;7.70092;7.79854;7.89615;7.99376;8.09138;8.18991;8.28937;8.38976;8.49106;8.59329;8.69552;8.79775;8.89998;9.00221;9.10444;9.20714;9.31031;9.41395;9.51807;9.62265;9.72724;9.83182;9.93641;10.0398;10.1421;10.2432;10.3431;10.4419;10.5407;10.6395;10.7382;10.8378;10.9381;11.0392;11.1411;11.2438;11.3465;11.4492;11.5519;11.6545;11.7572;11.8584;11.9581;12.0563;12.153;12.2482;12.3434;12.4386;12.5339;12.6291;12.7243;12.8195;12.9147;13.0114;13.1097;13.2094;13.3107;13.4135;13.5162;13.619;13.7218;13.8246;13.9274;14.0302;14.1299;14.2267;14.3205;14.4113;14.5012;14.5934;14.6878;14.7844;14.8831;14.9819;15.0807;15.1794;15.2782;15.377;15.4757;15.5745;15.6733;15.7721;15.871;15.9699;16.069;16.1678;16.2663;16.3646;16.4626;16.5604;16.6581;16.7576;16.8587;16.9615;17.066;17.1722;17.2784;17.3837;17.4881;17.5916;17.6942;17.7959;17.8976;17.9993;18.0995;18.1981;18.2953;18.3909;18.485;18.5791;18.6732;18.7674;18.8615;18.9556;19.0497;19.1438;19.2379;19.332;19.4262;19.5203;19.6171;19.7166;19.8188;19.9238;20.0314;20.139;20.2466;20.3543;20.4619;20.5695;20.6771;20.7848;20.8924;21","15;15;15;15;15;15;15;15;15;15;15;15;15;15;15;15;15;15;15;14.9999;14.9997;14.9994;14.999;14.9985;14.998;14.9974;14.9969;14.9964;14.9959;14.9954;14.9949;14.9945;14.9942;14.994;14.9939;14.9939;14.9937;14.9935;14.9932;14.9928;14.9924;14.992;14.9916;14.9911;14.9907;14.9904;14.9901;14.9897;14.9893;14.9888;14.9883;14.9876;14.9871;14.9869;14.9868;14.987;14.9874;14.9879;14.9883;14.9889;14.9895;14.9902;14.991;14.9919;14.9928;14.9937;14.9945;14.9954;14.9963;14.9972;14.9981;14.9989;14.9996;15.0003;15.0009;15.0014;15.0019;15.0024;15.0029;15.0034;15.004;15.0043;15.0044;15.0044;15.0041;15.0037;15.0033;15.0029;15.0025;15.0021;15.0017;15.0013;15.001;15.0007;15.0004;15;14.9997;14.9995;14.9993;14.9992;14.9992;14.9992;14.9993;14.9993;14.9994;14.9994;14.9994;14.9995;14.9995;14.9994;14.9994;14.9993;14.9992;14.9992;14.9991;14.999;14.999;14.9989;14.9988;14.9987;14.9985;14.9983;14.9981;14.9977;14.9974;14.9971;14.9968;14.9965;14.9962;14.9958;14.9955;14.995;14.9946;14.994;14.9936;14.9934;14.9934;14.9936;14.994;14.9944;14.9948;14.9952;14.9956;14.996;14.9964;14.9968;14.9971;14.9975;14.9977;14.9979;14.9981;14.9982;14.9983;14.9984;14.9985;14.9987;14.9989;14.999;14.999;14.999;14.9989;14.9988;14.9987;14.9987;14.9989;14.9993;14.9999;15.0007;15.0014;15.0022;15.0028;15.0033;15.0037;15.0039;15.004;15.0042;15.0043;15.0044;15.0045;15.0047;15.0048;15.0049;15.005;15.0051;15.0053;15.0054;15.0054;15.0053;15.005;15.0047;15.0042;15.0037;15.0033;15.0028;15.0023;15.0019;15.0014;15.0009;15.0005;15",20.0001,"1;0;0"
