1 15 
1.09891 15.0001 
1.19782 15.0003 
1.29673 15.0004 
1.39565 15.0006 
1.49456 15.0007 
1.59347 15.0009 
1.69238 15.001 
1.79129 15.0012 
1.8902 15.0013 
1.98911 15.0015 
2.08803 15.0016 
2.18694 15.0018 
2.28585 15.0019 
2.38476 15.0021 
2.48367 15.0022 
2.58258 15.0024 
2.68133 15.0026 
2.7799 15.0029 
2.87831 15.0033 
2.97655 15.0037 
3.07462 15.0042 
3.17269 15.0048 
3.27076 15.0053 
3.36883 15.0059 
3.4669 15.0064 
3.56496 15.0069 
3.66303 15.0075 
3.7611 15.008 
3.85917 15.0085 
3.95724 15.0091 
4.05702 15.0099 
4.1585 15.0109 
4.26168 15.0123 
4.36657 15.0139 
4.47316 15.0158 
4.57975 15.0177 
4.68634 15.0196 
4.79294 15.0215 
4.89953 15.0234 
5.00387 15.0253 
5.10596 15.0272 
5.20581 15.0291 
5.3034 15.031 
5.39874 15.0329 
5.49409 15.0348 
5.58943 15.0367 
5.68703 15.0387 
5.78688 15.0408 
5.88898 15.043 
5.99333 15.0453 
6.09994 15.0478 
6.20647 15.0503 
6.31291 15.053 
6.41928 15.0557 
6.52556 15.0585 
6.63177 15.0615 
6.73797 15.0645 
6.84418 15.0674 
6.95038 15.0704 
7.05658 15.0733 
7.16279 15.0763 
7.26871 15.0794 
7.37436 15.0827 
7.47973 15.0862 
7.58481 15.0899 
7.68962 15.0938 
7.79443 15.0977 
7.89924 15.1016 
8.0016 15.1054 
8.10152 15.1092 
8.199 15.113 
8.29513 15.1172 
8.38991 15.1216 
8.48578 15.1263 
8.58274 15.1313 
8.6808 15.1366 
8.77886 15.142 
8.87691 15.1473 
8.97497 15.1527 
9.07303 15.158 
9.17108 15.1634 
9.26914 15.1687 
9.3672 15.1741 
9.46525 15.1794 
9.56331 15.1848 
9.66122 15.1904 
9.75898 15.1964 
9.85659 15.2027 
9.95405 15.2094 
10.0514 15.2163 
10.1487 15.2233 
10.246 15.2302 
10.3433 15.2372 
10.4407 15.2443 
10.5382 15.2517 
10.6357 15.2593 
10.7333 15.2671 
10.831 15.2751 
10.9287 15.2831 
11.0264 15.291 
11.1241 15.299 
11.2218 15.307 
11.3195 15.315 
11.4172 15.323 
11.5152 15.3313 
11.6135 15.3397 
11.7121 15.3485 
11.8111 15.3574 
11.9103 15.3667 
12.01 15.376 
12.1104 15.3856 
12.2115 15.3954 
12.3132 15.4055 
12.4156 15.4159 
12.5183 15.4264 
12.621 15.4368 
12.7236 15.4473 
12.825 15.4579 
12.9252 15.4686 
13.0241 15.4794 
13.1217 15.4904 
13.218 15.5015 
13.3156 15.5129 
13.4146 15.5245 
13.5148 15.5363 
13.6164 15.5484 
13.7192 15.5608 
13.8221 15.5731 
13.9245 15.5859 
14.0265 15.5992 
14.1281 15.6129 
14.2293 15.6271 
14.33 15.6418 
14.4308 15.6565 
14.5315 15.6711 
14.6323 15.6858 
14.733 15.7005 
14.8338 15.7151 
14.9345 15.7298 
15.0353 15.7445 
15.136 15.7591 
15.2368 15.7738 
15.3375 15.7885 
15.4383 15.8031 
15.5386 15.8177 
15.6386 15.8321 
15.7382 15.8464 
15.8374 15.8605 
15.9362 15.8745 
16.035 15.8886 
16.1339 15.9015 
16.233 15.9133 
16.3322 15.924 
16.4314 15.9336 
16.5308 15.9421 
16.6287 15.9494 
16.725 15.9555 
16.8198 15.9603 
16.913 15.9639 
17.0103 15.9655 
17.1133 15.9662 
17.219 15.9652 
17.3274 15.9624 
17.4386 15.958 
17.5478 15.9521 
17.655 15.9449 
17.7632 15.9371 
17.8718 15.9275 
17.981 15.9161 
18.0898 15.9035 
18.198 15.8896 
18.3058 15.8745 
18.4157 15.8584 
18.5278 15.8415 
18.6368 15.8239 
18.7427 15.8058 
18.8455 15.7872 
18.9457 15.7677 
19.0433 15.7473 
19.1435 15.7256 
19.2453 15.7011 
19.3486 15.6739 
19.4507 15.6451 
19.5516 15.6147 
19.6479 15.5836 
19.7407 15.5532 
19.8308 15.5227 
19.918 15.4921 
20.0025 15.4614 
20.0902 15.4276 
20.1813 15.3909 
20.275 15.352 
20.3714 15.3109 
20.4646 15.2692 
20.5521 15.2291 
20.6487 15.1823 
20.7546 15.1288 
20.8547 15.0768 
21 15 

20.2082,0.958408,0.446142,"1;1.09891;1.19782;1.29673;1.39565;1.49456;1.59347;1.69238;1.79129;1.8902;1.98911;2.08803;2.18694;2.28585;2.38476;2.48367;2.58258;2.68133;2.7799;2.87831;2.97655;3.07462;3.17269;3.27076;3.36883;3.4669;3.56496;3.66303;3.7611;3.85917;3.95724;4.05702;4.1585;4.26168;4.36657;4.47316;4.57975;4.68634;4.79294;4.89953;5.00387;5.10596;5.20581;5.3034;5.39874;5.49409;5.58943;5.68703;5.78688;5.88898;5.99333;6.09994;6.20647;6.31291;6.41928;6.52556;6.63177;6.73797;6.84418;6.95038;7.05658;7.16279;7.26871;7.37436;7.47973;7.58481;7.68962;7.79443;7.89924;8.0016;8.10152;8.199;8.29513;8.38991;8.48578;8.58274;8.6808;8.77886;8.87691;8.97497;9.07303;9.17108;9.26914;9.3672;9.46525;9.56331;9.66122;9.75898;9.85659;9.95405;10.0514;10.1487;10.246;10.3433;10.4407;10.5382;10.6357;10.7333;10.831;10.9287;11.0264;11.1241;11.2218;11.3195;11.4172;11.5152;11.6135;11.7121;11.8111;11.9103;12.01;12.1104;12.2115;12.3132;12.4156;12.5183;12.621;12.7236;12.825;12.9252;13.0241;13.1217;13.218;13.3156;13.4146;13.5148;13.6164;13.7192;13.8221;13.9245;14.0265;14.1281;14.2293;14.33;14.4308;14.5315;14.6323;14.733;14.8338;14.9345;15.0353;15.136;15.2368;15.3375;15.4383;15.5386;15.6386;15.7382;15.8374;15.9362;16.035;16.1339;16.233;16.3322;16.4314;16.5308;16.6287;16.725;16.8198;16.913;17.0103;17.1133;17.219;17.3274;17.4386;17.5478;17.655;17.7632;17.8718;17.981;18.0898;18.198;18.3058;18.4157;18.5278;18.6368;18.7427;18.8455;18.9457;19.0433;19.1435;19.2453;19.3486;19.4507;19.5516;19.6479;19.7407;19.8308;19.918;20.0025;20.0902;20.1813;20.275;20.3714;20.4646;20.5521;20.6487;20.7546;20.8547;21","15;15.0001;15.0003;15.0004;15.0006;15.0007;15.0009;15.001;15.0012;15.0013;15.0015;15.0016;15.0018;15.0019;15.0021;15.0022;15.0024;15.0026;15.0029;15.0033;15.0037;15.0042;15.0048;15.0053;15.0059;15.0064;15.0069;15.0075;15.008;15.0085;15.0091;15.0099;15.0109;15.0123;15.0139;15.0158;15.0177;15.0196;15.0215;15.0234;15.0253;15.0272;15.0291;15.031;15.0329;15.0348;15.0367;15.0387;15.0408;15.043;15.0453;15.0478;15.0503;15.053;15.0557;15.0585;15.0615;15.0645;15.0674;15.0704;15.0733;15.0763;15.0794;15.0827;15.0862;15.0899;15.0938;15.0977;15.1016;15.1054;15.1092;15.113;15.1172;15.1216;15.1263;15.1313;15.1366;15.142;15.1473;15.1527;15.158;15.1634;15.1687;15.1741;15.1794;15.1848;15.1904;15.1964;15.2027;15.2094;15.2163;15.2233;15.2302;15.2372;15.2443;15.2517;15.2593;15.2671;15.2751;15.2831;15.291;15.299;15.307;15.315;15.323;15.3313;15.3397;15.3485;15.3574;15.3667;15.376;15.3856;15.3954;15.4055;15.4159;15.4264;15.4368;15.4473;15.4579;15.4686;15.4794;15.4904;15.5015;15.5129;15.5245;15.5363;15.5484;15.5608;15.5731;15.5859;15.5992;15.6129;15.6271;15.6418;15.6565;15.6711;15.6858;15.7005;15.7151;15.7298;15.7445;15.7591;15.7738;15.7885;15.8031;15.8177;15.8321;15.8464;15.8605;15.8745;15.8886;15.9015;15.9133;15.924;15.9336;15.9421;15.9494;15.9555;15.9603;15.9639;15.9655;15.9662;15.9652;15.9624;15.958;15.9521;15.9449;15.9371;15.9275;15.9161;15.9035;15.8896;15.8745;15.8584;15.8415;15.8239;15.8058;15.7872;15.7677;15.7473;15.7256;15.7011;15.6739;15.6451;15.6147;15.5836;15.5532;15.5227;15.4921;15.4614;15.4276;15.3909;15.352;15.3109;15.2692;15.2291;15.1823;15.1288;15.0768;15",0.958408,"0;1;0"
