1 15 
1.10473 14.9998 
1.20947 14.9997 
1.3142 14.9995 
1.41894 14.9994 
1.52367 14.9992 
1.62841 14.999 
1.73314 14.9989 
1.83788 14.9987 
1.94184 14.9987 
2.04504 14.999 
2.14747 14.9994 
2.24914 14.9999 
2.35004 15.0007 
2.45093 15.0015 
2.55183 15.0023 
2.65273 15.0031 
2.75362 15.0038 
2.85452 15.0046 
2.95542 15.0054 
3.05631 15.0062 
3.15721 15.0069 
3.25801 15.0079 
3.35872 15.009 
3.45933 15.0103 
3.55985 15.0118 
3.66027 15.0135 
3.76069 15.0151 
3.86111 15.0168 
3.96154 15.0184 
4.06196 15.0201 
4.16238 15.0217 
4.2628 15.0234 
4.36322 15.0251 
4.46364 15.0267 
4.56363 15.0283 
4.66319 15.0299 
4.76231 15.0315 
4.861 15.033 
4.95925 15.0344 
5.0575 15.0359 
5.15576 15.0374 
5.25401 15.0388 
5.35227 15.0403 
5.45052 15.0418 
5.54877 15.0433 
5.64703 15.0447 
5.74528 15.0462 
5.84353 15.0477 
5.94229 15.0495 
6.04154 15.0517 
6.14128 15.0543 
6.24153 15.0572 
6.34227 15.0605 
6.44301 15.0638 
6.54376 15.0671 
6.6445 15.0704 
6.74524 15.0737 
6.84598 15.077 
6.94673 15.0803 
7.04747 15.0836 
7.14821 15.0869 
7.24896 15.0902 
7.3497 15.0935 
7.45044 15.0968 
7.55129 15.1003 
7.65225 15.104 
7.75332 15.108 
7.8545 15.1122 
7.95579 15.1166 
8.05708 15.121 
8.15837 15.1254 
8.25966 15.1299 
8.36095 15.1343 
8.46224 15.1387 
8.56277 15.1431 
8.6619 15.1476 
8.75963 15.1522 
8.85597 15.1569 
8.95091 15.1617 
9.04521 15.1666 
9.13951 15.1715 
9.23657 15.1768 
9.33639 15.1827 
9.43898 15.189 
9.54433 15.1958 
9.65244 15.203 
9.75875 15.2101 
9.86324 15.217 
9.96592 15.2238 
10.0668 15.2303 
10.1659 15.2367 
10.2649 15.2431 
10.364 15.2494 
10.4619 15.2563 
10.5587 15.2638 
10.6544 15.2717 
10.7489 15.2802 
10.8423 15.2892 
10.9357 15.2983 
11.0323 15.3072 
11.1321 15.3161 
11.2352 15.325 
11.3414 15.3338 
11.4509 15.3426 
11.5594 15.3516 
11.6671 15.3609 
11.7739 15.3704 
11.8799 15.3802 
11.9849 15.3902 
12.0889 15.4 
12.1916 15.4094 
12.2933 15.4186 
12.3938 15.4275 
12.4936 15.4364 
12.594 15.4458 
12.6948 15.4554 
12.7962 15.4654 
12.8981 15.4758 
12.9982 15.4862 
13.0964 15.4966 
13.1929 15.5071 
13.2875 15.5175 
13.3803 15.528 
13.4741 15.5387 
13.5688 15.5497 
13.6645 15.561 
13.7612 15.5725 
13.8588 15.5843 
13.9565 15.5961 
14.0541 15.6079 
14.1523 15.6202 
14.2512 15.633 
14.3507 15.6463 
14.4509 15.6601 
14.5517 15.6744 
14.6528 15.6888 
14.7543 15.7032 
14.8562 15.7176 
14.9585 15.7321 
15.0612 15.7467 
15.1638 15.7612 
15.2665 15.7758 
15.369 15.7907 
15.4712 15.806 
15.5733 15.8215 
15.6752 15.8375 
15.7769 15.8537 
15.8786 15.87 
15.9848 15.8858 
16.0956 15.9011 
16.2077 15.9149 
16.3213 15.9274 
16.4363 15.9385 
16.547 15.9473 
16.6535 15.9539 
16.7589 15.9591 
16.8615 15.9622 
16.9615 15.963 
17.0599 15.9629 
17.1567 15.9618 
17.252 15.9599 
17.3485 15.9575 
17.4412 15.9548 
17.5301 15.9517 
17.6221 15.9471 
17.7174 15.941 
17.8146 15.9338 
17.9188 15.9253 
18.03 15.9156 
18.1356 15.9055 
18.2356 15.895 
18.3339 15.882 
18.4305 15.8666 
18.5255 15.8488 
18.6244 15.829 
18.7273 15.8071 
18.8301 15.7853 
18.933 15.7634 
19.0374 15.7397 
19.1434 15.7142 
19.2511 15.6868 
19.354 15.6589 
19.4522 15.6305 
19.5441 15.6035 
19.6357 15.5747 
19.7268 15.5441 
19.8238 15.5104 
19.9226 15.474 
20.0234 15.4349 
20.12 15.3963 
20.2127 15.3581 
20.3033 15.319 
20.3967 15.2779 
20.4929 15.2349 
20.5917 15.1899 
20.6933 15.1429 
20.7955 15.0953 
20.8978 15.0476 
21 15 

20.2042,0.958412,0.446637,"1;1.10473;1.20947;1.3142;1.41894;1.52367;1.62841;1.73314;1.83788;1.94184;2.04504;2.14747;2.24914;2.35004;2.45093;2.55183;2.65273;2.75362;2.85452;2.95542;3.05631;3.15721;3.25801;3.35872;3.45933;3.55985;3.66027;3.76069;3.86111;3.96154;4.06196;4.16238;4.2628;4.36322;4.46364;4.56363;4.66319;4.76231;4.861;4.95925;5.0575;5.15576;5.25401;5.35227;5.45052;5.54877;5.64703;5.74528;5.84353;5.94229;6.04154;6.14128;6.24153;6.34227;6.44301;6.54376;6.6445;6.74524;6.84598;6.94673;7.04747;7.14821;7.24896;7.3497;7.45044;7.55129;7.65225;7.75332;7.8545;7.95579;8.05708;8.15837;8.25966;8.36095;8.46224;8.56277;8.6619;8.75963;8.85597;8.95091;9.04521;9.13951;9.23657;9.33639;9.43898;9.54433;9.65244;9.75875;9.86324;9.96592;10.0668;10.1659;10.2649;10.364;10.4619;10.5587;10.6544;10.7489;10.8423;10.9357;11.0323;11.1321;11.2352;11.3414;11.4509;11.5594;11.6671;11.7739;11.8799;11.9849;12.0889;12.1916;12.2933;12.3938;12.4936;12.594;12.6948;12.7962;12.8981;12.9982;13.0964;13.1929;13.2875;13.3803;13.4741;13.5688;13.6645;13.7612;13.8588;13.9565;14.0541;14.1523;14.2512;14.3507;14.4509;14.5517;14.6528;14.7543;14.8562;14.9585;15.0612;15.1638;15.2665;15.369;15.4712;15.5733;15.6752;15.7769;15.8786;15.9848;16.0956;16.2077;16.3213;16.4363;16.547;16.6535;16.7589;16.8615;16.9615;17.0599;17.1567;17.252;17.3485;17.4412;17.5301;17.6221;17.7174;17.8146;17.9188;18.03;18.1356;18.2356;18.3339;18.4305;18.5255;18.6244;18.7273;18.8301;18.933;19.0374;19.1434;19.2511;19.354;19.4522;19.5441;19.6357;19.7268;19.8238;19.9226;20.0234;20.12;20.2127;20.3033;20.3967;20.4929;20.5917;20.6933;20.7955;20.8978;21","15;14.9998;14.9997;14.9995;14.9994;14.9992;14.999;14.9989;14.9987;14.9987;14.999;14.9994;14.9999;15.0007;15.0015;15.0023;15.0031;15.0038;15.0046;15.0054;15.0062;15.0069;15.0079;15.009;15.0103;15.0118;15.0135;15.0151;15.0168;15.0184;15.0201;15.0217;15.0234;15.0251;15.0267;15.0283;15.0299;15.0315;15.033;15.0344;15.0359;15.0374;15.0388;15.0403;15.0418;15.0433;15.0447;15.0462;15.0477;15.0495;15.0517;15.0543;15.0572;15.0605;15.0638;15.0671;15.0704;15.0737;15.077;15.0803;15.0836;15.0869;15.0902;15.0935;15.0968;15.1003;15.104;15.108;15.1122;15.1166;15.121;15.1254;15.1299;15.1343;15.1387;15.1431;15.1476;15.1522;15.1569;15.1617;15.1666;15.1715;15.1768;15.1827;15.189;15.1958;15.203;15.2101;15.217;15.2238;15.2303;15.2367;15.2431;15.2494;15.2563;15.2638;15.2717;15.2802;15.2892;15.2983;15.3072;15.3161;15.325;15.3338;15.3426;15.3516;15.3609;15.3704;15.3802;15.3902;15.4;15.4094;15.4186;15.4275;15.4364;15.4458;15.4554;15.4654;15.4758;15.4862;15.4966;15.5071;15.5175;15.528;15.5387;15.5497;15.561;15.5725;15.5843;15.5961;15.6079;15.6202;15.633;15.6463;15.6601;15.6744;15.6888;15.7032;15.7176;15.7321;15.7467;15.7612;15.7758;15.7907;15.806;15.8215;15.8375;15.8537;15.87;15.8858;15.9011;15.9149;15.9274;15.9385;15.9473;15.9539;15.9591;15.9622;15.963;15.9629;15.9618;15.9599;15.9575;15.9548;15.9517;15.9471;15.941;15.9338;15.9253;15.9156;15.9055;15.895;15.882;15.8666;15.8488;15.829;15.8071;15.7853;15.7634;15.7397;15.7142;15.6868;15.6589;15.6305;15.6035;15.5747;15.5441;15.5104;15.474;15.4349;15.3963;15.3581;15.319;15.2779;15.2349;15.1899;15.1429;15.0953;15.0476;15",0.958412,"0;1;0"
