1 15 
1.09672 15.0105 
1.19344 15.021 
1.29016 15.0315 
1.38688 15.042 
1.4836 15.0525 
1.58032 15.063 
1.67704 15.0735 
1.77493 15.0843 
1.874 15.0953 
1.97424 15.1066 
2.07566 15.1181 
2.17825 15.1299 
2.28084 15.1417 
2.38343 15.1535 
2.48602 15.1653 
2.58861 15.1771 
2.69175 15.1889 
2.79543 15.2009 
2.89965 15.2129 
3.00442 15.2249 
3.10974 15.2371 
3.21506 15.2492 
3.32037 15.2613 
3.42569 15.2735 
3.53101 15.2856 
3.63461 15.2975 
3.73649 15.3092 
3.83666 15.3207 
3.93511 15.3319 
4.03184 15.3429 
4.12857 15.3539 
4.2253 15.3649 
4.32204 15.376 
4.41877 15.387 
4.51634 15.3979 
4.61476 15.4087 
4.71401 15.4194 
4.81411 15.43 
4.91505 15.4406 
5.01673 15.4513 
5.11914 15.4622 
5.2223 15.4733 
5.3262 15.4846 
5.43084 15.496 
5.53547 15.5075 
5.63817 15.5186 
5.73893 15.5293 
5.83775 15.5397 
5.93463 15.5496 
6.02957 15.5592 
6.12451 15.5688 
6.21945 15.5784 
6.31489 15.5882 
6.41084 15.5983 
6.5073 15.6087 
6.60426 15.6193 
6.70173 15.6302 
6.79919 15.641 
6.89666 15.6519 
6.99565 15.6631 
7.09615 15.6747 
7.19817 15.6866 
7.30172 15.6989 
7.40678 15.7115 
7.51184 15.7242 
7.6169 15.7368 
7.72196 15.7494 
7.82629 15.762 
7.92988 15.7744 
8.03275 15.7867 
8.13488 15.7988 
8.23628 15.8109 
8.33768 15.823 
8.43908 15.8351 
8.54048 15.8471 
8.64188 15.8592 
8.74352 15.8713 
8.8454 15.8834 
8.94752 15.8954 
9.04989 15.9075 
9.15249 15.9196 
9.2551 15.9317 
9.35677 15.9436 
9.4575 15.9551 
9.55729 15.9664 
9.65614 15.9774 
9.75406 15.9881 
9.85198 15.9989 
9.94989 16.0096 
10.0478 16.0203 
10.1457 16.031 
10.2436 16.0418 
10.3416 16.0525 
10.4395 16.0632 
10.541 16.0739 
10.646 16.0845 
10.7547 16.0951 
10.8645 16.1017 
10.9754 16.1042 
11.0839 16.1027 
11.1899 16.0972 
11.2935 16.0878 
11.3971 16.0783 
11.5006 16.0688 
11.6042 16.0594 
11.7059 16.0498 
11.8058 16.04 
11.9038 16.0301 
11.9999 16.02 
12.0942 16.0098 
12.1904 15.9992 
12.2885 15.9883 
12.3884 15.977 
12.4903 15.9654 
12.594 15.9535 
12.6978 15.9415 
12.8016 15.9295 
12.9053 15.9176 
13.0091 15.9056 
13.1119 15.8935 
13.2139 15.8814 
13.3149 15.8693 
13.415 15.857 
13.5143 15.8447 
13.6135 15.8324 
13.7127 15.8201 
13.8119 15.8077 
13.9111 15.7954 
14.0104 15.7831 
14.1096 15.7708 
14.2076 15.7587 
14.3043 15.7469 
14.3998 15.7354 
14.494 15.724 
14.587 15.713 
14.68 15.7019 
14.773 15.6908 
14.8668 15.6799 
14.9614 15.669 
15.0568 15.6581 
15.153 15.6474 
15.2501 15.6367 
15.3471 15.6261 
15.4442 15.6154 
15.5424 15.6047 
15.6418 15.5938 
15.7423 15.5829 
15.8441 15.5719 
15.9453 15.5609 
16.0449 15.55 
16.1427 15.5392 
16.2389 15.5286 
16.3334 15.518 
16.4278 15.5075 
16.5223 15.4969 
16.6165 15.4865 
16.7104 15.4762 
16.804 15.4659 
16.8973 15.4558 
16.9903 15.4458 
17.0833 15.4358 
17.1775 15.4257 
17.273 15.4154 
17.3697 15.405 
17.4676 15.3945 
17.5667 15.3838 
17.6659 15.3731 
17.765 15.3624 
17.8641 15.3517 
17.9633 15.3412 
18.0625 15.3308 
18.1617 15.3204 
18.261 15.3101 
18.3602 15.2998 
18.4591 15.2893 
18.5576 15.2785 
18.6558 15.2674 
18.7536 15.2561 
18.851 15.2445 
18.9485 15.2329 
19.0459 15.2213 
19.1433 15.2097 
19.2408 15.1982 
19.3382 15.1866 
19.4377 15.175 
19.5391 15.1634 
19.6426 15.1518 
19.748 15.1401 
19.8555 15.1285 
19.9629 15.1169 
20.0704 15.1052 
20.1778 15.0936 
20.2881 15.0815 
20.4011 15.0689 
20.517 15.0558 
20.6356 15.0422 
20.7571 15.0281 
20.8785 15.0141 
21 15 

20.1232,168.144,0.381184,"1;1.09672;1.19344;1.29016;1.38688;1.4836;1.58032;1.67704;1.77493;1.874;1.97424;2.07566;2.17825;2.28084;2.38343;2.48602;2.58861;2.69175;2.79543;2.89965;3.00442;3.10974;3.21506;3.32037;3.42569;3.53101;3.63461;3.73649;3.83666;3.93511;4.03184;4.12857;4.2253;4.32204;4.41877;4.51634;4.61476;4.71401;4.81411;4.91505;5.01673;5.11914;5.2223;5.3262;5.43084;5.53547;5.63817;5.73893;5.83775;5.93463;6.02957;6.12451;6.21945;6.31489;6.41084;6.5073;6.60426;6.70173;6.79919;6.89666;6.99565;7.09615;7.19817;7.30172;7.40678;7.51184;7.6169;7.72196;7.82629;7.92988;8.03275;8.13488;8.23628;8.33768;8.43908;8.54048;8.64188;8.74352;8.8454;8.94752;9.04989;9.15249;9.2551;9.35677;9.4575;9.55729;9.65614;9.75406;9.85198;9.94989;10.0478;10.1457;10.2436;10.3416;10.4395;10.541;10.646;10.7547;10.8645;10.9754;11.0839;11.1899;11.2935;11.3971;11.5006;11.6042;11.7059;11.8058;11.9038;11.9999;12.0942;12.1904;12.2885;12.3884;12.4903;12.594;12.6978;12.8016;12.9053;13.0091;13.1119;13.2139;13.3149;13.415;13.5143;13.6135;13.7127;13.8119;13.9111;14.0104;14.1096;14.2076;14.3043;14.3998;14.494;14.587;14.68;14.773;14.8668;14.9614;15.0568;15.153;15.2501;15.3471;15.4442;15.5424;15.6418;15.7423;15.8441;15.9453;16.0449;16.1427;16.2389;16.3334;16.4278;16.5223;16.6165;16.7104;16.804;16.8973;16.9903;17.0833;17.1775;17.273;17.3697;17.4676;17.5667;17.6659;17.765;17.8641;17.9633;18.0625;18.1617;18.261;18.3602;18.4591;18.5576;18.6558;18.7536;18.851;18.9485;19.0459;19.1433;19.2408;19.3382;19.4377;19.5391;19.6426;19.748;19.8555;19.9629;20.0704;20.1778;20.2881;20.4011;20.517;20.6356;20.7571;20.8785;21","15;15.0105;15.021;15.0315;15.042;15.0525;15.063;15.0735;15.0843;15.0953;15.1066;15.1181;15.1299;15.1417;15.1535;15.1653;15.1771;15.1889;15.2009;15.2129;15.2249;15.2371;15.2492;15.2613;15.2735;15.2856;15.2975;15.3092;15.3207;15.3319;15.3429;15.3539;15.3649;15.376;15.387;15.3979;15.4087;15.4194;15.43;15.4406;15.4513;15.4622;15.4733;15.4846;15.496;15.5075;15.5186;15.5293;15.5397;15.5496;15.5592;15.5688;15.5784;15.5882;15.5983;15.6087;15.6193;15.6302;15.641;15.6519;15.6631;15.6747;15.6866;15.6989;15.7115;15.7242;15.7368;15.7494;15.762;15.7744;15.7867;15.7988;15.8109;15.823;15.8351;15.8471;15.8592;15.8713;15.8834;15.8954;15.9075;15.9196;15.9317;15.9436;15.9551;15.9664;15.9774;15.9881;15.9989;16.0096;16.0203;16.031;16.0418;16.0525;16.0632;16.0739;16.0845;16.0951;16.1017;16.1042;16.1027;16.0972;16.0878;16.0783;16.0688;16.0594;16.0498;16.04;16.0301;16.02;16.0098;15.9992;15.9883;15.977;15.9654;15.9535;15.9415;15.9295;15.9176;15.9056;15.8935;15.8814;15.8693;15.857;15.8447;15.8324;15.8201;15.8077;15.7954;15.7831;15.7708;15.7587;15.7469;15.7354;15.724;15.713;15.7019;15.6908;15.6799;15.669;15.6581;15.6474;15.6367;15.6261;15.6154;15.6047;15.5938;15.5829;15.5719;15.5609;15.55;15.5392;15.5286;15.518;15.5075;15.4969;15.4865;15.4762;15.4659;15.4558;15.4458;15.4358;15.4257;15.4154;15.405;15.3945;15.3838;15.3731;15.3624;15.3517;15.3412;15.3308;15.3204;15.3101;15.2998;15.2893;15.2785;15.2674;15.2561;15.2445;15.2329;15.2213;15.2097;15.1982;15.1866;15.175;15.1634;15.1518;15.1401;15.1285;15.1169;15.1052;15.0936;15.0815;15.0689;15.0558;15.0422;15.0281;15.0141;15",20.1232,"1;0;0"
