1 15 
1.77711 14.9952 
2.09628 14.9979 
2.75225 15.0059 
3.37019 14.9974 
4.23554 15.0071 
5.20883 15.016 
6.06976 15.0637 
6.76013 15.0952 
7.3182 15.1452 
7.67063 15.1607 
8.39949 15.1969 
9.12547 15.2603 
9.87116 15.3233 
10.8211 15.3651 
11.611 15.3942 
12.5085 15.4622 
13.3835 15.5871 
13.7358 15.5973 
14.5662 15.7153 
15.4713 15.7948 
16.4149 15.9429 
17.3311 15.9528 
17.6389 15.9437 
18.5247 15.7989 
18.9082 15.7184 
19.3691 15.6017 
19.6211 15.5289 
20.0777 15.3731 
21 15 

20.1912,0.958531,0.8345,"1;1.77711;2.09628;2.75225;3.37019;4.23554;5.20883;6.06976;6.76013;7.3182;7.67063;8.39949;9.12547;9.87116;10.8211;11.611;12.5085;13.3835;13.7358;14.5662;15.4713;16.4149;17.3311;17.6389;18.5247;18.9082;19.3691;19.6211;20.0777;21","15;14.9952;14.9979;15.0059;14.9974;15.0071;15.016;15.0637;15.0952;15.1452;15.1607;15.1969;15.2603;15.3233;15.3651;15.3942;15.4622;15.5871;15.5973;15.7153;15.7948;15.9429;15.9528;15.9437;15.7989;15.7184;15.6017;15.5289;15.3731;15",0.958531,"0;1;0"
