1 15 
1.09867 15.0007 
1.19733 15.0014 
1.296 15.0021 
1.39466 15.0028 
1.49333 15.0035 
1.592 15.0042 
1.69066 15.0049 
1.78933 15.0056 
1.888 15.0063 
1.98666 15.007 
2.08533 15.0077 
2.18399 15.0084 
2.28266 15.0091 
2.38133 15.0098 
2.47999 15.0105 
2.57866 15.0112 
2.67732 15.0119 
2.77599 15.0126 
2.87433 15.0132 
2.97233 15.0138 
3.07001 15.0143 
3.16736 15.0147 
3.26438 15.015 
3.36139 15.0153 
3.45841 15.0157 
3.55543 15.016 
3.65245 15.0163 
3.74947 15.0167 
3.84648 15.017 
3.9435 15.0173 
4.04052 15.0176 
4.13902 15.018 
4.23901 15.0184 
4.34048 15.0188 
4.44344 15.0192 
4.54789 15.0197 
4.65233 15.0201 
4.75678 15.0206 
4.86122 15.021 
4.96567 15.0215 
5.07011 15.0219 
5.174 15.0224 
5.27733 15.0229 
5.38009 15.0234 
5.4823 15.0239 
5.58395 15.0244 
5.6856 15.0249 
5.78724 15.0254 
5.88877 15.0257 
5.99019 15.0257 
6.09148 15.0255 
6.19266 15.0251 
6.29372 15.0245 
6.39478 15.0239 
6.49584 15.0233 
6.5969 15.0226 
6.69796 15.022 
6.79902 15.0214 
6.90026 15.0207 
7.00168 15.0201 
7.10327 15.0194 
7.20505 15.0188 
7.307 15.0181 
7.40895 15.0174 
7.5096 15.0169 
7.60896 15.0164 
7.70702 15.016 
7.80379 15.0158 
7.89926 15.0156 
7.99473 15.0154 
8.0902 15.0152 
8.18775 15.0153 
8.28738 15.0156 
8.38909 15.0161 
8.49288 15.0169 
8.59874 15.018 
8.70491 15.0186 
8.81138 15.0187 
8.91815 15.0185 
9.02522 15.0178 
9.13259 15.0167 
9.23996 15.0155 
9.34459 15.0148 
9.4465 15.0144 
9.54567 15.0143 
9.64223 15.0143 
9.73618 15.0144 
9.83025 15.0141 
9.92444 15.0136 
10.0188 15.0127 
10.1131 15.0119 
10.2074 15.011 
10.3038 15.0102 
10.4025 15.0095 
10.5033 15.0087 
10.6062 15.0081 
10.7114 15.0074 
10.8165 15.0068 
10.9216 15.0061 
11.0246 15.0057 
11.1255 15.0054 
11.2243 15.0054 
11.321 15.0056 
11.4155 15.0059 
11.5101 15.0063 
11.6046 15.0066 
11.6992 15.007 
11.7943 15.0074 
11.8899 15.0077 
11.9861 15.0081 
12.0828 15.0085 
12.1801 15.0089 
12.2774 15.0094 
12.3747 15.0098 
12.4719 15.0102 
12.5692 15.0106 
12.6665 15.011 
12.7652 15.0114 
12.8653 15.0117 
12.9668 15.0119 
13.0697 15.0122 
13.174 15.0124 
13.2783 15.0125 
13.3827 15.0127 
13.487 15.0129 
13.5913 15.0131 
13.6957 15.0133 
13.8 15.0135 
13.9037 15.0136 
14.0069 15.0138 
14.1094 15.0139 
14.2114 15.014 
14.3128 15.0141 
14.4142 15.0142 
14.5155 15.0143 
14.6169 15.0144 
14.7183 15.0144 
14.8217 15.0145 
14.9271 15.0146 
15.0346 15.0146 
15.1413 15.0147 
15.2473 15.0147 
15.3506 15.0148 
15.4511 15.0149 
15.5489 15.0149 
15.6467 15.015 
15.7445 15.0151 
15.8421 15.015 
15.9397 15.0146 
16.0371 15.0141 
16.1344 15.0133 
16.2316 15.0123 
16.3288 15.0113 
16.426 15.0104 
16.5253 15.0098 
16.6266 15.0096 
16.7301 15.0098 
16.8356 15.0104 
16.9432 15.0114 
17.0508 15.0124 
17.1551 15.0132 
17.256 15.0137 
17.3535 15.0139 
17.4476 15.0139 
17.5391 15.0136 
17.6311 15.0133 
17.7238 15.0129 
17.8172 15.0124 
17.9132 15.012 
18.0114 15.0117 
18.1117 15.0115 
18.2141 15.0113 
18.3185 15.0112 
18.422 15.0111 
18.5245 15.0109 
18.626 15.0105 
18.7265 15.0101 
18.826 15.0096 
18.9255 15.0091 
19.025 15.0086 
19.1245 15.0082 
19.2238 15.0077 
19.3231 15.0073 
19.4223 15.0069 
19.5215 15.0066 
19.6206 15.0062 
19.7198 15.0059 
19.8189 15.0055 
19.918 15.0051 
20.0194 15.0047 
20.1231 15.0043 
20.229 15.0038 
20.3372 15.0033 
20.4477 15.0028 
20.5582 15.0022 
20.6686 15.0017 
20.7791 15.0011 
20.8895 15.0006 
21 15 

20.0002,0.959652,0.393623,"1;1.09867;1.19733;1.296;1.39466;1.49333;1.592;1.69066;1.78933;1.888;1.98666;2.08533;2.18399;2.28266;2.38133;2.47999;2.57866;2.67732;2.77599;2.87433;2.97233;3.07001;3.16736;3.26438;3.36139;3.45841;3.55543;3.65245;3.74947;3.84648;3.9435;4.04052;4.13902;4.23901;4.34048;4.44344;4.54789;4.65233;4.75678;4.86122;4.96567;5.07011;5.174;5.27733;5.38009;5.4823;5.58395;5.6856;5.78724;5.88877;5.99019;6.09148;6.19266;6.29372;6.39478;6.49584;6.5969;6.69796;6.79902;6.90026;7.00168;7.10327;7.20505;7.307;7.40895;7.5096;7.60896;7.70702;7.80379;7.89926;7.99473;8.0902;8.18775;8.28738;8.38909;8.49288;8.59874;8.70491;8.81138;8.91815;9.02522;9.13259;9.23996;9.34459;9.4465;9.54567;9.64223;9.73618;9.83025;9.92444;10.0188;10.1131;10.2074;10.3038;10.4025;10.5033;10.6062;10.7114;10.8165;10.9216;11.0246;11.1255;11.2243;11.321;11.4155;11.5101;11.6046;11.6992;11.7943;11.8899;11.9861;12.0828;12.1801;12.2774;12.3747;12.4719;12.5692;12.6665;12.7652;12.8653;12.9668;13.0697;13.174;13.2783;13.3827;13.487;13.5913;13.6957;13.8;13.9037;14.0069;14.1094;14.2114;14.3128;14.4142;14.5155;14.6169;14.7183;14.8217;14.9271;15.0346;15.1413;15.2473;15.3506;15.4511;15.5489;15.6467;15.7445;15.8421;15.9397;16.0371;16.1344;16.2316;16.3288;16.426;16.5253;16.6266;16.7301;16.8356;16.9432;17.0508;17.1551;17.256;17.3535;17.4476;17.5391;17.6311;17.7238;17.8172;17.9132;18.0114;18.1117;18.2141;18.3185;18.422;18.5245;18.626;18.7265;18.826;18.9255;19.025;19.1245;19.2238;19.3231;19.4223;19.5215;19.6206;19.7198;19.8189;19.918;20.0194;20.1231;20.229;20.3372;20.4477;20.5582;20.6686;20.7791;20.8895;21","15;15.0007;15.0014;15.0021;15.0028;15.0035;15.0042;15.0049;15.0056;15.0063;15.007;15.0077;15.0084;15.0091;15.0098;15.0105;15.0112;15.0119;15.0126;15.0132;15.0138;15.0143;15.0147;15.015;15.0153;15.0157;15.016;15.0163;15.0167;15.017;15.0173;15.0176;15.018;15.0184;15.0188;15.0192;15.0197;15.0201;15.0206;15.021;15.0215;15.0219;15.0224;15.0229;15.0234;15.0239;15.0244;15.0249;15.0254;15.0257;15.0257;15.0255;15.0251;15.0245;15.0239;15.0233;15.0226;15.022;15.0214;15.0207;15.0201;15.0194;15.0188;15.0181;15.0174;15.0169;15.0164;15.016;15.0158;15.0156;15.0154;15.0152;15.0153;15.0156;15.0161;15.0169;15.018;15.0186;15.0187;15.0185;15.0178;15.0167;15.0155;15.0148;15.0144;15.0143;15.0143;15.0144;15.0141;15.0136;15.0127;15.0119;15.011;15.0102;15.0095;15.0087;15.0081;15.0074;15.0068;15.0061;15.0057;15.0054;15.0054;15.0056;15.0059;15.0063;15.0066;15.007;15.0074;15.0077;15.0081;15.0085;15.0089;15.0094;15.0098;15.0102;15.0106;15.011;15.0114;15.0117;15.0119;15.0122;15.0124;15.0125;15.0127;15.0129;15.0131;15.0133;15.0135;15.0136;15.0138;15.0139;15.014;15.0141;15.0142;15.0143;15.0144;15.0144;15.0145;15.0146;15.0146;15.0147;15.0147;15.0148;15.0149;15.0149;15.015;15.0151;15.015;15.0146;15.0141;15.0133;15.0123;15.0113;15.0104;15.0098;15.0096;15.0098;15.0104;15.0114;15.0124;15.0132;15.0137;15.0139;15.0139;15.0136;15.0133;15.0129;15.0124;15.012;15.0117;15.0115;15.0113;15.0112;15.0111;15.0109;15.0105;15.0101;15.0096;15.0091;15.0086;15.0082;15.0077;15.0073;15.0069;15.0066;15.0062;15.0059;15.0055;15.0051;15.0047;15.0043;15.0038;15.0033;15.0028;15.0022;15.0017;15.0011;15.0006;15",20.0002,"1;0;0"
