1 15 
1.64598 14.9963 
2.5215 14.9959 
3.31322 15.0126 
3.98403 15.0199 
4.56091 15.0204 
5.26204 15.0123 
5.63819 15.0168 
6.34767 15.0024 
7.20847 15.035 
7.99011 15.0566 
8.48508 15.0466 
9.43396 15.054 
10.2965 15.0656 
10.9091 15.0721 
11.7942 15.056 
12.5849 15.043 
13.1865 15.0548 
13.9854 15.0352 
14.9282 15.0275 
15.8176 15.0344 
16.439 15.0396 
16.6849 15.0431 
17.5462 15.04 
18.51 15.0206 
19.2961 15.0086 
19.9287 15.0088 
20.6933 15.0136 
21 15 

20.0029,0.959644,0.407334,"1;1.64598;2.5215;3.31322;3.98403;4.56091;5.26204;5.63819;6.34767;7.20847;7.99011;8.48508;9.43396;10.2965;10.9091;11.7942;12.5849;13.1865;13.9854;14.9282;15.8176;16.439;16.6849;17.5462;18.51;19.2961;19.9287;20.6933;21","15;14.9963;14.9959;15.0126;15.0199;15.0204;15.0123;15.0168;15.0024;15.035;15.0566;15.0466;15.054;15.0656;15.0721;15.056;15.043;15.0548;15.0352;15.0275;15.0344;15.0396;15.0431;15.04;15.0206;15.0086;15.0088;15.0136;15",20.0029,"1;0;0"
