1 15 
1.13997 14.9771 
1.27766 14.9527 
1.41308 14.927 
1.54082 14.9008 
1.66667 14.8696 
1.79061 14.8334 
1.91493 14.7936 
2.04569 14.7443 
2.17835 14.6885 
2.3071 14.6307 
2.43196 14.571 
2.55032 14.5077 
2.65611 14.4467 
2.7593 14.3842 
2.85752 14.3184 
2.95079 14.2493 
3.04333 14.1757 
3.13515 14.0977 
3.22624 14.0152 
3.31898 13.93 
3.41268 13.8399 
3.50572 13.7478 
3.59809 13.6535 
3.68971 13.5555 
3.78058 13.4538 
3.8701 13.3502 
3.95829 13.2446 
4.04513 13.1371 
4.13072 13.0292 
4.21505 12.9211 
4.29744 12.8147 
4.37787 12.71 
4.45637 12.607 
4.53291 12.5057 
4.60751 12.4061 
4.68211 12.3065 
4.75897 12.2041 
4.83809 12.0989 
4.91947 11.991 
5.00312 11.8802 
5.08691 11.7684 
5.16859 11.6584 
5.24815 11.55 
5.32622 11.445 
5.40282 11.3434 
5.48004 11.2435 
5.55789 11.1452 
5.63638 11.0486 
5.71487 10.9519 
5.79704 10.8526 
5.88291 10.7505 
5.97248 10.6457 
6.06573 10.5381 
6.16411 10.4287 
6.26391 10.32 
6.36418 10.2157 
6.4649 10.1157 
6.56608 10.02 
6.6663 9.92783 
6.76554 9.8392 
6.86478 9.75057 
6.96673 9.66173 
7.07138 9.57268 
7.17874 9.48343 
7.28672 9.39863 
7.39532 9.31831 
7.50185 9.24265 
7.60629 9.17168 
7.70866 9.10538 
7.81103 9.03908 
7.9134 8.97277 
8.01725 8.90912 
8.12259 8.84813 
8.22941 8.78978 
8.33772 8.73408 
8.44834 8.68293 
8.55981 8.63368 
8.67211 8.58632 
8.7918 8.53971 
8.91888 8.49385 
9.04807 8.45019 
9.17939 8.40873 
9.31282 8.36947 
9.44182 8.33356 
9.56638 8.301 
9.69094 8.26844 
9.81452 8.23769 
9.93712 8.20874 
10.055 8.1829 
10.1682 8.16014 
10.2864 8.13927 
10.4106 8.11848 
10.5409 8.09777 
10.6749 8.07845 
10.8128 8.06053 
10.9448 8.04521 
11.0709 8.03249 
11.1912 8.02238 
11.3115 8.0135 
11.4319 8.00586 
11.5524 7.99946 
11.6729 7.99429 
11.7957 7.99194 
11.9207 7.99117 
12.0479 7.99198 
12.1773 7.99437 
12.3088 7.99834 
12.4404 8.00231 
12.5719 8.00629 
12.7025 8.01151 
12.8322 8.01797 
12.9609 8.02569 
13.0887 8.03466 
13.2275 8.0482 
13.3681 8.06441 
13.5106 8.08328 
13.655 8.10481 
13.8012 8.129 
13.9368 8.15293 
14.0719 8.17726 
14.2065 8.20201 
14.3418 8.22872 
14.478 8.25739 
14.6155 8.28762 
14.7544 8.31941 
14.8888 8.35247 
15.0176 8.38524 
15.1412 8.41892 
15.2598 8.45351 
15.3732 8.48902 
15.4872 8.52573 
15.61 8.56711 
15.7351 8.6116 
15.8627 8.65919 
15.9926 8.70989 
16.1249 8.76369 
16.2514 8.81713 
16.3731 8.87017 
16.4902 8.9228 
16.5991 8.97348 
16.7099 9.02738 
16.8227 9.08451 
16.9428 9.1467 
17.0705 9.21397 
17.2087 9.28943 
17.3474 9.36792 
17.4777 9.44551 
17.5989 9.52078 
17.7107 9.59371 
17.8137 9.66272 
17.9083 9.72916 
18.0035 9.79695 
18.0992 9.86609 
18.1955 9.93657 
18.2923 10.0084 
18.3871 10.0816 
18.4799 10.1561 
18.5707 10.2319 
18.661 10.3116 
18.7509 10.395 
18.8423 10.4808 
18.9354 10.5691 
19.0272 10.6584 
19.1162 10.7463 
19.2085 10.8418 
19.3023 10.9442 
19.3978 11.0532 
19.4931 11.1675 
19.5883 11.2868 
19.6773 11.4022 
19.7618 11.5145 
19.8395 11.6231 
19.9147 11.731 
19.9877 11.8381 
20.0519 11.9352 
20.1144 12.0357 
20.1774 12.1402 
20.2405 12.2519 
20.3038 12.3708 
20.3708 12.5039 
20.4347 12.6376 
20.4955 12.772 
20.5529 12.9088 
20.6038 13.0399 
20.6516 13.1708 
20.6965 13.3016 
20.7382 13.4322 
20.7749 13.5543 
20.8095 13.6758 
20.8413 13.7937 
20.8692 13.9102 
20.8929 14.0253 
20.9152 14.1427 
20.9347 14.2709 
20.9513 14.4099 
20.9664 14.5575 
20.9791 14.7051 
20.992 14.8786 
21 15 

26.2519,2.03701,0.390091,"1;1.13997;1.27766;1.41308;1.54082;1.66667;1.79061;1.91493;2.04569;2.17835;2.3071;2.43196;2.55032;2.65611;2.7593;2.85752;2.95079;3.04333;3.13515;3.22624;3.31898;3.41268;3.50572;3.59809;3.68971;3.78058;3.8701;3.95829;4.04513;4.13072;4.21505;4.29744;4.37787;4.45637;4.53291;4.60751;4.68211;4.75897;4.83809;4.91947;5.00312;5.08691;5.16859;5.24815;5.32622;5.40282;5.48004;5.55789;5.63638;5.71487;5.79704;5.88291;5.97248;6.06573;6.16411;6.26391;6.36418;6.4649;6.56608;6.6663;6.76554;6.86478;6.96673;7.07138;7.17874;7.28672;7.39532;7.50185;7.60629;7.70866;7.81103;7.9134;8.01725;8.12259;8.22941;8.33772;8.44834;8.55981;8.67211;8.7918;8.91888;9.04807;9.17939;9.31282;9.44182;9.56638;9.69094;9.81452;9.93712;10.055;10.1682;10.2864;10.4106;10.5409;10.6749;10.8128;10.9448;11.0709;11.1912;11.3115;11.4319;11.5524;11.6729;11.7957;11.9207;12.0479;12.1773;12.3088;12.4404;12.5719;12.7025;12.8322;12.9609;13.0887;13.2275;13.3681;13.5106;13.655;13.8012;13.9368;14.0719;14.2065;14.3418;14.478;14.6155;14.7544;14.8888;15.0176;15.1412;15.2598;15.3732;15.4872;15.61;15.7351;15.8627;15.9926;16.1249;16.2514;16.3731;16.4902;16.5991;16.7099;16.8227;16.9428;17.0705;17.2087;17.3474;17.4777;17.5989;17.7107;17.8137;17.9083;18.0035;18.0992;18.1955;18.2923;18.3871;18.4799;18.5707;18.661;18.7509;18.8423;18.9354;19.0272;19.1162;19.2085;19.3023;19.3978;19.4931;19.5883;19.6773;19.7618;19.8395;19.9147;19.9877;20.0519;20.1144;20.1774;20.2405;20.3038;20.3708;20.4347;20.4955;20.5529;20.6038;20.6516;20.6965;20.7382;20.7749;20.8095;20.8413;20.8692;20.8929;20.9152;20.9347;20.9513;20.9664;20.9791;20.992;21","15;14.9771;14.9527;14.927;14.9008;14.8696;14.8334;14.7936;14.7443;14.6885;14.6307;14.571;14.5077;14.4467;14.3842;14.3184;14.2493;14.1757;14.0977;14.0152;13.93;13.8399;13.7478;13.6535;13.5555;13.4538;13.3502;13.2446;13.1371;13.0292;12.9211;12.8147;12.71;12.607;12.5057;12.4061;12.3065;12.2041;12.0989;11.991;11.8802;11.7684;11.6584;11.55;11.445;11.3434;11.2435;11.1452;11.0486;10.9519;10.8526;10.7505;10.6457;10.5381;10.4287;10.32;10.2157;10.1157;10.02;9.92783;9.8392;9.75057;9.66173;9.57268;9.48343;9.39863;9.31831;9.24265;9.17168;9.10538;9.03908;8.97277;8.90912;8.84813;8.78978;8.73408;8.68293;8.63368;8.58632;8.53971;8.49385;8.45019;8.40873;8.36947;8.33356;8.301;8.26844;8.23769;8.20874;8.1829;8.16014;8.13927;8.11848;8.09777;8.07845;8.06053;8.04521;8.03249;8.02238;8.0135;8.00586;7.99946;7.99429;7.99194;7.99117;7.99198;7.99437;7.99834;8.00231;8.00629;8.01151;8.01797;8.02569;8.03466;8.0482;8.06441;8.08328;8.10481;8.129;8.15293;8.17726;8.20201;8.22872;8.25739;8.28762;8.31941;8.35247;8.38524;8.41892;8.45351;8.48902;8.52573;8.56711;8.6116;8.65919;8.70989;8.76369;8.81713;8.87017;8.9228;8.97348;9.02738;9.08451;9.1467;9.21397;9.28943;9.36792;9.44551;9.52078;9.59371;9.66272;9.72916;9.79695;9.86609;9.93657;10.0084;10.0816;10.1561;10.2319;10.3116;10.395;10.4808;10.5691;10.6584;10.7463;10.8418;10.9442;11.0532;11.1675;11.2868;11.4022;11.5145;11.6231;11.731;11.8381;11.9352;12.0357;12.1402;12.2519;12.3708;12.5039;12.6376;12.772;12.9088;13.0399;13.1708;13.3016;13.4322;13.5543;13.6758;13.7937;13.9102;14.0253;14.1427;14.2709;14.4099;14.5575;14.7051;14.8786;15",2.03701,"0;1;0"
