1 15 
1.06641 14.9106 
1.13282 14.8211 
1.19924 14.7317 
1.26739 14.6431 
1.33728 14.5554 
1.40892 14.4685 
1.48229 14.3824 
1.55741 14.2972 
1.63194 14.215 
1.7059 14.1359 
1.77927 14.0598 
1.85206 13.9867 
1.93116 13.9114 
2.01326 13.8364 
2.09836 13.7616 
2.18647 13.6869 
2.27757 13.6125 
2.36479 13.5436 
2.45201 13.4746 
2.53923 13.4057 
2.62645 13.3367 
2.71404 13.2701 
2.80199 13.2059 
2.8903 13.144 
2.97898 13.0846 
3.06802 13.0275 
3.15706 12.9704 
3.24611 12.9133 
3.33605 12.8576 
3.42688 12.8034 
3.51862 12.7507 
3.61125 12.6993 
3.70477 12.6495 
3.79555 12.6013 
3.88616 12.5545 
3.97658 12.509 
4.06683 12.4648 
4.15689 12.4219 
4.24952 12.3785 
4.34337 12.3353 
4.43944 12.2924 
4.53773 12.2496 
4.63825 12.2071 
4.74099 12.1648 
4.84473 12.1226 
4.94918 12.0814 
5.05432 12.0411 
5.16017 12.0018 
5.26671 11.9635 
5.37396 11.9262 
5.48275 11.8888 
5.5931 11.8513 
5.705 11.8137 
5.81845 11.7759 
5.93155 11.7402 
6.04275 11.7066 
6.15206 11.6751 
6.25947 11.6457 
6.36499 11.6184 
6.4705 11.5911 
6.57602 11.5638 
6.68064 11.5376 
6.78437 11.5126 
6.88721 11.4887 
6.98916 11.4659 
7.09022 11.4442 
7.19703 11.4214 
7.3096 11.3973 
7.42676 11.3732 
7.5485 11.3491 
7.67483 11.325 
7.79999 11.302 
7.92092 11.2817 
8.03879 11.2628 
8.1536 11.2452 
8.26866 11.2288 
8.38397 11.2136 
8.50259 11.1981 
8.62451 11.1824 
8.74842 11.167 
8.87099 11.1523 
8.99223 11.1382 
9.10913 11.1259 
9.2217 11.1152 
9.33127 11.1056 
9.43785 11.0972 
9.54142 11.0898 
9.64568 11.0827 
9.75062 11.0758 
9.85624 11.0692 
9.96253 11.0628 
10.0695 11.0567 
10.1828 11.0511 
10.3023 11.0461 
10.4193 11.0419 
10.5338 11.0385 
10.6496 11.0364 
10.7604 11.035 
10.8662 11.0344 
10.9759 11.0341 
11.0893 11.0342 
11.2012 11.0344 
11.3115 11.035 
11.4202 11.0358 
11.5274 11.0368 
11.6317 11.0384 
11.7348 11.0405 
11.8365 11.043 
11.9387 11.0466 
12.0413 11.0515 
12.1457 11.0571 
12.2518 11.0636 
12.3581 11.0711 
12.4627 11.079 
12.5659 11.0872 
12.6674 11.0957 
12.7691 11.1052 
12.8725 11.1154 
12.9776 11.1262 
13.0844 11.1376 
13.1929 11.1497 
13.3017 11.1622 
13.4108 11.1751 
13.5201 11.1883 
13.6289 11.2022 
13.7372 11.2167 
13.8425 11.2313 
13.9507 11.2472 
14.0616 11.2643 
14.1712 11.2822 
14.2795 11.3008 
14.3886 11.3204 
14.4987 11.341 
14.6097 11.3628 
14.7246 11.3864 
14.8434 11.4118 
14.9661 11.4389 
15.0868 11.4666 
15.2147 11.4971 
15.3385 11.5272 
15.4582 11.5569 
15.5739 11.5861 
15.6872 11.6164 
15.789 11.6452 
15.8926 11.6754 
15.9979 11.707 
16.1049 11.74 
16.212 11.773 
16.3212 11.8069 
16.4294 11.8421 
16.5367 11.8785 
16.6431 11.9161 
16.7485 11.955 
16.8509 11.9941 
16.9532 12.0333 
17.0553 12.0731 
17.1572 12.1134 
17.259 12.1544 
17.3567 12.1947 
17.4504 12.2345 
17.5464 12.2766 
17.6446 12.3211 
17.7452 12.368 
17.8517 12.4185 
17.963 12.4728 
18.073 12.5274 
18.1816 12.5823 
18.2888 12.6374 
18.3947 12.6928 
18.4964 12.7472 
18.5938 12.8008 
18.6885 12.8548 
18.7804 12.9095 
18.8682 12.9648 
18.9561 13.0216 
19.0443 13.08 
19.1311 13.1384 
19.2168 13.197 
19.3004 13.2551 
19.3864 13.3173 
19.4748 13.3836 
19.5656 13.4539 
19.6587 13.5283 
19.7537 13.6079 
19.8461 13.6882 
19.9359 13.769 
20.0232 13.8505 
20.1079 13.9326 
20.1977 14.0217 
20.2877 14.1139 
20.378 14.2091 
20.466 14.3077 
20.5517 14.4095 
20.6302 14.5076 
20.7062 14.6059 
20.7796 14.7044 
20.8531 14.8029 
20.9265 14.9015 
21 15 

22.3342,1.33686,0.277992,"1;1.06641;1.13282;1.19924;1.26739;1.33728;1.40892;1.48229;1.55741;1.63194;1.7059;1.77927;1.85206;1.93116;2.01326;2.09836;2.18647;2.27757;2.36479;2.45201;2.53923;2.62645;2.71404;2.80199;2.8903;2.97898;3.06802;3.15706;3.24611;3.33605;3.42688;3.51862;3.61125;3.70477;3.79555;3.88616;3.97658;4.06683;4.15689;4.24952;4.34337;4.43944;4.53773;4.63825;4.74099;4.84473;4.94918;5.05432;5.16017;5.26671;5.37396;5.48275;5.5931;5.705;5.81845;5.93155;6.04275;6.15206;6.25947;6.36499;6.4705;6.57602;6.68064;6.78437;6.88721;6.98916;7.09022;7.19703;7.3096;7.42676;7.5485;7.67483;7.79999;7.92092;8.03879;8.1536;8.26866;8.38397;8.50259;8.62451;8.74842;8.87099;8.99223;9.10913;9.2217;9.33127;9.43785;9.54142;9.64568;9.75062;9.85624;9.96253;10.0695;10.1828;10.3023;10.4193;10.5338;10.6496;10.7604;10.8662;10.9759;11.0893;11.2012;11.3115;11.4202;11.5274;11.6317;11.7348;11.8365;11.9387;12.0413;12.1457;12.2518;12.3581;12.4627;12.5659;12.6674;12.7691;12.8725;12.9776;13.0844;13.1929;13.3017;13.4108;13.5201;13.6289;13.7372;13.8425;13.9507;14.0616;14.1712;14.2795;14.3886;14.4987;14.6097;14.7246;14.8434;14.9661;15.0868;15.2147;15.3385;15.4582;15.5739;15.6872;15.789;15.8926;15.9979;16.1049;16.212;16.3212;16.4294;16.5367;16.6431;16.7485;16.8509;16.9532;17.0553;17.1572;17.259;17.3567;17.4504;17.5464;17.6446;17.7452;17.8517;17.963;18.073;18.1816;18.2888;18.3947;18.4964;18.5938;18.6885;18.7804;18.8682;18.9561;19.0443;19.1311;19.2168;19.3004;19.3864;19.4748;19.5656;19.6587;19.7537;19.8461;19.9359;20.0232;20.1079;20.1977;20.2877;20.378;20.466;20.5517;20.6302;20.7062;20.7796;20.8531;20.9265;21","15;14.9106;14.8211;14.7317;14.6431;14.5554;14.4685;14.3824;14.2972;14.215;14.1359;14.0598;13.9867;13.9114;13.8364;13.7616;13.6869;13.6125;13.5436;13.4746;13.4057;13.3367;13.2701;13.2059;13.144;13.0846;13.0275;12.9704;12.9133;12.8576;12.8034;12.7507;12.6993;12.6495;12.6013;12.5545;12.509;12.4648;12.4219;12.3785;12.3353;12.2924;12.2496;12.2071;12.1648;12.1226;12.0814;12.0411;12.0018;11.9635;11.9262;11.8888;11.8513;11.8137;11.7759;11.7402;11.7066;11.6751;11.6457;11.6184;11.5911;11.5638;11.5376;11.5126;11.4887;11.4659;11.4442;11.4214;11.3973;11.3732;11.3491;11.325;11.302;11.2817;11.2628;11.2452;11.2288;11.2136;11.1981;11.1824;11.167;11.1523;11.1382;11.1259;11.1152;11.1056;11.0972;11.0898;11.0827;11.0758;11.0692;11.0628;11.0567;11.0511;11.0461;11.0419;11.0385;11.0364;11.035;11.0344;11.0341;11.0342;11.0344;11.035;11.0358;11.0368;11.0384;11.0405;11.043;11.0466;11.0515;11.0571;11.0636;11.0711;11.079;11.0872;11.0957;11.1052;11.1154;11.1262;11.1376;11.1497;11.1622;11.1751;11.1883;11.2022;11.2167;11.2313;11.2472;11.2643;11.2822;11.3008;11.3204;11.341;11.3628;11.3864;11.4118;11.4389;11.4666;11.4971;11.5272;11.5569;11.5861;11.6164;11.6452;11.6754;11.707;11.74;11.773;11.8069;11.8421;11.8785;11.9161;11.955;11.9941;12.0333;12.0731;12.1134;12.1544;12.1947;12.2345;12.2766;12.3211;12.368;12.4185;12.4728;12.5274;12.5823;12.6374;12.6928;12.7472;12.8008;12.8548;12.9095;12.9648;13.0216;13.08;13.1384;13.197;13.2551;13.3173;13.3836;13.4539;13.5283;13.6079;13.6882;13.769;13.8505;13.9326;14.0217;14.1139;14.2091;14.3077;14.4095;14.5076;14.6059;14.7044;14.8029;14.9015;15",0.277992,"0;0;1"
