1 15 
1.12368 14.9666 
1.27685 14.8952 
1.4299 14.8161 
1.59646 14.7046 
1.75957 14.5738 
1.91322 14.4268 
2.04488 14.2765 
2.1594 14.1228 
2.25162 13.9779 
2.33425 13.8247 
2.41328 13.6602 
2.48284 13.4917 
2.5451 13.3228 
2.60077 13.1436 
2.65129 12.9625 
2.69432 12.7773 
2.73574 12.5807 
2.77555 12.3727 
2.80981 12.1678 
2.8385 11.9663 
2.86397 11.7699 
2.88622 11.5786 
2.90484 11.3865 
2.92304 11.1886 
2.94074 10.9921 
2.95795 10.7973 
2.97467 10.6039 
2.99131 10.418 
3.00886 10.235 
3.0274 10.0475 
3.04778 9.85252 
3.06939 9.65585 
3.09225 9.45742 
3.11224 9.28939 
3.13439 9.12688 
3.15786 8.97268 
3.18323 8.82118 
3.21234 8.67293 
3.24831 8.50038 
3.2908 8.32105 
3.33981 8.13496 
3.39403 7.95194 
3.45166 7.77146 
3.5179 7.59192 
3.58805 7.42065 
3.65659 7.26862 
3.72945 7.12265 
3.80665 6.98275 
3.88382 6.8521 
3.96097 6.73069 
4.05089 6.60236 
4.14892 6.47044 
4.25423 6.34013 
4.37642 6.20329 
4.51549 6.05993 
4.66108 5.9204 
4.80934 5.79222 
4.96114 5.67018 
5.09098 5.57172 
5.23602 5.47791 
5.3826 5.39639 
5.53458 5.31962 
5.69194 5.2476 
5.86864 5.17266 
6.03064 5.11277 
6.19469 5.05513 
6.34564 5.00553 
6.4994 4.96129 
6.65702 4.9192 
6.81539 4.88022 
6.98375 4.8455 
7.17727 4.80925 
7.37613 4.77484 
7.58032 4.74226 
7.78449 4.71343 
7.9794 4.68719 
8.16504 4.66354 
8.34533 4.6418 
8.52418 4.6233 
8.70694 4.60615 
8.89363 4.59032 
9.08423 4.57584 
9.28725 4.5636 
9.49876 4.55226 
9.70153 4.54263 
9.89554 4.53472 
10.0867 4.52883 
10.2667 4.52407 
10.4353 4.52042 
10.6098 4.51709 
10.7879 4.51421 
10.9637 4.51148 
11.1372 4.5089 
11.3125 4.50679 
11.4897 4.50516 
11.6711 4.50386 
11.8567 4.50289 
12.0469 4.503 
12.2385 4.50306 
12.4312 4.50304 
12.6252 4.50297 
12.8205 4.50283 
13.0098 4.50357 
13.1927 4.50454 
13.3783 4.50686 
13.5665 4.51051 
13.7575 4.5155 
13.958 4.5203 
14.1674 4.52638 
14.3726 4.53295 
14.5734 4.53999 
14.7699 4.54751 
14.9622 4.55534 
15.1607 4.56505 
15.3606 4.5759 
15.5616 4.58787 
15.764 4.60096 
15.9664 4.61579 
16.1582 4.63076 
16.3489 4.64634 
16.5383 4.66253 
16.7219 4.68078 
16.9006 4.70048 
17.0746 4.72164 
17.2532 4.7476 
17.4363 4.77838 
17.6245 4.81331 
17.8176 4.85237 
18.0158 4.89559 
18.2085 4.94104 
18.3956 4.98874 
18.5673 5.03446 
18.7368 5.08412 
18.904 5.1377 
19.075 5.19842 
19.2497 5.2663 
19.4404 5.34653 
19.6339 5.43322 
19.8205 5.52427 
19.9957 5.61498 
20.1593 5.70536 
20.3133 5.79364 
20.4608 5.88562 
20.6113 5.98341 
20.7648 6.087 
20.9026 6.18396 
21.0412 6.28954 
21.1774 6.39793 
21.3067 6.50804 
21.429 6.61985 
21.563 6.74581 
21.6879 6.8682 
21.8036 6.987 
21.9124 7.10299 
22.0167 7.22095 
22.1165 7.34088 
22.2145 7.46674 
22.3105 7.59852 
22.4071 7.73657 
22.5024 7.88346 
22.5964 8.03919 
22.691 8.20228 
22.7838 8.37508 
22.875 8.55761 
22.9594 8.74182 
23.0371 8.92772 
23.1053 9.11337 
23.1662 9.29642 
23.2169 9.48003 
23.2615 9.66486 
23.2982 9.85923 
23.3299 10.0651 
23.3521 10.2678 
23.3681 10.4642 
23.3741 10.6703 
23.3721 10.8777 
23.3602 11.0836 
23.3421 11.2912 
23.3177 11.5005 
23.2866 11.6979 
23.2487 11.8834 
23.2018 12.0572 
23.1466 12.2307 
23.08 12.408 
23.0059 12.5867 
22.9246 12.767 
22.8346 12.9538 
22.7272 13.1561 
22.6026 13.3692 
22.4557 13.5939 
22.2948 13.8139 
22.1018 14.0468 
21.8924 14.271 
21.7111 14.4516 
21.5299 14.6115 
21.3537 14.7553 
21.2192 14.8543 
21.067 14.9593 
21 15 

37.5617,5.35707,0.418909,"1;1.12368;1.27685;1.4299;1.59646;1.75957;1.91322;2.04488;2.1594;2.25162;2.33425;2.41328;2.48284;2.5451;2.60077;2.65129;2.69432;2.73574;2.77555;2.80981;2.8385;2.86397;2.88622;2.90484;2.92304;2.94074;2.95795;2.97467;2.99131;3.00886;3.0274;3.04778;3.06939;3.09225;3.11224;3.13439;3.15786;3.18323;3.21234;3.24831;3.2908;3.33981;3.39403;3.45166;3.5179;3.58805;3.65659;3.72945;3.80665;3.88382;3.96097;4.05089;4.14892;4.25423;4.37642;4.51549;4.66108;4.80934;4.96114;5.09098;5.23602;5.3826;5.53458;5.69194;5.86864;6.03064;6.19469;6.34564;6.4994;6.65702;6.81539;6.98375;7.17727;7.37613;7.58032;7.78449;7.9794;8.16504;8.34533;8.52418;8.70694;8.89363;9.08423;9.28725;9.49876;9.70153;9.89554;10.0867;10.2667;10.4353;10.6098;10.7879;10.9637;11.1372;11.3125;11.4897;11.6711;11.8567;12.0469;12.2385;12.4312;12.6252;12.8205;13.0098;13.1927;13.3783;13.5665;13.7575;13.958;14.1674;14.3726;14.5734;14.7699;14.9622;15.1607;15.3606;15.5616;15.764;15.9664;16.1582;16.3489;16.5383;16.7219;16.9006;17.0746;17.2532;17.4363;17.6245;17.8176;18.0158;18.2085;18.3956;18.5673;18.7368;18.904;19.075;19.2497;19.4404;19.6339;19.8205;19.9957;20.1593;20.3133;20.4608;20.6113;20.7648;20.9026;21.0412;21.1774;21.3067;21.429;21.563;21.6879;21.8036;21.9124;22.0167;22.1165;22.2145;22.3105;22.4071;22.5024;22.5964;22.691;22.7838;22.875;22.9594;23.0371;23.1053;23.1662;23.2169;23.2615;23.2982;23.3299;23.3521;23.3681;23.3741;23.3721;23.3602;23.3421;23.3177;23.2866;23.2487;23.2018;23.1466;23.08;23.0059;22.9246;22.8346;22.7272;22.6026;22.4557;22.2948;22.1018;21.8924;21.7111;21.5299;21.3537;21.2192;21.067;21","15;14.9666;14.8952;14.8161;14.7046;14.5738;14.4268;14.2765;14.1228;13.9779;13.8247;13.6602;13.4917;13.3228;13.1436;12.9625;12.7773;12.5807;12.3727;12.1678;11.9663;11.7699;11.5786;11.3865;11.1886;10.9921;10.7973;10.6039;10.418;10.235;10.0475;9.85252;9.65585;9.45742;9.28939;9.12688;8.97268;8.82118;8.67293;8.50038;8.32105;8.13496;7.95194;7.77146;7.59192;7.42065;7.26862;7.12265;6.98275;6.8521;6.73069;6.60236;6.47044;6.34013;6.20329;6.05993;5.9204;5.79222;5.67018;5.57172;5.47791;5.39639;5.31962;5.2476;5.17266;5.11277;5.05513;5.00553;4.96129;4.9192;4.88022;4.8455;4.80925;4.77484;4.74226;4.71343;4.68719;4.66354;4.6418;4.6233;4.60615;4.59032;4.57584;4.5636;4.55226;4.54263;4.53472;4.52883;4.52407;4.52042;4.51709;4.51421;4.51148;4.5089;4.50679;4.50516;4.50386;4.50289;4.503;4.50306;4.50304;4.50297;4.50283;4.50357;4.50454;4.50686;4.51051;4.5155;4.5203;4.52638;4.53295;4.53999;4.54751;4.55534;4.56505;4.5759;4.58787;4.60096;4.61579;4.63076;4.64634;4.66253;4.68078;4.70048;4.72164;4.7476;4.77838;4.81331;4.85237;4.89559;4.94104;4.98874;5.03446;5.08412;5.1377;5.19842;5.2663;5.34653;5.43322;5.52427;5.61498;5.70536;5.79364;5.88562;5.98341;6.087;6.18396;6.28954;6.39793;6.50804;6.61985;6.74581;6.8682;6.987;7.10299;7.22095;7.34088;7.46674;7.59852;7.73657;7.88346;8.03919;8.20228;8.37508;8.55761;8.74182;8.92772;9.11337;9.29642;9.48003;9.66486;9.85923;10.0651;10.2678;10.4642;10.6703;10.8777;11.0836;11.2912;11.5005;11.6979;11.8834;12.0572;12.2307;12.408;12.5867;12.767;12.9538;13.1561;13.3692;13.5939;13.8139;14.0468;14.271;14.4516;14.6115;14.7553;14.8543;14.9593;15",5.35707,"0;1;0"
