1 15 
1.2858 14.629 
1.72049 14.3251 
2.34773 14.0322 
2.87245 13.8713 
3.42446 13.7123 
4.30604 13.537 
4.77609 13.4519 
5.52276 13.3377 
6.4895 13.2187 
7.19101 13.1647 
8.12897 13.1043 
8.56442 13.0786 
9.38853 13.056 
10.0539 13.0538 
10.5142 13.0445 
10.9609 13.0408 
11.8215 13.0489 
12.7349 13.0419 
13.4672 13.0657 
14.3459 13.085 
15.1199 13.1355 
15.9848 13.2122 
16.8198 13.313 
17.6228 13.4378 
18.1854 13.5644 
18.7422 13.7024 
19.2275 13.8524 
19.9145 14.1169 
20.3863 14.3949 
21 15 

20.884,1.17806,0.222758,"1;1.2858;1.72049;2.34773;2.87245;3.42446;4.30604;4.77609;5.52276;6.4895;7.19101;8.12897;8.56442;9.38853;10.0539;10.5142;10.9609;11.8215;12.7349;13.4672;14.3459;15.1199;15.9848;16.8198;17.6228;18.1854;18.7422;19.2275;19.9145;20.3863;21","15;14.629;14.3251;14.0322;13.8713;13.7123;13.537;13.4519;13.3377;13.2187;13.1647;13.1043;13.0786;13.056;13.0538;13.0445;13.0408;13.0489;13.0419;13.0657;13.085;13.1355;13.2122;13.313;13.4378;13.5644;13.7024;13.8524;14.1169;14.3949;15",0.222758,"0;0;1"
