1 15 
1.10051 15.0004 
1.20102 15.0008 
1.30153 15.0012 
1.40204 15.0016 
1.50256 15.0021 
1.60307 15.0025 
1.70358 15.0029 
1.80409 15.0033 
1.90588 15.0037 
2.00896 15.004 
2.11332 15.0042 
2.21896 15.0044 
2.32589 15.0046 
2.43107 15.0048 
2.53453 15.0049 
2.63624 15.0051 
2.73621 15.0052 
2.83445 15.0054 
2.93269 15.0056 
3.03093 15.0058 
3.12917 15.0059 
3.2274 15.0061 
3.32564 15.0063 
3.42388 15.0064 
3.52212 15.0066 
3.61999 15.0068 
3.71749 15.0069 
3.81463 15.0071 
3.91139 15.0073 
4.00779 15.0075 
4.10419 15.0077 
4.20059 15.0078 
4.29716 15.008 
4.3939 15.0081 
4.49081 15.0081 
4.5879 15.0081 
4.68515 15.008 
4.7824 15.0079 
4.87965 15.0079 
4.97691 15.0078 
5.07416 15.0077 
5.17141 15.0077 
5.26866 15.0076 
5.36592 15.0075 
5.46317 15.0075 
5.56042 15.0074 
5.65767 15.0073 
5.75492 15.0073 
5.85258 15.0074 
5.95065 15.0077 
6.04912 15.0083 
6.148 15.0091 
6.24728 15.01 
6.34656 15.011 
6.44585 15.012 
6.54513 15.0129 
6.64441 15.0139 
6.7437 15.0149 
6.84298 15.0158 
6.94226 15.0168 
7.04155 15.0178 
7.14083 15.0187 
7.24011 15.0197 
7.34102 15.0204 
7.44354 15.0209 
7.54768 15.021 
7.65344 15.021 
7.76082 15.0206 
7.8682 15.0203 
7.97558 15.0199 
8.0806 15.0196 
8.18327 15.0193 
8.28358 15.0191 
8.38153 15.0189 
8.47713 15.0188 
8.57273 15.0186 
8.66832 15.0185 
8.76392 15.0184 
8.85952 15.0182 
8.95511 15.0181 
9.05149 15.018 
9.14863 15.018 
9.24655 15.0181 
9.34525 15.0183 
9.44472 15.0186 
9.54419 15.0188 
9.64366 15.0191 
9.74313 15.0193 
9.84261 15.0196 
9.94208 15.0199 
10.0415 15.0201 
10.141 15.0204 
10.2405 15.0206 
10.34 15.0209 
10.4399 15.021 
10.5403 15.0211 
10.6411 15.021 
10.7425 15.0208 
10.8442 15.0205 
10.946 15.0202 
11.0478 15.0199 
11.1496 15.0196 
11.2514 15.0193 
11.3546 15.0189 
11.4595 15.0185 
11.5658 15.0181 
11.6736 15.0177 
11.783 15.0172 
11.8908 15.0167 
11.9972 15.0163 
12.102 15.016 
12.2053 15.0157 
12.307 15.0155 
12.4088 15.0152 
12.5106 15.015 
12.6123 15.0148 
12.7141 15.0145 
12.8153 15.0145 
12.9158 15.0146 
13.0157 15.0149 
13.1151 15.0155 
13.2138 15.0162 
13.3125 15.0169 
13.4112 15.0176 
13.51 15.0182 
13.6087 15.0187 
13.7075 15.0192 
13.8064 15.0195 
13.9053 15.0198 
14.0041 15.0201 
14.103 15.0203 
14.2019 15.0206 
14.3008 15.0208 
14.3997 15.0211 
14.4985 15.0214 
14.5974 15.0216 
14.6971 15.0218 
14.7977 15.0219 
14.8991 15.022 
15.0013 15.0219 
15.1043 15.0218 
15.2074 15.0217 
15.3105 15.0216 
15.4135 15.0215 
15.5166 15.0214 
15.6196 15.0213 
15.7227 15.0212 
15.8258 15.0211 
15.9288 15.0209 
16.031 15.0208 
16.1322 15.0206 
16.2325 15.0204 
16.3319 15.0201 
16.4303 15.0198 
16.5288 15.0195 
16.6273 15.0192 
16.7257 15.019 
16.8243 15.0185 
16.9229 15.018 
17.0215 15.0174 
17.1203 15.0167 
17.2191 15.0158 
17.3179 15.015 
17.4167 15.0141 
17.5155 15.0132 
17.6143 15.0124 
17.7122 15.0117 
17.8093 15.0111 
17.9055 15.0107 
18.0008 15.0104 
18.0953 15.0103 
18.1897 15.0102 
18.2842 15.01 
18.3789 15.0099 
18.474 15.0096 
18.5695 15.0094 
18.6653 15.0091 
18.7615 15.0087 
18.8577 15.0084 
18.954 15.0081 
19.0503 15.0077 
19.1466 15.0074 
19.2429 15.0071 
19.3402 15.0068 
19.4386 15.0065 
19.5381 15.0062 
19.6386 15.0058 
19.7402 15.0055 
19.8418 15.0051 
19.948 15.0045 
20.0588 15.0035 
20.1728 15.0026 
20.29 15.0018 
20.4104 15.001 
20.5294 15.0005 
20.647 15.0004 
20.7647 15.0002 
20.8823 15.0001 
21 15 

20.0002,0.959631,0.393657,"1;1.10051;1.20102;1.30153;1.40204;1.50256;1.60307;1.70358;1.80409;1.90588;2.00896;2.11332;2.21896;2.32589;2.43107;2.53453;2.63624;2.73621;2.83445;2.93269;3.03093;3.12917;3.2274;3.32564;3.42388;3.52212;3.61999;3.71749;3.81463;3.91139;4.00779;4.10419;4.20059;4.29716;4.3939;4.49081;4.5879;4.68515;4.7824;4.87965;4.97691;5.07416;5.17141;5.26866;5.36592;5.46317;5.56042;5.65767;5.75492;5.85258;5.95065;6.04912;6.148;6.24728;6.34656;6.44585;6.54513;6.64441;6.7437;6.84298;6.94226;7.04155;7.14083;7.24011;7.34102;7.44354;7.54768;7.65344;7.76082;7.8682;7.97558;8.0806;8.18327;8.28358;8.38153;8.47713;8.57273;8.66832;8.76392;8.85952;8.95511;9.05149;9.14863;9.24655;9.34525;9.44472;9.54419;9.64366;9.74313;9.84261;9.94208;10.0415;10.141;10.2405;10.34;10.4399;10.5403;10.6411;10.7425;10.8442;10.946;11.0478;11.1496;11.2514;11.3546;11.4595;11.5658;11.6736;11.783;11.8908;11.9972;12.102;12.2053;12.307;12.4088;12.5106;12.6123;12.7141;12.8153;12.9158;13.0157;13.1151;13.2138;13.3125;13.4112;13.51;13.6087;13.7075;13.8064;13.9053;14.0041;14.103;14.2019;14.3008;14.3997;14.4985;14.5974;14.6971;14.7977;14.8991;15.0013;15.1043;15.2074;15.3105;15.4135;15.5166;15.6196;15.7227;15.8258;15.9288;16.031;16.1322;16.2325;16.3319;16.4303;16.5288;16.6273;16.7257;16.8243;16.9229;17.0215;17.1203;17.2191;17.3179;17.4167;17.5155;17.6143;17.7122;17.8093;17.9055;18.0008;18.0953;18.1897;18.2842;18.3789;18.474;18.5695;18.6653;18.7615;18.8577;18.954;19.0503;19.1466;19.2429;19.3402;19.4386;19.5381;19.6386;19.7402;19.8418;19.948;20.0588;20.1728;20.29;20.4104;20.5294;20.647;20.7647;20.8823;21","15;15.0004;15.0008;15.0012;15.0016;15.0021;15.0025;15.0029;15.0033;15.0037;15.004;15.0042;15.0044;15.0046;15.0048;15.0049;15.0051;15.0052;15.0054;15.0056;15.0058;15.0059;15.0061;15.0063;15.0064;15.0066;15.0068;15.0069;15.0071;15.0073;15.0075;15.0077;15.0078;15.008;15.0081;15.0081;15.0081;15.008;15.0079;15.0079;15.0078;15.0077;15.0077;15.0076;15.0075;15.0075;15.0074;15.0073;15.0073;15.0074;15.0077;15.0083;15.0091;15.01;15.011;15.012;15.0129;15.0139;15.0149;15.0158;15.0168;15.0178;15.0187;15.0197;15.0204;15.0209;15.021;15.021;15.0206;15.0203;15.0199;15.0196;15.0193;15.0191;15.0189;15.0188;15.0186;15.0185;15.0184;15.0182;15.0181;15.018;15.018;15.0181;15.0183;15.0186;15.0188;15.0191;15.0193;15.0196;15.0199;15.0201;15.0204;15.0206;15.0209;15.021;15.0211;15.021;15.0208;15.0205;15.0202;15.0199;15.0196;15.0193;15.0189;15.0185;15.0181;15.0177;15.0172;15.0167;15.0163;15.016;15.0157;15.0155;15.0152;15.015;15.0148;15.0145;15.0145;15.0146;15.0149;15.0155;15.0162;15.0169;15.0176;15.0182;15.0187;15.0192;15.0195;15.0198;15.0201;15.0203;15.0206;15.0208;15.0211;15.0214;15.0216;15.0218;15.0219;15.022;15.0219;15.0218;15.0217;15.0216;15.0215;15.0214;15.0213;15.0212;15.0211;15.0209;15.0208;15.0206;15.0204;15.0201;15.0198;15.0195;15.0192;15.019;15.0185;15.018;15.0174;15.0167;15.0158;15.015;15.0141;15.0132;15.0124;15.0117;15.0111;15.0107;15.0104;15.0103;15.0102;15.01;15.0099;15.0096;15.0094;15.0091;15.0087;15.0084;15.0081;15.0077;15.0074;15.0071;15.0068;15.0065;15.0062;15.0058;15.0055;15.0051;15.0045;15.0035;15.0026;15.0018;15.001;15.0005;15.0004;15.0002;15.0001;15",20.0002,"1;0;0"
