1 15 
1.09379 14.9996 
1.18758 14.9993 
1.28137 14.9989 
1.37516 14.9986 
1.46926 14.9983 
1.56369 14.998 
1.65844 14.9978 
1.75351 14.9977 
1.8489 14.9976 
1.94429 14.9976 
2.03968 14.9975 
2.13507 14.9974 
2.23135 14.9976 
2.32854 14.998 
2.42662 14.9986 
2.5256 14.9994 
2.62547 15.0004 
2.72535 15.0015 
2.82522 15.0026 
2.92307 15.0034 
3.01888 15.0042 
3.11267 15.0047 
3.20443 15.0051 
3.29569 15.0058 
3.38849 15.0069 
3.48283 15.0084 
3.57871 15.0103 
3.67613 15.0126 
3.77354 15.0149 
3.87096 15.0172 
3.9674 15.0192 
4.06288 15.021 
4.15738 15.0224 
4.25228 15.0238 
4.34757 15.0251 
4.44422 15.0265 
4.54223 15.0282 
4.6416 15.03 
4.74097 15.0319 
4.84034 15.0337 
4.93971 15.0356 
5.03908 15.0374 
5.13988 15.0394 
5.2421 15.0414 
5.34575 15.0435 
5.45083 15.0458 
5.55733 15.0481 
5.66383 15.0504 
5.77033 15.0527 
5.87683 15.055 
5.98333 15.0573 
6.08983 15.0596 
6.19685 15.0621 
6.30439 15.0647 
6.41246 15.0674 
6.52104 15.0702 
6.63015 15.0731 
6.73926 15.0761 
6.84578 15.0789 
6.94973 15.0817 
7.0511 15.0843 
7.14916 15.0869 
7.2439 15.0897 
7.33792 15.0926 
7.4312 15.0957 
7.52375 15.099 
7.61741 15.1024 
7.71217 15.106 
7.80805 15.1097 
7.90503 15.1135 
8.00312 15.1175 
8.10121 15.1215 
8.1993 15.1254 
8.29663 15.1294 
8.39318 15.1334 
8.48898 15.1375 
8.58585 15.1418 
8.68379 15.1465 
8.78358 15.1516 
8.88521 15.1569 
8.98867 15.1626 
9.09214 15.1682 
9.19561 15.1739 
9.29908 15.1796 
9.40255 15.1852 
9.50812 15.1912 
9.61579 15.1974 
9.72555 15.2039 
9.83741 15.2107 
9.94927 15.2178 
10.059 15.2249 
10.1667 15.2319 
10.2722 15.239 
10.3756 15.2461 
10.4791 15.2531 
10.5771 15.2601 
10.6698 15.2671 
10.7609 15.2734 
10.8504 15.2793 
10.9384 15.2845 
11.0302 15.2893 
11.1258 15.2936 
11.2215 15.2979 
11.3171 15.3022 
11.4133 15.3074 
11.5099 15.3135 
11.6071 15.3205 
11.7048 15.3284 
11.8029 15.3373 
11.901 15.3461 
11.9989 15.3548 
12.0967 15.3635 
12.194 15.3721 
12.2908 15.3807 
12.3871 15.3894 
12.4831 15.3981 
12.5787 15.4068 
12.6781 15.4164 
12.7813 15.4268 
12.8882 15.438 
12.9989 15.4501 
13.1091 15.4628 
13.2148 15.4755 
13.316 15.4881 
13.4129 15.5005 
13.5054 15.5129 
13.6011 15.5259 
13.7 15.5397 
13.8022 15.5542 
13.9076 15.5694 
14.0133 15.5842 
14.1158 15.5978 
14.2154 15.6101 
14.3118 15.6214 
14.4052 15.6314 
14.5011 15.6422 
14.5995 15.6537 
14.7003 15.666 
14.8037 15.6791 
14.9078 15.6928 
15.0103 15.7065 
15.1111 15.7202 
15.2103 15.7338 
15.3077 15.7473 
15.4044 15.761 
15.5002 15.7749 
15.5952 15.7889 
15.6894 15.8031 
15.7828 15.8174 
15.8779 15.8316 
15.9748 15.8456 
16.0734 15.8594 
16.1738 15.8731 
16.2759 15.8866 
16.3771 15.8983 
16.4776 15.9082 
16.5771 15.9163 
16.6758 15.9225 
16.7737 15.9269 
16.8716 15.9313 
16.9702 15.9346 
17.0696 15.9367 
17.1697 15.9376 
17.2705 15.9374 
17.3748 15.9351 
17.4789 15.9317 
17.583 15.927 
17.687 15.9211 
17.7909 15.9141 
17.892 15.9067 
17.992 15.8983 
18.0909 15.8889 
18.1888 15.8784 
18.2888 15.8652 
18.3911 15.849 
18.4968 15.8311 
18.6057 15.8113 
18.7179 15.7897 
18.8289 15.7673 
18.9387 15.7442 
19.0512 15.719 
19.1615 15.6922 
19.2696 15.664 
19.3767 15.635 
19.4829 15.6045 
19.584 15.5737 
19.6852 15.5421 
19.7863 15.5096 
19.8874 15.4763 
19.9879 15.4416 
20.0879 15.4056 
20.1899 15.3665 
20.2938 15.3242 
20.3996 15.2788 
20.5079 15.2316 
20.6236 15.179 
20.7441 15.1229 
20.8647 15.0668 
21 15 

20.1951,0.958421,0.44429,"1;1.09379;1.18758;1.28137;1.37516;1.46926;1.56369;1.65844;1.75351;1.8489;1.94429;2.03968;2.13507;2.23135;2.32854;2.42662;2.5256;2.62547;2.72535;2.82522;2.92307;3.01888;3.11267;3.20443;3.29569;3.38849;3.48283;3.57871;3.67613;3.77354;3.87096;3.9674;4.06288;4.15738;4.25228;4.34757;4.44422;4.54223;4.6416;4.74097;4.84034;4.93971;5.03908;5.13988;5.2421;5.34575;5.45083;5.55733;5.66383;5.77033;5.87683;5.98333;6.08983;6.19685;6.30439;6.41246;6.52104;6.63015;6.73926;6.84578;6.94973;7.0511;7.14916;7.2439;7.33792;7.4312;7.52375;7.61741;7.71217;7.80805;7.90503;8.00312;8.10121;8.1993;8.29663;8.39318;8.48898;8.58585;8.68379;8.78358;8.88521;8.98867;9.09214;9.19561;9.29908;9.40255;9.50812;9.61579;9.72555;9.83741;9.94927;10.059;10.1667;10.2722;10.3756;10.4791;10.5771;10.6698;10.7609;10.8504;10.9384;11.0302;11.1258;11.2215;11.3171;11.4133;11.5099;11.6071;11.7048;11.8029;11.901;11.9989;12.0967;12.194;12.2908;12.3871;12.4831;12.5787;12.6781;12.7813;12.8882;12.9989;13.1091;13.2148;13.316;13.4129;13.5054;13.6011;13.7;13.8022;13.9076;14.0133;14.1158;14.2154;14.3118;14.4052;14.5011;14.5995;14.7003;14.8037;14.9078;15.0103;15.1111;15.2103;15.3077;15.4044;15.5002;15.5952;15.6894;15.7828;15.8779;15.9748;16.0734;16.1738;16.2759;16.3771;16.4776;16.5771;16.6758;16.7737;16.8716;16.9702;17.0696;17.1697;17.2705;17.3748;17.4789;17.583;17.687;17.7909;17.892;17.992;18.0909;18.1888;18.2888;18.3911;18.4968;18.6057;18.7179;18.8289;18.9387;19.0512;19.1615;19.2696;19.3767;19.4829;19.584;19.6852;19.7863;19.8874;19.9879;20.0879;20.1899;20.2938;20.3996;20.5079;20.6236;20.7441;20.8647;21","15;14.9996;14.9993;14.9989;14.9986;14.9983;14.998;14.9978;14.9977;14.9976;14.9976;14.9975;14.9974;14.9976;14.998;14.9986;14.9994;15.0004;15.0015;15.0026;15.0034;15.0042;15.0047;15.0051;15.0058;15.0069;15.0084;15.0103;15.0126;15.0149;15.0172;15.0192;15.021;15.0224;15.0238;15.0251;15.0265;15.0282;15.03;15.0319;15.0337;15.0356;15.0374;15.0394;15.0414;15.0435;15.0458;15.0481;15.0504;15.0527;15.055;15.0573;15.0596;15.0621;15.0647;15.0674;15.0702;15.0731;15.0761;15.0789;15.0817;15.0843;15.0869;15.0897;15.0926;15.0957;15.099;15.1024;15.106;15.1097;15.1135;15.1175;15.1215;15.1254;15.1294;15.1334;15.1375;15.1418;15.1465;15.1516;15.1569;15.1626;15.1682;15.1739;15.1796;15.1852;15.1912;15.1974;15.2039;15.2107;15.2178;15.2249;15.2319;15.239;15.2461;15.2531;15.2601;15.2671;15.2734;15.2793;15.2845;15.2893;15.2936;15.2979;15.3022;15.3074;15.3135;15.3205;15.3284;15.3373;15.3461;15.3548;15.3635;15.3721;15.3807;15.3894;15.3981;15.4068;15.4164;15.4268;15.438;15.4501;15.4628;15.4755;15.4881;15.5005;15.5129;15.5259;15.5397;15.5542;15.5694;15.5842;15.5978;15.6101;15.6214;15.6314;15.6422;15.6537;15.666;15.6791;15.6928;15.7065;15.7202;15.7338;15.7473;15.761;15.7749;15.7889;15.8031;15.8174;15.8316;15.8456;15.8594;15.8731;15.8866;15.8983;15.9082;15.9163;15.9225;15.9269;15.9313;15.9346;15.9367;15.9376;15.9374;15.9351;15.9317;15.927;15.9211;15.9141;15.9067;15.8983;15.8889;15.8784;15.8652;15.849;15.8311;15.8113;15.7897;15.7673;15.7442;15.719;15.6922;15.664;15.635;15.6045;15.5737;15.5421;15.5096;15.4763;15.4416;15.4056;15.3665;15.3242;15.2788;15.2316;15.179;15.1229;15.0668;15",0.958421,"0;1;0"
