1 15 
1.09802 14.9947 
1.19604 14.9894 
1.29406 14.9841 
1.39208 14.9788 
1.4901 14.9735 
1.58812 14.9682 
1.68614 14.9629 
1.78416 14.9576 
1.88218 14.9523 
1.9802 14.947 
2.07822 14.9417 
2.17624 14.9364 
2.27426 14.9311 
2.37228 14.9258 
2.4703 14.9205 
2.56832 14.9152 
2.66634 14.9099 
2.76385 14.9044 
2.86085 14.8989 
2.95735 14.8933 
3.05334 14.8876 
3.14882 14.8817 
3.2443 14.8759 
3.33953 14.8702 
3.4345 14.8647 
3.52922 14.8594 
3.62368 14.8542 
3.71789 14.8492 
3.81209 14.8442 
3.9063 14.8392 
4.0005 14.8342 
4.09626 14.8289 
4.19356 14.8233 
4.2924 14.8172 
4.39279 14.8109 
4.49473 14.8042 
4.59667 14.7976 
4.69861 14.7909 
4.80055 14.7842 
4.90193 14.7777 
5.00276 14.7715 
5.10303 14.7654 
5.20274 14.7596 
5.3019 14.7539 
5.40105 14.7483 
5.50021 14.7427 
5.59937 14.737 
5.69852 14.7314 
5.79768 14.7257 
5.89684 14.7201 
5.99599 14.7145 
6.09515 14.7088 
6.1943 14.7032 
6.29346 14.6975 
6.39262 14.6919 
6.49177 14.6863 
6.59093 14.6806 
6.69009 14.675 
6.78924 14.6694 
6.88791 14.6635 
6.98608 14.6574 
7.08377 14.6512 
7.18097 14.6447 
7.27767 14.638 
7.37438 14.6313 
7.47108 14.6246 
7.56779 14.6179 
7.66449 14.6112 
7.7612 14.6046 
7.8579 14.5979 
7.95461 14.5912 
8.05333 14.5846 
8.15406 14.578 
8.2568 14.5715 
8.36156 14.5651 
8.46832 14.5588 
8.57509 14.5524 
8.68186 14.5461 
8.78863 14.5397 
8.89373 14.5334 
8.99718 14.5269 
9.09896 14.5204 
9.19907 14.5139 
9.29753 14.5073 
9.39598 14.5008 
9.49444 14.4942 
9.5929 14.4876 
9.69135 14.481 
9.78981 14.4745 
9.88888 14.4681 
9.98859 14.4619 
10.0889 14.4559 
10.1899 14.4502 
10.2914 14.4446 
10.393 14.439 
10.4946 14.4334 
10.5962 14.4278 
10.6977 14.4223 
10.7993 14.4167 
10.9009 14.4111 
11.003 14.4081 
11.1057 14.4077 
11.2089 14.4098 
11.3127 14.4145 
11.417 14.4217 
11.5214 14.429 
11.6257 14.4362 
11.7306 14.4435 
11.8361 14.4509 
11.9421 14.4582 
12.0487 14.4657 
12.1558 14.4731 
12.2625 14.4801 
12.3688 14.4867 
12.4747 14.4928 
12.5801 14.4984 
12.6851 14.5036 
12.7901 14.5088 
12.8951 14.514 
13.0001 14.5192 
13.1051 14.5244 
13.2101 14.5296 
13.3136 14.5349 
13.4155 14.5405 
13.516 14.5462 
13.615 14.552 
13.7124 14.5581 
13.8098 14.5641 
13.9073 14.5701 
14.0047 14.5762 
14.1021 14.5822 
14.1996 14.5883 
14.297 14.5943 
14.3945 14.6003 
14.4919 14.6064 
14.5893 14.6124 
14.6879 14.6185 
14.7876 14.6247 
14.8885 14.631 
14.9906 14.6374 
15.0937 14.6438 
15.1969 14.6503 
15.3001 14.6568 
15.4033 14.6632 
15.5064 14.6697 
15.6096 14.6761 
15.7128 14.6826 
15.816 14.689 
15.9191 14.6955 
16.0223 14.7019 
16.1255 14.7084 
16.2277 14.7147 
16.329 14.7208 
16.4294 14.7267 
16.5288 14.7325 
16.6273 14.7381 
16.7257 14.7437 
16.8242 14.7493 
16.9227 14.7549 
17.0211 14.7605 
17.1196 14.7661 
17.2181 14.7717 
17.3163 14.7775 
17.4142 14.7833 
17.5118 14.7893 
17.6092 14.7954 
17.7063 14.8017 
17.8034 14.8079 
17.901 14.8142 
17.9991 14.8206 
18.0976 14.8269 
18.1967 14.8333 
18.2962 14.8397 
18.3957 14.8462 
18.4953 14.8526 
18.5948 14.8591 
18.6943 14.8655 
18.7939 14.8719 
18.8934 14.8784 
18.9929 14.8848 
19.0925 14.8912 
19.192 14.8977 
19.2915 14.9041 
19.3911 14.9105 
19.4906 14.917 
19.5901 14.9234 
19.6918 14.9297 
19.7955 14.9359 
19.9014 14.9419 
20.0093 14.9479 
20.1194 14.9537 
20.2295 14.9594 
20.3396 14.9652 
20.4496 14.971 
20.5597 14.9768 
20.6698 14.9826 
20.7799 14.9884 
20.8899 14.9942 
21 15 

20.0356,607006,0.656958,"1;1.09802;1.19604;1.29406;1.39208;1.4901;1.58812;1.68614;1.78416;1.88218;1.9802;2.07822;2.17624;2.27426;2.37228;2.4703;2.56832;2.66634;2.76385;2.86085;2.95735;3.05334;3.14882;3.2443;3.33953;3.4345;3.52922;3.62368;3.71789;3.81209;3.9063;4.0005;4.09626;4.19356;4.2924;4.39279;4.49473;4.59667;4.69861;4.80055;4.90193;5.00276;5.10303;5.20274;5.3019;5.40105;5.50021;5.59937;5.69852;5.79768;5.89684;5.99599;6.09515;6.1943;6.29346;6.39262;6.49177;6.59093;6.69009;6.78924;6.88791;6.98608;7.08377;7.18097;7.27767;7.37438;7.47108;7.56779;7.66449;7.7612;7.8579;7.95461;8.05333;8.15406;8.2568;8.36156;8.46832;8.57509;8.68186;8.78863;8.89373;8.99718;9.09896;9.19907;9.29753;9.39598;9.49444;9.5929;9.69135;9.78981;9.88888;9.98859;10.0889;10.1899;10.2914;10.393;10.4946;10.5962;10.6977;10.7993;10.9009;11.003;11.1057;11.2089;11.3127;11.417;11.5214;11.6257;11.7306;11.8361;11.9421;12.0487;12.1558;12.2625;12.3688;12.4747;12.5801;12.6851;12.7901;12.8951;13.0001;13.1051;13.2101;13.3136;13.4155;13.516;13.615;13.7124;13.8098;13.9073;14.0047;14.1021;14.1996;14.297;14.3945;14.4919;14.5893;14.6879;14.7876;14.8885;14.9906;15.0937;15.1969;15.3001;15.4033;15.5064;15.6096;15.7128;15.816;15.9191;16.0223;16.1255;16.2277;16.329;16.4294;16.5288;16.6273;16.7257;16.8242;16.9227;17.0211;17.1196;17.2181;17.3163;17.4142;17.5118;17.6092;17.7063;17.8034;17.901;17.9991;18.0976;18.1967;18.2962;18.3957;18.4953;18.5948;18.6943;18.7939;18.8934;18.9929;19.0925;19.192;19.2915;19.3911;19.4906;19.5901;19.6918;19.7955;19.9014;20.0093;20.1194;20.2295;20.3396;20.4496;20.5597;20.6698;20.7799;20.8899;21","15;14.9947;14.9894;14.9841;14.9788;14.9735;14.9682;14.9629;14.9576;14.9523;14.947;14.9417;14.9364;14.9311;14.9258;14.9205;14.9152;14.9099;14.9044;14.8989;14.8933;14.8876;14.8817;14.8759;14.8702;14.8647;14.8594;14.8542;14.8492;14.8442;14.8392;14.8342;14.8289;14.8233;14.8172;14.8109;14.8042;14.7976;14.7909;14.7842;14.7777;14.7715;14.7654;14.7596;14.7539;14.7483;14.7427;14.737;14.7314;14.7257;14.7201;14.7145;14.7088;14.7032;14.6975;14.6919;14.6863;14.6806;14.675;14.6694;14.6635;14.6574;14.6512;14.6447;14.638;14.6313;14.6246;14.6179;14.6112;14.6046;14.5979;14.5912;14.5846;14.578;14.5715;14.5651;14.5588;14.5524;14.5461;14.5397;14.5334;14.5269;14.5204;14.5139;14.5073;14.5008;14.4942;14.4876;14.481;14.4745;14.4681;14.4619;14.4559;14.4502;14.4446;14.439;14.4334;14.4278;14.4223;14.4167;14.4111;14.4081;14.4077;14.4098;14.4145;14.4217;14.429;14.4362;14.4435;14.4509;14.4582;14.4657;14.4731;14.4801;14.4867;14.4928;14.4984;14.5036;14.5088;14.514;14.5192;14.5244;14.5296;14.5349;14.5405;14.5462;14.552;14.5581;14.5641;14.5701;14.5762;14.5822;14.5883;14.5943;14.6003;14.6064;14.6124;14.6185;14.6247;14.631;14.6374;14.6438;14.6503;14.6568;14.6632;14.6697;14.6761;14.6826;14.689;14.6955;14.7019;14.7084;14.7147;14.7208;14.7267;14.7325;14.7381;14.7437;14.7493;14.7549;14.7605;14.7661;14.7717;14.7775;14.7833;14.7893;14.7954;14.8017;14.8079;14.8142;14.8206;14.8269;14.8333;14.8397;14.8462;14.8526;14.8591;14.8655;14.8719;14.8784;14.8848;14.8912;14.8977;14.9041;14.9105;14.917;14.9234;14.9297;14.9359;14.9419;14.9479;14.9537;14.9594;14.9652;14.971;14.9768;14.9826;14.9884;14.9942;15",20.0356,"1;0;0"
