1 15 
1.2183 15.0241 
1.35878 15.0503 
1.52349 15.0786 
1.6735 15.1102 
1.80373 15.1405 
1.92864 15.1754 
2.05719 15.2226 
2.19108 15.2792 
2.325 15.346 
2.47702 15.4272 
2.62961 15.5206 
2.77383 15.6187 
2.9097 15.7215 
3.04252 15.8281 
3.1621 15.9323 
3.27921 16.0411 
3.39385 16.1545 
3.50382 16.2741 
3.60911 16.4 
3.71991 16.5383 
3.82337 16.6745 
3.91948 16.8086 
4.01046 16.9388 
4.09631 17.0652 
4.17702 17.1877 
4.25773 17.3102 
4.34106 17.4386 
4.427 17.5728 
4.51404 17.7106 
4.60217 17.852 
4.69141 17.9969 
4.77914 18.1396 
4.86598 18.2805 
4.95346 18.4218 
5.04158 18.5637 
5.13032 18.7062 
5.2176 18.8453 
5.30278 18.9806 
5.38585 19.1122 
5.46963 19.2435 
5.55412 19.3745 
5.64142 19.5092 
5.73153 19.6474 
5.82445 19.7892 
5.91895 19.9308 
6.01504 20.0722 
6.1127 20.2133 
6.21036 20.3501 
6.30802 20.4826 
6.40409 20.611 
6.50229 20.7377 
6.60263 20.8628 
6.70669 20.9905 
6.8111 21.1155 
6.91587 21.238 
7.01727 21.3552 
7.11532 21.4674 
7.21001 21.5744 
7.30655 21.6825 
7.40494 21.7916 
7.50643 21.9016 
7.611 22.0124 
7.72374 22.1271 
7.8428 22.2446 
7.96237 22.3581 
8.08121 22.4679 
8.19934 22.5738 
8.31167 22.6729 
8.42222 22.7675 
8.53537 22.8615 
8.65113 22.9547 
8.7695 23.0473 
8.89047 23.1391 
9.01556 23.2297 
9.14618 23.3221 
9.28232 23.4165 
9.42399 23.5127 
9.54545 23.5933 
9.66565 23.6706 
9.78458 23.7446 
9.90226 23.8153 
10.0173 23.8802 
10.1555 23.9568 
10.2923 24.0309 
10.4304 24.102 
10.57 24.1702 
10.7101 24.2349 
10.8509 24.2961 
10.9924 24.3539 
11.1335 24.4078 
11.2744 24.4576 
11.4171 24.5065 
11.5616 24.5543 
11.705 24.5986 
11.8454 24.6404 
11.9844 24.679 
12.122 24.7142 
12.2583 24.7461 
12.396 24.7773 
12.5362 24.8054 
12.6772 24.8313 
12.8287 24.8552 
12.987 24.8754 
13.1522 24.8919 
13.3211 24.9067 
13.4844 24.9184 
13.642 24.927 
13.7935 24.9332 
13.9408 24.9357 
14.0864 24.935 
14.2375 24.931 
14.3849 24.9235 
14.5325 24.9136 
14.692 24.8984 
14.8491 24.8798 
15.0053 24.8581 
15.1606 24.8334 
15.315 24.8055 
15.4626 24.7742 
15.6177 24.7376 
15.778 24.6962 
15.9436 24.65 
16.1144 24.5991 
16.2773 24.5475 
16.4322 24.4952 
16.5868 24.44 
16.7409 24.3819 
16.8946 24.3208 
17.0445 24.2596 
17.1907 24.1983 
17.3282 24.1384 
17.457 24.0797 
17.5771 24.0225 
17.6971 23.9618 
17.8168 23.8976 
17.9363 23.8315 
18.058 23.7604 
18.1819 23.6845 
18.3086 23.6059 
18.4402 23.5209 
18.5768 23.4296 
18.7098 23.3363 
18.8394 23.2409 
18.9654 23.1435 
19.0856 23.0475 
19.1986 22.9523 
19.3104 22.8564 
19.4187 22.7595 
19.5234 22.6616 
19.6246 22.5628 
19.7255 22.4591 
19.8262 22.3505 
19.929 22.2353 
20.034 22.1133 
20.1411 21.9846 
20.2459 21.8523 
20.3483 21.7164 
20.4483 21.5791 
20.5414 21.444 
20.6276 21.3111 
20.7095 21.1819 
20.7863 21.0535 
20.8581 20.9258 
20.9261 20.7988 
20.9901 20.6724 
21.0495 20.5461 
21.1046 20.4229 
21.1548 20.3016 
21.2043 20.1725 
21.2532 20.0355 
21.305 19.8763 
21.3539 19.7133 
21.4008 19.5478 
21.4446 19.3858 
21.4856 19.2201 
21.5209 19.0589 
21.5561 18.8836 
21.5877 18.7029 
21.6156 18.5166 
21.6397 18.332 
21.6553 18.1379 
21.6623 17.9454 
21.6644 17.746 
21.6601 17.5442 
21.6496 17.3401 
21.6378 17.1652 
21.6236 17.0038 
21.607 16.8558 
21.5836 16.7078 
21.5536 16.5597 
21.5167 16.3981 
21.4741 16.2345 
21.426 16.0688 
21.3779 15.91 
21.327 15.7583 
21.2732 15.6138 
21.1976 15.4332 
21.1571 15.3258 
21 15 

31.65,1.76296,6.79316,"1;1.2183;1.35878;1.52349;1.6735;1.80373;1.92864;2.05719;2.19108;2.325;2.47702;2.62961;2.77383;2.9097;3.04252;3.1621;3.27921;3.39385;3.50382;3.60911;3.71991;3.82337;3.91948;4.01046;4.09631;4.17702;4.25773;4.34106;4.427;4.51404;4.60217;4.69141;4.77914;4.86598;4.95346;5.04158;5.13032;5.2176;5.30278;5.38585;5.46963;5.55412;5.64142;5.73153;5.82445;5.91895;6.01504;6.1127;6.21036;6.30802;6.40409;6.50229;6.60263;6.70669;6.8111;6.91587;7.01727;7.11532;7.21001;7.30655;7.40494;7.50643;7.611;7.72374;7.8428;7.96237;8.08121;8.19934;8.31167;8.42222;8.53537;8.65113;8.7695;8.89047;9.01556;9.14618;9.28232;9.42399;9.54545;9.66565;9.78458;9.90226;10.0173;10.1555;10.2923;10.4304;10.57;10.7101;10.8509;10.9924;11.1335;11.2744;11.4171;11.5616;11.705;11.8454;11.9844;12.122;12.2583;12.396;12.5362;12.6772;12.8287;12.987;13.1522;13.3211;13.4844;13.642;13.7935;13.9408;14.0864;14.2375;14.3849;14.5325;14.692;14.8491;15.0053;15.1606;15.315;15.4626;15.6177;15.778;15.9436;16.1144;16.2773;16.4322;16.5868;16.7409;16.8946;17.0445;17.1907;17.3282;17.457;17.5771;17.6971;17.8168;17.9363;18.058;18.1819;18.3086;18.4402;18.5768;18.7098;18.8394;18.9654;19.0856;19.1986;19.3104;19.4187;19.5234;19.6246;19.7255;19.8262;19.929;20.034;20.1411;20.2459;20.3483;20.4483;20.5414;20.6276;20.7095;20.7863;20.8581;20.9261;20.9901;21.0495;21.1046;21.1548;21.2043;21.2532;21.305;21.3539;21.4008;21.4446;21.4856;21.5209;21.5561;21.5877;21.6156;21.6397;21.6553;21.6623;21.6644;21.6601;21.6496;21.6378;21.6236;21.607;21.5836;21.5536;21.5167;21.4741;21.426;21.3779;21.327;21.2732;21.1976;21.1571;21","15;15.0241;15.0503;15.0786;15.1102;15.1405;15.1754;15.2226;15.2792;15.346;15.4272;15.5206;15.6187;15.7215;15.8281;15.9323;16.0411;16.1545;16.2741;16.4;16.5383;16.6745;16.8086;16.9388;17.0652;17.1877;17.3102;17.4386;17.5728;17.7106;17.852;17.9969;18.1396;18.2805;18.4218;18.5637;18.7062;18.8453;18.9806;19.1122;19.2435;19.3745;19.5092;19.6474;19.7892;19.9308;20.0722;20.2133;20.3501;20.4826;20.611;20.7377;20.8628;20.9905;21.1155;21.238;21.3552;21.4674;21.5744;21.6825;21.7916;21.9016;22.0124;22.1271;22.2446;22.3581;22.4679;22.5738;22.6729;22.7675;22.8615;22.9547;23.0473;23.1391;23.2297;23.3221;23.4165;23.5127;23.5933;23.6706;23.7446;23.8153;23.8802;23.9568;24.0309;24.102;24.1702;24.2349;24.2961;24.3539;24.4078;24.4576;24.5065;24.5543;24.5986;24.6404;24.679;24.7142;24.7461;24.7773;24.8054;24.8313;24.8552;24.8754;24.8919;24.9067;24.9184;24.927;24.9332;24.9357;24.935;24.931;24.9235;24.9136;24.8984;24.8798;24.8581;24.8334;24.8055;24.7742;24.7376;24.6962;24.65;24.5991;24.5475;24.4952;24.44;24.3819;24.3208;24.2596;24.1983;24.1384;24.0797;24.0225;23.9618;23.8976;23.8315;23.7604;23.6845;23.6059;23.5209;23.4296;23.3363;23.2409;23.1435;23.0475;22.9523;22.8564;22.7595;22.6616;22.5628;22.4591;22.3505;22.2353;22.1133;21.9846;21.8523;21.7164;21.5791;21.444;21.3111;21.1819;21.0535;20.9258;20.7988;20.6724;20.5461;20.4229;20.3016;20.1725;20.0355;19.8763;19.7133;19.5478;19.3858;19.2201;19.0589;18.8836;18.7029;18.5166;18.332;18.1379;17.9454;17.746;17.5442;17.3401;17.1652;17.0038;16.8558;16.7078;16.5597;16.3981;16.2345;16.0688;15.91;15.7583;15.6138;15.4332;15.3258;15",1.76296,"0;1;0"
