1 15 
1.10353 15.0002 
1.20706 15.0004 
1.3106 15.0006 
1.41413 15.0009 
1.51766 15.0011 
1.62119 15.0013 
1.72472 15.0015 
1.82825 15.0017 
1.93179 15.0019 
2.03532 15.0021 
2.13885 15.0023 
2.24238 15.0026 
2.34591 15.0028 
2.44944 15.003 
2.55267 15.0031 
2.6556 15.0032 
2.75823 15.0033 
2.86055 15.0033 
2.96257 15.0032 
3.06459 15.0031 
3.16661 15.003 
3.26863 15.0029 
3.37065 15.0029 
3.47014 15.0028 
3.56708 15.0026 
3.66149 15.0025 
3.75336 15.0023 
3.84403 15.0024 
3.93605 15.0029 
4.02942 15.0037 
4.12413 15.0048 
4.22018 15.0063 
4.31623 15.0078 
4.41229 15.0092 
4.50834 15.0107 
4.60536 15.0122 
4.70335 15.0136 
4.80231 15.015 
4.90223 15.0164 
5.00312 15.0178 
5.10401 15.0192 
5.2049 15.0206 
5.30558 15.0222 
5.40606 15.0239 
5.50633 15.0257 
5.6064 15.0277 
5.70149 15.0299 
5.7918 15.0319 
5.88342 15.0341 
5.97634 15.0366 
6.07057 15.0392 
6.17088 15.042 
6.27727 15.0451 
6.38366 15.0482 
6.49004 15.0513 
6.59571 15.0545 
6.70066 15.0578 
6.80489 15.0611 
6.90598 15.0644 
7.00394 15.0679 
7.09948 15.0712 
7.1926 15.0746 
7.28549 15.0781 
7.38058 15.0818 
7.47787 15.0858 
7.57734 15.0899 
7.67901 15.0942 
7.78067 15.0985 
7.8823 15.1027 
7.98389 15.1069 
8.08543 15.1109 
8.18694 15.1149 
8.28841 15.1188 
8.38987 15.1227 
8.49134 15.1267 
8.5928 15.1306 
8.69427 15.1345 
8.79574 15.1384 
8.8972 15.1423 
8.99724 15.1464 
9.09586 15.1509 
9.19305 15.1556 
9.28882 15.1605 
9.38316 15.1657 
9.4775 15.1709 
9.56971 15.176 
9.65979 15.1809 
9.74983 15.186 
9.83982 15.1912 
9.92977 15.1966 
10.0218 15.2022 
10.1159 15.2081 
10.2101 15.214 
10.3042 15.2199 
10.3982 15.2258 
10.4923 15.2316 
10.5863 15.2375 
10.6803 15.2434 
10.7746 15.2495 
10.8691 15.2557 
10.9639 15.2621 
11.0589 15.2686 
11.1542 15.2753 
11.2513 15.2825 
11.3504 15.2902 
11.4514 15.2983 
11.5543 15.3069 
11.6591 15.316 
11.7639 15.325 
11.8703 15.3346 
11.9782 15.3446 
12.0876 15.3551 
12.1986 15.3661 
12.3107 15.3775 
12.4223 15.3889 
12.5334 15.4003 
12.6441 15.4117 
12.7542 15.4231 
12.8632 15.4347 
12.971 15.4466 
13.0776 15.4589 
13.183 15.4714 
13.2872 15.4841 
13.3915 15.4969 
13.4957 15.5097 
13.5999 15.5225 
13.7042 15.5353 
13.8084 15.5481 
13.9126 15.5609 
14.0169 15.5737 
14.1211 15.5864 
14.2253 15.5992 
14.3298 15.6127 
14.4346 15.6267 
14.5396 15.6415 
14.6448 15.6568 
14.7493 15.6728 
14.8528 15.6886 
14.9552 15.7042 
15.0567 15.7198 
15.1562 15.7354 
15.2549 15.7511 
15.3527 15.767 
15.4495 15.783 
15.5455 15.7991 
15.6415 15.8152 
15.7375 15.8314 
15.8335 15.8475 
15.9295 15.8636 
16.0255 15.8798 
16.1089 15.8935 
16.196 15.9061 
16.2867 15.9176 
16.3812 15.928 
16.4736 15.936 
16.5767 15.9442 
16.678 15.9511 
16.7774 15.9568 
16.8751 15.9613 
16.9782 15.9642 
17.0866 15.9656 
17.1965 15.9656 
17.3048 15.9633 
17.4114 15.9587 
17.515 15.9533 
17.6155 15.9472 
17.7128 15.9403 
17.8104 15.9323 
17.9083 15.9231 
18.0065 15.9125 
18.1087 15.8996 
18.2148 15.8846 
18.3246 15.8684 
18.433 15.8513 
18.5398 15.8334 
18.6417 15.8156 
18.7385 15.7978 
18.8313 15.7792 
18.925 15.7599 
19.0219 15.7384 
19.1218 15.7149 
19.2247 15.6893 
19.3297 15.6624 
19.4281 15.6358 
19.5282 15.607 
19.627 15.576 
19.7245 15.5429 
19.8208 15.5077 
19.9245 15.4688 
20.0234 15.43 
20.1205 15.3913 
20.2157 15.3526 
20.3092 15.314 
20.4008 15.2754 
20.5018 15.2313 
20.6123 15.1818 
20.7321 15.1267 
20.8614 15.0661 
21 15 

20.2057,0.958412,0.444471,"1;1.10353;1.20706;1.3106;1.41413;1.51766;1.62119;1.72472;1.82825;1.93179;2.03532;2.13885;2.24238;2.34591;2.44944;2.55267;2.6556;2.75823;2.86055;2.96257;3.06459;3.16661;3.26863;3.37065;3.47014;3.56708;3.66149;3.75336;3.84403;3.93605;4.02942;4.12413;4.22018;4.31623;4.41229;4.50834;4.60536;4.70335;4.80231;4.90223;5.00312;5.10401;5.2049;5.30558;5.40606;5.50633;5.6064;5.70149;5.7918;5.88342;5.97634;6.07057;6.17088;6.27727;6.38366;6.49004;6.59571;6.70066;6.80489;6.90598;7.00394;7.09948;7.1926;7.28549;7.38058;7.47787;7.57734;7.67901;7.78067;7.8823;7.98389;8.08543;8.18694;8.28841;8.38987;8.49134;8.5928;8.69427;8.79574;8.8972;8.99724;9.09586;9.19305;9.28882;9.38316;9.4775;9.56971;9.65979;9.74983;9.83982;9.92977;10.0218;10.1159;10.2101;10.3042;10.3982;10.4923;10.5863;10.6803;10.7746;10.8691;10.9639;11.0589;11.1542;11.2513;11.3504;11.4514;11.5543;11.6591;11.7639;11.8703;11.9782;12.0876;12.1986;12.3107;12.4223;12.5334;12.6441;12.7542;12.8632;12.971;13.0776;13.183;13.2872;13.3915;13.4957;13.5999;13.7042;13.8084;13.9126;14.0169;14.1211;14.2253;14.3298;14.4346;14.5396;14.6448;14.7493;14.8528;14.9552;15.0567;15.1562;15.2549;15.3527;15.4495;15.5455;15.6415;15.7375;15.8335;15.9295;16.0255;16.1089;16.196;16.2867;16.3812;16.4736;16.5767;16.678;16.7774;16.8751;16.9782;17.0866;17.1965;17.3048;17.4114;17.515;17.6155;17.7128;17.8104;17.9083;18.0065;18.1087;18.2148;18.3246;18.433;18.5398;18.6417;18.7385;18.8313;18.925;19.0219;19.1218;19.2247;19.3297;19.4281;19.5282;19.627;19.7245;19.8208;19.9245;20.0234;20.1205;20.2157;20.3092;20.4008;20.5018;20.6123;20.7321;20.8614;21","15;15.0002;15.0004;15.0006;15.0009;15.0011;15.0013;15.0015;15.0017;15.0019;15.0021;15.0023;15.0026;15.0028;15.003;15.0031;15.0032;15.0033;15.0033;15.0032;15.0031;15.003;15.0029;15.0029;15.0028;15.0026;15.0025;15.0023;15.0024;15.0029;15.0037;15.0048;15.0063;15.0078;15.0092;15.0107;15.0122;15.0136;15.015;15.0164;15.0178;15.0192;15.0206;15.0222;15.0239;15.0257;15.0277;15.0299;15.0319;15.0341;15.0366;15.0392;15.042;15.0451;15.0482;15.0513;15.0545;15.0578;15.0611;15.0644;15.0679;15.0712;15.0746;15.0781;15.0818;15.0858;15.0899;15.0942;15.0985;15.1027;15.1069;15.1109;15.1149;15.1188;15.1227;15.1267;15.1306;15.1345;15.1384;15.1423;15.1464;15.1509;15.1556;15.1605;15.1657;15.1709;15.176;15.1809;15.186;15.1912;15.1966;15.2022;15.2081;15.214;15.2199;15.2258;15.2316;15.2375;15.2434;15.2495;15.2557;15.2621;15.2686;15.2753;15.2825;15.2902;15.2983;15.3069;15.316;15.325;15.3346;15.3446;15.3551;15.3661;15.3775;15.3889;15.4003;15.4117;15.4231;15.4347;15.4466;15.4589;15.4714;15.4841;15.4969;15.5097;15.5225;15.5353;15.5481;15.5609;15.5737;15.5864;15.5992;15.6127;15.6267;15.6415;15.6568;15.6728;15.6886;15.7042;15.7198;15.7354;15.7511;15.767;15.783;15.7991;15.8152;15.8314;15.8475;15.8636;15.8798;15.8935;15.9061;15.9176;15.928;15.936;15.9442;15.9511;15.9568;15.9613;15.9642;15.9656;15.9656;15.9633;15.9587;15.9533;15.9472;15.9403;15.9323;15.9231;15.9125;15.8996;15.8846;15.8684;15.8513;15.8334;15.8156;15.7978;15.7792;15.7599;15.7384;15.7149;15.6893;15.6624;15.6358;15.607;15.576;15.5429;15.5077;15.4688;15.43;15.3913;15.3526;15.314;15.2754;15.2313;15.1818;15.1267;15.0661;15",0.958412,"0;1;0"
