1 15 
1.07051 14.9111 
1.14103 14.8222 
1.21154 14.7333 
1.28206 14.6444 
1.35257 14.5555 
1.4253 14.4673 
1.50024 14.3796 
1.5774 14.2926 
1.65677 14.2063 
1.73835 14.1206 
1.82077 14.0373 
1.90401 13.9566 
1.98809 13.8783 
2.07301 13.8024 
2.15875 13.7291 
2.2445 13.6557 
2.33024 13.5823 
2.41629 13.5107 
2.50264 13.4409 
2.58929 13.3728 
2.67624 13.3064 
2.7635 13.2418 
2.85075 13.1772 
2.94158 13.1115 
3.03599 13.0447 
3.13287 12.9788 
3.23222 12.9137 
3.33403 12.8495 
3.43474 12.7872 
3.53449 12.7284 
3.63439 12.6709 
3.73445 12.6149 
3.83465 12.5602 
3.93501 12.507 
4.03834 12.4534 
4.14463 12.3994 
4.25389 12.345 
4.36409 12.2915 
4.47524 12.239 
4.58437 12.1879 
4.69147 12.1381 
4.79655 12.0896 
4.90164 12.0411 
5.00672 11.9926 
5.11058 11.9457 
5.21324 11.9004 
5.31468 11.8567 
5.41491 11.8146 
5.5151 11.7743 
5.61647 11.7344 
5.71902 11.6949 
5.82275 11.6556 
5.92766 11.6167 
6.03257 11.5778 
6.13748 11.5389 
6.2434 11.4995 
6.35035 11.4597 
6.45832 11.4195 
6.5673 11.3789 
6.6773 11.3378 
6.78731 11.2967 
6.89731 11.2556 
7.00732 11.2145 
7.11732 11.1734 
7.22732 11.1323 
7.33733 11.0912 
7.44699 11.0503 
7.5563 11.0097 
7.66527 10.9694 
7.7739 10.9293 
7.88219 10.8895 
7.99047 10.8497 
8.09875 10.8099 
8.20703 10.7701 
8.31532 10.7302 
8.4236 10.6904 
8.53188 10.6506 
8.64017 10.6108 
8.74845 10.571 
8.85673 10.5311 
8.96495 10.4902 
9.07309 10.4481 
9.18116 10.4048 
9.28916 10.3604 
9.39709 10.3148 
9.50501 10.2693 
9.61294 10.2237 
9.72087 10.1781 
9.83915 10.1305 
9.96053 10.0867 
10.085 10.0469 
10.2126 10.011 
10.3433 9.97899 
10.4628 9.95686 
10.5781 9.93855 
10.6894 9.92406 
10.7966 9.9134 
10.9066 9.90826 
11.0235 9.90484 
11.1409 9.90687 
11.2591 9.91436 
11.3778 9.92731 
11.4904 9.94401 
11.5968 9.96447 
11.7117 9.98931 
11.8251 10.0178 
11.9372 10.05 
12.0479 10.0859 
12.1572 10.1255 
12.2567 10.1644 
12.3562 10.2032 
12.4557 10.2421 
12.5553 10.2809 
12.6545 10.3197 
12.7536 10.3583 
12.8524 10.3968 
12.951 10.4351 
13.0494 10.4734 
13.1522 10.5125 
13.2594 10.5526 
13.3694 10.593 
13.4821 10.6337 
13.5963 10.6741 
13.7075 10.7134 
13.8158 10.7514 
13.9229 10.7887 
14.0287 10.8254 
14.1346 10.8621 
14.2405 10.8988 
14.3465 10.9359 
14.4526 10.9734 
14.559 11.0113 
14.6655 11.0495 
14.7721 11.0882 
14.8788 11.1269 
14.9854 11.1655 
15.0921 11.2042 
15.1974 11.2427 
15.3012 11.2812 
15.4037 11.3195 
15.5047 11.3577 
15.6043 11.3958 
15.704 11.4339 
15.8036 11.4719 
15.9033 11.51 
16.0024 11.5485 
16.101 11.5872 
16.1991 11.6263 
16.2966 11.6658 
16.3942 11.7061 
16.4923 11.7469 
16.591 11.7881 
16.6903 11.8299 
16.7901 11.8722 
16.8895 11.9147 
16.9883 11.9574 
17.088 12.0021 
17.1888 12.0488 
17.2905 12.0974 
17.3937 12.1477 
17.4984 12.1996 
17.6031 12.2516 
17.7068 12.3038 
17.8096 12.3564 
17.9114 12.4092 
18.0109 12.462 
18.1082 12.5146 
18.2041 12.5669 
18.2977 12.6189 
18.3888 12.6707 
18.479 12.7226 
18.5687 12.7753 
18.658 12.8289 
18.7495 12.8859 
18.843 12.9463 
18.9386 13.0102 
19.0356 13.0767 
19.1326 13.1462 
19.2283 13.2157 
19.3227 13.2854 
19.4156 13.3553 
19.5077 13.4284 
19.6001 13.5047 
19.6929 13.5841 
19.7861 13.6666 
19.8798 13.7523 
19.9734 13.838 
20.0645 13.9245 
20.1532 14.0118 
20.2393 14.1 
20.3229 14.1889 
20.4049 14.2818 
20.4879 14.3778 
20.5718 14.4768 
20.6567 14.579 
20.7425 14.6843 
20.8284 14.7895 
20.9142 14.8948 
21 15 

22.8923,2.61545e+06,0.252414,"1;1.07051;1.14103;1.21154;1.28206;1.35257;1.4253;1.50024;1.5774;1.65677;1.73835;1.82077;1.90401;1.98809;2.07301;2.15875;2.2445;2.33024;2.41629;2.50264;2.58929;2.67624;2.7635;2.85075;2.94158;3.03599;3.13287;3.23222;3.33403;3.43474;3.53449;3.63439;3.73445;3.83465;3.93501;4.03834;4.14463;4.25389;4.36409;4.47524;4.58437;4.69147;4.79655;4.90164;5.00672;5.11058;5.21324;5.31468;5.41491;5.5151;5.61647;5.71902;5.82275;5.92766;6.03257;6.13748;6.2434;6.35035;6.45832;6.5673;6.6773;6.78731;6.89731;7.00732;7.11732;7.22732;7.33733;7.44699;7.5563;7.66527;7.7739;7.88219;7.99047;8.09875;8.20703;8.31532;8.4236;8.53188;8.64017;8.74845;8.85673;8.96495;9.07309;9.18116;9.28916;9.39709;9.50501;9.61294;9.72087;9.83915;9.96053;10.085;10.2126;10.3433;10.4628;10.5781;10.6894;10.7966;10.9066;11.0235;11.1409;11.2591;11.3778;11.4904;11.5968;11.7117;11.8251;11.9372;12.0479;12.1572;12.2567;12.3562;12.4557;12.5553;12.6545;12.7536;12.8524;12.951;13.0494;13.1522;13.2594;13.3694;13.4821;13.5963;13.7075;13.8158;13.9229;14.0287;14.1346;14.2405;14.3465;14.4526;14.559;14.6655;14.7721;14.8788;14.9854;15.0921;15.1974;15.3012;15.4037;15.5047;15.6043;15.704;15.8036;15.9033;16.0024;16.101;16.1991;16.2966;16.3942;16.4923;16.591;16.6903;16.7901;16.8895;16.9883;17.088;17.1888;17.2905;17.3937;17.4984;17.6031;17.7068;17.8096;17.9114;18.0109;18.1082;18.2041;18.2977;18.3888;18.479;18.5687;18.658;18.7495;18.843;18.9386;19.0356;19.1326;19.2283;19.3227;19.4156;19.5077;19.6001;19.6929;19.7861;19.8798;19.9734;20.0645;20.1532;20.2393;20.3229;20.4049;20.4879;20.5718;20.6567;20.7425;20.8284;20.9142;21","15;14.9111;14.8222;14.7333;14.6444;14.5555;14.4673;14.3796;14.2926;14.2063;14.1206;14.0373;13.9566;13.8783;13.8024;13.7291;13.6557;13.5823;13.5107;13.4409;13.3728;13.3064;13.2418;13.1772;13.1115;13.0447;12.9788;12.9137;12.8495;12.7872;12.7284;12.6709;12.6149;12.5602;12.507;12.4534;12.3994;12.345;12.2915;12.239;12.1879;12.1381;12.0896;12.0411;11.9926;11.9457;11.9004;11.8567;11.8146;11.7743;11.7344;11.6949;11.6556;11.6167;11.5778;11.5389;11.4995;11.4597;11.4195;11.3789;11.3378;11.2967;11.2556;11.2145;11.1734;11.1323;11.0912;11.0503;11.0097;10.9694;10.9293;10.8895;10.8497;10.8099;10.7701;10.7302;10.6904;10.6506;10.6108;10.571;10.5311;10.4902;10.4481;10.4048;10.3604;10.3148;10.2693;10.2237;10.1781;10.1305;10.0867;10.0469;10.011;9.97899;9.95686;9.93855;9.92406;9.9134;9.90826;9.90484;9.90687;9.91436;9.92731;9.94401;9.96447;9.98931;10.0178;10.05;10.0859;10.1255;10.1644;10.2032;10.2421;10.2809;10.3197;10.3583;10.3968;10.4351;10.4734;10.5125;10.5526;10.593;10.6337;10.6741;10.7134;10.7514;10.7887;10.8254;10.8621;10.8988;10.9359;10.9734;11.0113;11.0495;11.0882;11.1269;11.1655;11.2042;11.2427;11.2812;11.3195;11.3577;11.3958;11.4339;11.4719;11.51;11.5485;11.5872;11.6263;11.6658;11.7061;11.7469;11.7881;11.8299;11.8722;11.9147;11.9574;12.0021;12.0488;12.0974;12.1477;12.1996;12.2516;12.3038;12.3564;12.4092;12.462;12.5146;12.5669;12.6189;12.6707;12.7226;12.7753;12.8289;12.8859;12.9463;13.0102;13.0767;13.1462;13.2157;13.2854;13.3553;13.4284;13.5047;13.5841;13.6666;13.7523;13.838;13.9245;14.0118;14.1;14.1889;14.2818;14.3778;14.4768;14.579;14.6843;14.7895;14.8948;15",0.252414,"0;0;1"
