1 15 
1.10012 14.9996 
1.20025 14.9992 
1.30037 14.9988 
1.40049 14.9983 
1.50062 14.9979 
1.60074 14.9975 
1.70087 14.9971 
1.80099 14.9967 
1.90111 14.9963 
2.00124 14.9959 
2.10136 14.9955 
2.20148 14.995 
2.30161 14.9946 
2.40173 14.9942 
2.50186 14.9938 
2.60198 14.9934 
2.70234 14.9931 
2.80294 14.9931 
2.90377 14.9932 
3.00484 14.9935 
3.10614 14.9939 
3.20745 14.9944 
3.30876 14.9949 
3.41006 14.9953 
3.51137 14.9958 
3.61268 14.9962 
3.71398 14.9967 
3.81529 14.9972 
3.91659 14.9976 
4.0179 14.9981 
4.11921 14.9985 
4.22051 14.999 
4.32182 14.9995 
4.42167 15.0001 
4.52008 15.0009 
4.61704 15.0018 
4.71254 15.0029 
4.8066 15.0041 
4.90066 15.0053 
4.99471 15.0066 
5.089 15.0077 
5.18351 15.0088 
5.27824 15.0099 
5.37321 15.0109 
5.4684 15.0118 
5.56359 15.0128 
5.65878 15.0137 
5.75451 15.0148 
5.85079 15.0161 
5.94761 15.0175 
6.04498 15.0191 
6.1429 15.0208 
6.24081 15.0226 
6.33989 15.0247 
6.44015 15.0271 
6.54157 15.0298 
6.64417 15.0329 
6.74793 15.0362 
6.8517 15.0396 
6.95688 15.0434 
7.06346 15.0475 
7.17145 15.0521 
7.28085 15.0569 
7.39166 15.0622 
7.4993 15.067 
7.60377 15.0714 
7.70507 15.0754 
7.80321 15.079 
7.89817 15.0821 
7.99313 15.0852 
8.08809 15.0883 
8.18488 15.0918 
8.28348 15.0957 
8.38391 15.1001 
8.48617 15.1048 
8.59024 15.1099 
8.69432 15.1151 
8.79839 15.1202 
8.90247 15.1254 
9.00655 15.1305 
9.11062 15.1356 
9.2147 15.1408 
9.31877 15.1459 
9.42102 15.1512 
9.52142 15.1566 
9.61999 15.1621 
9.71673 15.1678 
9.81419 15.1739 
9.91419 15.1802 
10.0168 15.1869 
10.1219 15.1939 
10.2295 15.2011 
10.3372 15.2084 
10.444 15.2157 
10.55 15.2232 
10.6551 15.2307 
10.7593 15.2384 
10.8617 15.2462 
10.963 15.254 
11.0632 15.2617 
11.1624 15.2695 
11.2605 15.2772 
11.3587 15.2849 
11.4556 15.2928 
11.5512 15.3008 
11.6457 15.309 
11.7389 15.3173 
11.8309 15.3257 
11.9247 15.3346 
12.0204 15.3439 
12.118 15.3537 
12.2173 15.3639 
12.3186 15.3745 
12.4198 15.3852 
12.5218 15.3961 
12.6245 15.4072 
12.728 15.4186 
12.8322 15.4303 
12.9372 15.4421 
13.0422 15.454 
13.1468 15.4661 
13.2511 15.4783 
13.3551 15.4908 
13.4587 15.5034 
13.5601 15.5159 
13.6595 15.528 
13.7571 15.5397 
13.8528 15.5511 
13.9466 15.562 
14.0404 15.573 
14.1342 15.584 
14.2312 15.5958 
14.3315 15.6086 
14.4351 15.6222 
14.5419 15.6367 
14.65 15.6522 
14.7561 15.6678 
14.8602 15.6834 
14.9623 15.6991 
15.0625 15.7149 
15.1627 15.7306 
15.2629 15.7464 
15.363 15.7622 
15.4632 15.7779 
15.5634 15.7937 
15.6636 15.8095 
15.7637 15.8252 
15.8639 15.841 
15.969 15.8566 
16.0789 15.8722 
16.1908 15.8867 
16.3045 15.9002 
16.4159 15.9121 
16.5202 15.9226 
16.6192 15.9308 
16.7159 15.9375 
16.8103 15.9428 
16.9067 15.9473 
17.0049 15.9508 
17.1031 15.9544 
17.2015 15.9566 
17.2998 15.9574 
17.3983 15.9567 
17.4921 15.9547 
17.5854 15.9507 
17.6779 15.9461 
17.7727 15.9393 
17.8697 15.9304 
17.9736 15.9192 
18.0804 15.9065 
18.1867 15.8921 
18.2894 15.8776 
18.3885 15.863 
18.4842 15.8482 
18.5803 15.8315 
18.6803 15.8129 
18.7843 15.7924 
18.8883 15.7705 
18.9924 15.7474 
19.0925 15.7248 
19.1872 15.7024 
19.2764 15.68 
19.3642 15.6572 
19.4544 15.6318 
19.547 15.6038 
19.6435 15.5736 
19.744 15.5412 
19.8466 15.5062 
19.9474 15.4707 
20.0464 15.4347 
20.145 15.3969 
20.2435 15.3567 
20.3436 15.3146 
20.4454 15.2706 
20.5513 15.2221 
20.6599 15.1704 
20.7708 15.1162 
20.8842 15.0594 
21 15 

20.2069,0.958421,0.443462,"1;1.10012;1.20025;1.30037;1.40049;1.50062;1.60074;1.70087;1.80099;1.90111;2.00124;2.10136;2.20148;2.30161;2.40173;2.50186;2.60198;2.70234;2.80294;2.90377;3.00484;3.10614;3.20745;3.30876;3.41006;3.51137;3.61268;3.71398;3.81529;3.91659;4.0179;4.11921;4.22051;4.32182;4.42167;4.52008;4.61704;4.71254;4.8066;4.90066;4.99471;5.089;5.18351;5.27824;5.37321;5.4684;5.56359;5.65878;5.75451;5.85079;5.94761;6.04498;6.1429;6.24081;6.33989;6.44015;6.54157;6.64417;6.74793;6.8517;6.95688;7.06346;7.17145;7.28085;7.39166;7.4993;7.60377;7.70507;7.80321;7.89817;7.99313;8.08809;8.18488;8.28348;8.38391;8.48617;8.59024;8.69432;8.79839;8.90247;9.00655;9.11062;9.2147;9.31877;9.42102;9.52142;9.61999;9.71673;9.81419;9.91419;10.0168;10.1219;10.2295;10.3372;10.444;10.55;10.6551;10.7593;10.8617;10.963;11.0632;11.1624;11.2605;11.3587;11.4556;11.5512;11.6457;11.7389;11.8309;11.9247;12.0204;12.118;12.2173;12.3186;12.4198;12.5218;12.6245;12.728;12.8322;12.9372;13.0422;13.1468;13.2511;13.3551;13.4587;13.5601;13.6595;13.7571;13.8528;13.9466;14.0404;14.1342;14.2312;14.3315;14.4351;14.5419;14.65;14.7561;14.8602;14.9623;15.0625;15.1627;15.2629;15.363;15.4632;15.5634;15.6636;15.7637;15.8639;15.969;16.0789;16.1908;16.3045;16.4159;16.5202;16.6192;16.7159;16.8103;16.9067;17.0049;17.1031;17.2015;17.2998;17.3983;17.4921;17.5854;17.6779;17.7727;17.8697;17.9736;18.0804;18.1867;18.2894;18.3885;18.4842;18.5803;18.6803;18.7843;18.8883;18.9924;19.0925;19.1872;19.2764;19.3642;19.4544;19.547;19.6435;19.744;19.8466;19.9474;20.0464;20.145;20.2435;20.3436;20.4454;20.5513;20.6599;20.7708;20.8842;21","15;14.9996;14.9992;14.9988;14.9983;14.9979;14.9975;14.9971;14.9967;14.9963;14.9959;14.9955;14.995;14.9946;14.9942;14.9938;14.9934;14.9931;14.9931;14.9932;14.9935;14.9939;14.9944;14.9949;14.9953;14.9958;14.9962;14.9967;14.9972;14.9976;14.9981;14.9985;14.999;14.9995;15.0001;15.0009;15.0018;15.0029;15.0041;15.0053;15.0066;15.0077;15.0088;15.0099;15.0109;15.0118;15.0128;15.0137;15.0148;15.0161;15.0175;15.0191;15.0208;15.0226;15.0247;15.0271;15.0298;15.0329;15.0362;15.0396;15.0434;15.0475;15.0521;15.0569;15.0622;15.067;15.0714;15.0754;15.079;15.0821;15.0852;15.0883;15.0918;15.0957;15.1001;15.1048;15.1099;15.1151;15.1202;15.1254;15.1305;15.1356;15.1408;15.1459;15.1512;15.1566;15.1621;15.1678;15.1739;15.1802;15.1869;15.1939;15.2011;15.2084;15.2157;15.2232;15.2307;15.2384;15.2462;15.254;15.2617;15.2695;15.2772;15.2849;15.2928;15.3008;15.309;15.3173;15.3257;15.3346;15.3439;15.3537;15.3639;15.3745;15.3852;15.3961;15.4072;15.4186;15.4303;15.4421;15.454;15.4661;15.4783;15.4908;15.5034;15.5159;15.528;15.5397;15.5511;15.562;15.573;15.584;15.5958;15.6086;15.6222;15.6367;15.6522;15.6678;15.6834;15.6991;15.7149;15.7306;15.7464;15.7622;15.7779;15.7937;15.8095;15.8252;15.841;15.8566;15.8722;15.8867;15.9002;15.9121;15.9226;15.9308;15.9375;15.9428;15.9473;15.9508;15.9544;15.9566;15.9574;15.9567;15.9547;15.9507;15.9461;15.9393;15.9304;15.9192;15.9065;15.8921;15.8776;15.863;15.8482;15.8315;15.8129;15.7924;15.7705;15.7474;15.7248;15.7024;15.68;15.6572;15.6318;15.6038;15.5736;15.5412;15.5062;15.4707;15.4347;15.3969;15.3567;15.3146;15.2706;15.2221;15.1704;15.1162;15.0594;15",0.958421,"0;1;0"
