1 15 
1.10138 15.001 
1.20276 15.0021 
1.30415 15.0031 
1.40553 15.0042 
1.50691 15.0052 
1.60829 15.0063 
1.70968 15.0073 
1.81106 15.0084 
1.91244 15.0094 
2.01382 15.0105 
2.11521 15.0115 
2.21659 15.0125 
2.31722 15.0135 
2.41711 15.0145 
2.51625 15.0154 
2.61464 15.0163 
2.71228 15.0172 
2.80992 15.018 
2.90756 15.0189 
3.00521 15.0197 
3.10285 15.0206 
3.20049 15.0214 
3.29813 15.0222 
3.39578 15.0231 
3.49342 15.0239 
3.59106 15.0248 
3.6887 15.0256 
3.78634 15.0265 
3.88399 15.0273 
3.98251 15.028 
4.08191 15.0284 
4.18219 15.0286 
4.28335 15.0285 
4.3854 15.0283 
4.48744 15.028 
4.58948 15.0278 
4.69152 15.0276 
4.79356 15.0273 
4.8956 15.0271 
4.99764 15.0268 
5.09969 15.0266 
5.20113 15.0263 
5.30197 15.0258 
5.40222 15.0254 
5.50186 15.0248 
5.6009 15.0241 
5.69995 15.0235 
5.79899 15.0228 
5.89804 15.0222 
5.99708 15.0215 
6.09544 15.021 
6.19311 15.0206 
6.29009 15.0203 
6.38638 15.0202 
6.48198 15.0201 
6.57759 15.0201 
6.67319 15.0201 
6.76879 15.0201 
6.8644 15.0201 
6.96 15.0201 
7.05611 15.0201 
7.15272 15.0201 
7.24984 15.0202 
7.34746 15.0203 
7.44559 15.0204 
7.54372 15.0206 
7.64185 15.0207 
7.73998 15.0208 
7.83811 15.021 
7.93624 15.0211 
8.03437 15.0212 
8.1325 15.0214 
8.23063 15.0215 
8.32876 15.0216 
8.42689 15.0218 
8.52502 15.0219 
8.62397 15.0221 
8.72373 15.0222 
8.82431 15.0224 
8.92571 15.0227 
9.02792 15.0229 
9.13014 15.0232 
9.23235 15.0234 
9.33457 15.0236 
9.43678 15.0239 
9.53888 15.0241 
9.64084 15.0243 
9.74269 15.0244 
9.84441 15.0245 
9.94601 15.0246 
10.0476 15.0247 
10.1492 15.0248 
10.2508 15.0248 
10.3524 15.0249 
10.454 15.025 
10.5556 15.0251 
10.6572 15.0252 
10.7588 15.0252 
10.8601 15.0253 
10.9611 15.0254 
11.0619 15.0254 
11.1623 15.0254 
11.2625 15.0255 
11.3626 15.0255 
11.4628 15.0255 
11.563 15.0255 
11.6631 15.0255 
11.7633 15.0256 
11.8635 15.0256 
11.9636 15.0256 
12.0638 15.0256 
12.1636 15.0255 
12.2631 15.0252 
12.3622 15.0247 
12.4609 15.0241 
12.5593 15.0233 
12.6577 15.0225 
12.7561 15.0217 
12.8545 15.0209 
12.9529 15.0201 
13.0533 15.0194 
13.1558 15.0187 
13.2603 15.018 
13.3668 15.0174 
13.4753 15.0168 
13.5838 15.0162 
13.6926 15.0158 
13.8016 15.0154 
13.9108 15.0151 
14.0203 15.015 
14.1275 15.0149 
14.2322 15.0147 
14.3343 15.0145 
14.434 15.0143 
14.5311 15.014 
14.6283 15.0137 
14.7255 15.0134 
14.8247 15.0131 
14.926 15.0128 
15.0294 15.0125 
15.135 15.0122 
15.2426 15.0119 
15.3483 15.0117 
15.4521 15.0117 
15.5541 15.0119 
15.6542 15.0122 
15.7524 15.0126 
15.8523 15.0129 
15.954 15.013 
16.0573 15.013 
16.1624 15.0128 
16.2676 15.0125 
16.3714 15.0122 
16.4736 15.0119 
16.5744 15.0117 
16.6736 15.0114 
16.7729 15.0112 
16.8722 15.0109 
16.9714 15.0107 
17.0707 15.0104 
17.1699 15.0102 
17.2692 15.01 
17.3666 15.0096 
17.4623 15.0092 
17.5562 15.0088 
17.6482 15.0082 
17.7385 15.0076 
17.8288 15.007 
17.9207 15.0064 
18.0143 15.0059 
18.1096 15.0055 
18.2065 15.0051 
18.305 15.0047 
18.4036 15.0044 
18.5015 15.004 
18.5988 15.0035 
18.6955 15.003 
18.7915 15.0025 
18.8869 15.0019 
18.9823 15.0013 
19.0777 15.0007 
19.1731 15.0001 
19.2685 14.9995 
19.3646 14.999 
19.4615 14.9987 
19.5591 14.9986 
19.6573 14.9986 
19.7564 14.9987 
19.8554 14.9988 
19.9544 14.999 
20.0534 14.9991 
20.1524 14.9992 
20.2576 14.9994 
20.369 14.9995 
20.4865 14.9996 
20.6102 14.9997 
20.7402 14.9998 
20.8701 14.9999 
21 15 

20.0002,0.959684,0.394002,"1;1.10138;1.20276;1.30415;1.40553;1.50691;1.60829;1.70968;1.81106;1.91244;2.01382;2.11521;2.21659;2.31722;2.41711;2.51625;2.61464;2.71228;2.80992;2.90756;3.00521;3.10285;3.20049;3.29813;3.39578;3.49342;3.59106;3.6887;3.78634;3.88399;3.98251;4.08191;4.18219;4.28335;4.3854;4.48744;4.58948;4.69152;4.79356;4.8956;4.99764;5.09969;5.20113;5.30197;5.40222;5.50186;5.6009;5.69995;5.79899;5.89804;5.99708;6.09544;6.19311;6.29009;6.38638;6.48198;6.57759;6.67319;6.76879;6.8644;6.96;7.05611;7.15272;7.24984;7.34746;7.44559;7.54372;7.64185;7.73998;7.83811;7.93624;8.03437;8.1325;8.23063;8.32876;8.42689;8.52502;8.62397;8.72373;8.82431;8.92571;9.02792;9.13014;9.23235;9.33457;9.43678;9.53888;9.64084;9.74269;9.84441;9.94601;10.0476;10.1492;10.2508;10.3524;10.454;10.5556;10.6572;10.7588;10.8601;10.9611;11.0619;11.1623;11.2625;11.3626;11.4628;11.563;11.6631;11.7633;11.8635;11.9636;12.0638;12.1636;12.2631;12.3622;12.4609;12.5593;12.6577;12.7561;12.8545;12.9529;13.0533;13.1558;13.2603;13.3668;13.4753;13.5838;13.6926;13.8016;13.9108;14.0203;14.1275;14.2322;14.3343;14.434;14.5311;14.6283;14.7255;14.8247;14.926;15.0294;15.135;15.2426;15.3483;15.4521;15.5541;15.6542;15.7524;15.8523;15.954;16.0573;16.1624;16.2676;16.3714;16.4736;16.5744;16.6736;16.7729;16.8722;16.9714;17.0707;17.1699;17.2692;17.3666;17.4623;17.5562;17.6482;17.7385;17.8288;17.9207;18.0143;18.1096;18.2065;18.305;18.4036;18.5015;18.5988;18.6955;18.7915;18.8869;18.9823;19.0777;19.1731;19.2685;19.3646;19.4615;19.5591;19.6573;19.7564;19.8554;19.9544;20.0534;20.1524;20.2576;20.369;20.4865;20.6102;20.7402;20.8701;21","15;15.001;15.0021;15.0031;15.0042;15.0052;15.0063;15.0073;15.0084;15.0094;15.0105;15.0115;15.0125;15.0135;15.0145;15.0154;15.0163;15.0172;15.018;15.0189;15.0197;15.0206;15.0214;15.0222;15.0231;15.0239;15.0248;15.0256;15.0265;15.0273;15.028;15.0284;15.0286;15.0285;15.0283;15.028;15.0278;15.0276;15.0273;15.0271;15.0268;15.0266;15.0263;15.0258;15.0254;15.0248;15.0241;15.0235;15.0228;15.0222;15.0215;15.021;15.0206;15.0203;15.0202;15.0201;15.0201;15.0201;15.0201;15.0201;15.0201;15.0201;15.0201;15.0202;15.0203;15.0204;15.0206;15.0207;15.0208;15.021;15.0211;15.0212;15.0214;15.0215;15.0216;15.0218;15.0219;15.0221;15.0222;15.0224;15.0227;15.0229;15.0232;15.0234;15.0236;15.0239;15.0241;15.0243;15.0244;15.0245;15.0246;15.0247;15.0248;15.0248;15.0249;15.025;15.0251;15.0252;15.0252;15.0253;15.0254;15.0254;15.0254;15.0255;15.0255;15.0255;15.0255;15.0255;15.0256;15.0256;15.0256;15.0256;15.0255;15.0252;15.0247;15.0241;15.0233;15.0225;15.0217;15.0209;15.0201;15.0194;15.0187;15.018;15.0174;15.0168;15.0162;15.0158;15.0154;15.0151;15.015;15.0149;15.0147;15.0145;15.0143;15.014;15.0137;15.0134;15.0131;15.0128;15.0125;15.0122;15.0119;15.0117;15.0117;15.0119;15.0122;15.0126;15.0129;15.013;15.013;15.0128;15.0125;15.0122;15.0119;15.0117;15.0114;15.0112;15.0109;15.0107;15.0104;15.0102;15.01;15.0096;15.0092;15.0088;15.0082;15.0076;15.007;15.0064;15.0059;15.0055;15.0051;15.0047;15.0044;15.004;15.0035;15.003;15.0025;15.0019;15.0013;15.0007;15.0001;14.9995;14.999;14.9987;14.9986;14.9986;14.9987;14.9988;14.999;14.9991;14.9992;14.9994;14.9995;14.9996;14.9997;14.9998;14.9999;15",20.0002,"1;0;0"
