1 15 
1.05648 14.9207 
1.11494 14.8404 
1.1754 14.7591 
1.23786 14.6769 
1.3023 14.5937 
1.36873 14.5096 
1.43771 14.4256 
1.50922 14.3417 
1.58327 14.258 
1.65986 14.1744 
1.73954 14.0918 
1.81978 14.01 
1.90245 13.9297 
1.98756 13.851 
2.07509 13.7739 
2.1645 13.6975 
2.25579 13.6218 
2.34707 13.5462 
2.43682 13.4726 
2.52503 13.4011 
2.61374 13.3321 
2.70294 13.2654 
2.79263 13.2011 
2.88434 13.1371 
2.97808 13.0734 
3.06776 13.0133 
3.15338 12.9569 
3.23899 12.9032 
3.32458 12.8525 
3.41015 12.8045 
3.49978 12.7557 
3.59346 12.7061 
3.68714 12.6566 
3.78081 12.607 
3.8761 12.5583 
3.97299 12.5105 
4.07149 12.4635 
4.17159 12.4175 
4.27331 12.3723 
4.37502 12.3271 
4.47673 12.2819 
4.57845 12.2367 
4.68272 12.1919 
4.78957 12.1475 
4.89898 12.1035 
5.01095 12.0599 
5.12549 12.0168 
5.23991 11.9746 
5.35423 11.9335 
5.46842 11.8934 
5.5825 11.8544 
5.69647 11.8164 
5.81001 11.7798 
5.92313 11.7446 
6.03582 11.7109 
6.14809 11.6785 
6.25993 11.6476 
6.37063 11.6182 
6.48019 11.5902 
6.5886 11.5636 
6.69587 11.5385 
6.802 11.5148 
6.90813 11.4911 
7.00946 11.4687 
7.10598 11.4476 
7.20403 11.4272 
7.30359 11.4074 
7.40468 11.3884 
7.5121 11.3688 
7.62584 11.3486 
7.73957 11.3284 
7.85331 11.3082 
7.96951 11.2887 
8.08818 11.2701 
8.20417 11.2531 
8.31749 11.2377 
8.42813 11.2239 
8.53364 11.2109 
8.636 11.1988 
8.74034 11.1869 
8.84667 11.1752 
8.95476 11.1642 
9.06462 11.1541 
9.17426 11.1447 
9.28368 11.136 
9.39289 11.128 
9.50604 11.1198 
9.62314 11.1116 
9.74055 11.1039 
9.85825 11.0966 
9.97627 11.0898 
10.0906 11.0836 
10.2013 11.0779 
10.3156 11.0729 
10.4314 11.0691 
10.5488 11.0664 
10.6678 11.0648 
10.7883 11.0644 
10.9032 11.0648 
11.0144 11.0655 
11.1218 11.0665 
11.2261 11.0682 
11.3273 11.0704 
11.4292 11.0729 
11.5317 11.0757 
11.6349 11.0788 
11.7381 11.0818 
11.8429 11.0856 
11.9492 11.0902 
12.0572 11.0955 
12.1697 11.1019 
12.284 11.1093 
12.3983 11.1171 
12.5128 11.1252 
12.6273 11.1336 
12.739 11.142 
12.8596 11.1518 
12.9803 11.1629 
13.1013 11.1754 
13.2226 11.1891 
13.344 11.2042 
13.4569 11.2192 
13.5698 11.2342 
13.6826 11.2492 
13.7936 11.2649 
13.9026 11.2813 
14.0097 11.2984 
14.1148 11.3161 
14.218 11.3346 
14.3234 11.3539 
14.4309 11.374 
14.5405 11.3949 
14.6523 11.4166 
14.7663 11.4391 
14.8802 11.4617 
14.9861 11.4831 
15.0896 11.5054 
15.1909 11.5283 
15.2899 11.552 
15.3866 11.5765 
15.495 11.6049 
15.6091 11.6354 
15.725 11.6674 
15.8427 11.7007 
15.9623 11.7354 
16.0779 11.7694 
16.1896 11.8026 
16.2986 11.836 
16.4048 11.8695 
16.5083 11.9031 
16.6091 11.9368 
16.7072 11.9706 
16.8074 12.0061 
16.9097 12.0432 
17.0141 12.0819 
17.1205 12.1223 
17.2291 12.1643 
17.3381 12.2077 
17.4473 12.2525 
17.5569 12.2988 
17.6669 12.3465 
17.7772 12.3956 
17.8866 12.4454 
17.9951 12.4961 
18.1019 12.5482 
18.207 12.6017 
18.3104 12.6566 
18.4129 12.7121 
18.5146 12.7682 
18.6136 12.8245 
18.7098 12.8809 
18.8033 12.9375 
18.8941 12.9941 
18.9841 13.054 
19.0762 13.1171 
19.1702 13.1832 
19.2662 13.2525 
19.3598 13.3215 
19.449 13.388 
19.5339 13.4522 
19.6144 13.5139 
19.6906 13.5732 
19.7669 13.6335 
19.8434 13.6969 
19.92 13.7636 
19.9969 13.8334 
20.0739 13.9064 
20.1512 13.9826 
20.2285 14.0588 
20.3046 14.1363 
20.3797 14.2151 
20.4536 14.2952 
20.5264 14.3767 
20.5982 14.4594 
20.6583 14.5298 
20.7285 14.619 
20.8089 14.7271 
20.8777 14.8228 
21 15 

22.3143,1.34155,0.277989,"1;1.05648;1.11494;1.1754;1.23786;1.3023;1.36873;1.43771;1.50922;1.58327;1.65986;1.73954;1.81978;1.90245;1.98756;2.07509;2.1645;2.25579;2.34707;2.43682;2.52503;2.61374;2.70294;2.79263;2.88434;2.97808;3.06776;3.15338;3.23899;3.32458;3.41015;3.49978;3.59346;3.68714;3.78081;3.8761;3.97299;4.07149;4.17159;4.27331;4.37502;4.47673;4.57845;4.68272;4.78957;4.89898;5.01095;5.12549;5.23991;5.35423;5.46842;5.5825;5.69647;5.81001;5.92313;6.03582;6.14809;6.25993;6.37063;6.48019;6.5886;6.69587;6.802;6.90813;7.00946;7.10598;7.20403;7.30359;7.40468;7.5121;7.62584;7.73957;7.85331;7.96951;8.08818;8.20417;8.31749;8.42813;8.53364;8.636;8.74034;8.84667;8.95476;9.06462;9.17426;9.28368;9.39289;9.50604;9.62314;9.74055;9.85825;9.97627;10.0906;10.2013;10.3156;10.4314;10.5488;10.6678;10.7883;10.9032;11.0144;11.1218;11.2261;11.3273;11.4292;11.5317;11.6349;11.7381;11.8429;11.9492;12.0572;12.1697;12.284;12.3983;12.5128;12.6273;12.739;12.8596;12.9803;13.1013;13.2226;13.344;13.4569;13.5698;13.6826;13.7936;13.9026;14.0097;14.1148;14.218;14.3234;14.4309;14.5405;14.6523;14.7663;14.8802;14.9861;15.0896;15.1909;15.2899;15.3866;15.495;15.6091;15.725;15.8427;15.9623;16.0779;16.1896;16.2986;16.4048;16.5083;16.6091;16.7072;16.8074;16.9097;17.0141;17.1205;17.2291;17.3381;17.4473;17.5569;17.6669;17.7772;17.8866;17.9951;18.1019;18.207;18.3104;18.4129;18.5146;18.6136;18.7098;18.8033;18.8941;18.9841;19.0762;19.1702;19.2662;19.3598;19.449;19.5339;19.6144;19.6906;19.7669;19.8434;19.92;19.9969;20.0739;20.1512;20.2285;20.3046;20.3797;20.4536;20.5264;20.5982;20.6583;20.7285;20.8089;20.8777;21","15;14.9207;14.8404;14.7591;14.6769;14.5937;14.5096;14.4256;14.3417;14.258;14.1744;14.0918;14.01;13.9297;13.851;13.7739;13.6975;13.6218;13.5462;13.4726;13.4011;13.3321;13.2654;13.2011;13.1371;13.0734;13.0133;12.9569;12.9032;12.8525;12.8045;12.7557;12.7061;12.6566;12.607;12.5583;12.5105;12.4635;12.4175;12.3723;12.3271;12.2819;12.2367;12.1919;12.1475;12.1035;12.0599;12.0168;11.9746;11.9335;11.8934;11.8544;11.8164;11.7798;11.7446;11.7109;11.6785;11.6476;11.6182;11.5902;11.5636;11.5385;11.5148;11.4911;11.4687;11.4476;11.4272;11.4074;11.3884;11.3688;11.3486;11.3284;11.3082;11.2887;11.2701;11.2531;11.2377;11.2239;11.2109;11.1988;11.1869;11.1752;11.1642;11.1541;11.1447;11.136;11.128;11.1198;11.1116;11.1039;11.0966;11.0898;11.0836;11.0779;11.0729;11.0691;11.0664;11.0648;11.0644;11.0648;11.0655;11.0665;11.0682;11.0704;11.0729;11.0757;11.0788;11.0818;11.0856;11.0902;11.0955;11.1019;11.1093;11.1171;11.1252;11.1336;11.142;11.1518;11.1629;11.1754;11.1891;11.2042;11.2192;11.2342;11.2492;11.2649;11.2813;11.2984;11.3161;11.3346;11.3539;11.374;11.3949;11.4166;11.4391;11.4617;11.4831;11.5054;11.5283;11.552;11.5765;11.6049;11.6354;11.6674;11.7007;11.7354;11.7694;11.8026;11.836;11.8695;11.9031;11.9368;11.9706;12.0061;12.0432;12.0819;12.1223;12.1643;12.2077;12.2525;12.2988;12.3465;12.3956;12.4454;12.4961;12.5482;12.6017;12.6566;12.7121;12.7682;12.8245;12.8809;12.9375;12.9941;13.054;13.1171;13.1832;13.2525;13.3215;13.388;13.4522;13.5139;13.5732;13.6335;13.6969;13.7636;13.8334;13.9064;13.9826;14.0588;14.1363;14.2151;14.2952;14.3767;14.4594;14.5298;14.619;14.7271;14.8228;15",0.277989,"0;0;1"
