Children Map for Subproblem Tree 7
======================================
Parent ID (x, y) -> [List of Children IDs (x, y)]
    0 (1, 15) -> [ 1 (1.29567, 15.4032); 2 (1.0143, 14.5002); 1391 (0.627222, 15.3332); ]
    1 (1.29567, 15.4032) -> [ 3 (1.37544, 15.8968); ]
    2 (1.0143, 14.5002) -> [ 7 (1.04787, 14.0013); ]
    3 (1.37544, 15.8968) -> [ 4 (1.86317, 16.0069); 1803 (1.24718, 16.3801); ]
    4 (1.86317, 16.0069) -> [ 5 (2.29556, 16.258); 309 (1.95027, 15.7477); ]
    5 (2.29556, 16.258) -> [ 6 (2.75856, 16.4467); 79 (2.5416, 15.8227); ]
    6 (2.75856, 16.4467) -> [ 10 (3.1612, 16.7432); ]
    7 (1.04787, 14.0013) -> [ 8 (1.10792, 13.505); 1631 (0.549681, 14.0439); ]
    8 (1.10792, 13.505) -> [ 9 (1.09696, 13.0051); 979 (1.49151, 13.3257); ]
    9 (1.09696, 13.0051) -> [ 13 (1.43471, 12.6364); 75 (0.608061, 13.1098); ]
    10 (3.1612, 16.7432) -> [ 11 (3.61102, 16.5249); 171 (2.82463, 17.1129); ]
    11 (3.61102, 16.5249) -> [ 12 (3.97876, 16.8636); ]
    12 (3.97876, 16.8636) -> [ 18 (4.40404, 17.1266); 577 (4.29887, 16.4795); 1922 (4.36571, 16.6595); 1971 (4.18214, 16.4388); ]
    13 (1.43471, 12.6364) -> [ 14 (1.85707, 12.3688); 361 (1.11536, 12.2517); 970 (1.04335, 12.5038); ]
    14 (1.85707, 12.3688) -> [ 15 (2.05197, 11.9083); 1322 (1.58023, 12.0487); ]
    15 (2.05197, 11.9083) -> [ 16 (2.24452, 11.4469); 426 (2.47862, 12.169); ]
    16 (2.24452, 11.4469) -> [ 17 (2.69681, 11.2337); 1634 (2.43236, 11.1988); ]
    17 (2.69681, 11.2337) -> [ 22 (2.90403, 10.7787); 1737 (2.98705, 10.9755); ]
    18 (4.40404, 17.1266) -> [ 19 (4.87662, 17.2899); 94 (4.16002, 17.563); 272 (4.37718, 17.2506); 955 (4.51042, 17.4034); ]
    19 (4.87662, 17.2899) -> [ 20 (5.36398, 17.4016); ]
    20 (5.36398, 17.4016) -> [ 21 (5.62549, 16.9754); 23 (5.50995, 17.8798); 1115 (5.54913, 17.5609); ]
    21 (5.62549, 16.9754) -> [ 51 (5.74349, 16.4896); ]
    22 (2.90403, 10.7787) -> [ 25 (3.31947, 10.5005); 299 (2.85143, 10.3996); ]
    23 (5.50995, 17.8798) -> [ ]
    24 (5.96972, 18.0763) -> [ 26 (6.43064, 17.8825); 30 (5.76273, 18.5315); 1269 (5.7335, 18.3712); ]
    25 (3.31947, 10.5005) -> [ 28 (3.30229, 10.0008); 178 (3.54449, 10.2702); 266 (3.74603, 10.7613); 286 (3.65185, 10.8004); 403 (3.4317, 10.1796); ]
    26 (6.43064, 17.8825) -> [ 27 (6.91978, 17.7789); 49 (6.62815, 18.1589); ]
    27 (6.91978, 17.7789) -> [ 29 (7.36868, 17.5587); ]
    28 (3.30229, 10.0008) -> [ 33 (3.74854, 9.77524); 1076 (3.1153, 9.82266); 1683 (3.32002, 9.94356); ]
    29 (7.36868, 17.5587) -> [ 38 (7.79488, 17.2973); 106 (7.79704, 17.8166); 783 (7.53151, 18.0249); ]
    30 (5.76273, 18.5315) -> [ 31 (5.52785, 18.9729); 1146 (5.88668, 18.9431); ]
    31 (5.52785, 18.9729) -> [ 32 (5.65977, 19.4551); 1804 (5.42257, 19.2611); ]
    32 (5.65977, 19.4551) -> [ 36 (5.99618, 19.825); 1096 (5.38279, 19.779); ]
    33 (3.74854, 9.77524) -> [ 34 (3.86869, 9.28989); 184 (4.09785, 9.71662); 1127 (3.76336, 9.422); 1511 (4.0992, 10.0188); ]
    34 (3.86869, 9.28989) -> [ 35 (4.30873, 9.05247); 41 (3.62288, 8.85449); 304 (3.98484, 9.01344); ]
    35 (4.30873, 9.05247) -> [ 37 (4.79671, 8.94349); 770 (4.54977, 8.74369); 1380 (4.42506, 9.19568); 1471 (4.69877, 9.31672); ]
    36 (5.99618, 19.825) -> [ 39 (6.3348, 20.1929); 989 (6.253, 20.0563); ]
    37 (4.79671, 8.94349) -> [ 40 (5.29379, 8.99742); 1810 (4.82688, 8.92273); ]
    38 (7.79488, 17.2973) -> [ 42 (8.26595, 17.1296); 797 (8.12427, 16.9504); ]
    39 (6.3348, 20.1929) -> [ 44 (6.77762, 20.4251); 73 (6.06479, 20.6138); ]
    40 (5.29379, 8.99742) -> [ 45 (5.72825, 9.24491); 122 (5.59392, 8.59752); ]
    41 (3.62288, 8.85449) -> [ 69 (3.27447, 8.49587); ]
    42 (8.26595, 17.1296) -> [ ]
    43 (8.19104, 16.6353) -> [ 288 (7.8728, 16.2496); ]
    44 (6.77762, 20.4251) -> [ 54 (7.24504, 20.6027); 255 (6.6855, 20.9166); ]
    45 (5.72825, 9.24491) -> [ 46 (6.21642, 9.1368); 59 (5.39209, 9.54489); 338 (5.83479, 9.15908); 1993 (5.90487, 9.71268); ]
    46 (6.21642, 9.1368) -> [ 47 (6.59835, 8.81412); ]
    47 (6.59835, 8.81412) -> [ 48 (7.08097, 8.94482); 50 (6.6674, 8.31891); 1703 (7.00519, 8.52718); ]
    48 (7.08097, 8.94482) -> [ 77 (7.56359, 9.0755); ]
    49 (6.62815, 18.1589) -> [ 1143 (6.29426, 18.5031); ]
    50 (6.6674, 8.31891) -> [ 53 (6.57489, 7.82754); 658 (7.04552, 8.06892); ]
    51 (5.74349, 16.4896) -> [ 482 (5.97165, 16.0446); 1019 (5.82202, 16.1379); 1183 (6.03913, 16.1135); 1984 (5.54751, 16.2344); ]
    52 (8.67657, 16.5159) -> [ 72 (9.14701, 16.3465); ]
    53 (6.57489, 7.82754) -> [ 57 (6.99608, 7.5581); 177 (6.1059, 7.75651); 566 (6.88082, 7.55356); ]
    54 (7.24504, 20.6027) -> [ 55 (7.56556, 20.9864); 96 (7.51444, 20.1814); 1270 (7.23963, 20.1996); ]
    55 (7.56556, 20.9864) -> [ 56 (8.0645, 21.019); 114 (7.43669, 21.4695); 158 (7.69083, 20.8723); 1623 (7.61962, 21.1867); ]
    56 (8.0645, 21.019) -> [ 63 (8.42618, 20.6737); 1064 (8.40295, 20.8777); 1359 (8.34436, 20.6696); ]
    57 (6.99608, 7.5581) -> [ 58 (7.34004, 7.19521); 475 (7.39431, 7.6801); ]
    58 (7.34004, 7.19521) -> [ 60 (7.24316, 6.70468); 341 (7.46505, 7.29018); 779 (7.35715, 7.01339); ]
    59 (5.39209, 9.54489) -> [ 895 (5.08563, 9.90399); ]
    60 (7.24316, 6.70468) -> [ 61 (7.52974, 6.29496); ]
    61 (7.52974, 6.29496) -> [ 62 (7.51682, 5.79513); 371 (7.52353, 5.91846); 736 (7.42069, 6.01517); 1260 (7.45233, 6.18817); 1635 (7.84528, 6.33546); ]
    62 (7.51682, 5.79513) -> [ 65 (7.98404, 5.61708); 66 (7.2684, 5.36121); ]
    63 (8.42618, 20.6737) -> [ ]
    64 (8.85931, 20.9235) -> [ 68 (9.35379, 20.8494); 289 (8.67369, 21.3878); ]
    65 (7.98404, 5.61708) -> [ 70 (8.46195, 5.47009); 675 (8.25151, 6.03952); 766 (8.26995, 5.52138); ]
    66 (7.2684, 5.36121) -> [ 67 (7.03738, 4.91778); ]
    67 (7.03738, 4.91778) -> [ 71 (6.63487, 4.62115); ]
    68 (9.35379, 20.8494) -> [ 82 (9.82882, 21.0055); ]
    69 (3.27447, 8.49587) -> [ 93 (2.97645, 8.09439); ]
    70 (8.46195, 5.47009) -> [ 76 (8.88967, 5.72904); 1159 (8.70238, 5.03169); ]
    71 (6.63487, 4.62115) -> [ 87 (6.26915, 4.2802); 1057 (6.73244, 4.1721); 1598 (6.41652, 4.27303); ]
    72 (9.14701, 16.3465) -> [ 74 (9.45487, 15.9525); 1899 (9.24898, 16.8195); 1943 (9.58674, 16.4204); ]
    73 (6.06479, 20.6138) -> [ 100 (5.74992, 21.0022); 214 (5.69903, 20.6667); 378 (6.18703, 20.8424); ]
    74 (9.45487, 15.9525) -> [ 78 (9.25174, 15.4956); 105 (9.94939, 15.8787); 1926 (9.18729, 15.6039); ]
    75 (0.608061, 13.1098) -> [ 733 (0.430135, 12.7453); ]
    76 (8.88967, 5.72904) -> [ 80 (9.26428, 5.39788); 194 (9.16328, 5.48589); ]
    77 (7.56359, 9.0755) -> [ 86 (8.01642, 8.86349); 142 (7.29492, 9.49718); 1866 (7.87502, 8.78427); ]
    79 (2.5416, 15.8227) -> [ 837 (3.03316, 15.7312); ]
    80 (9.26428, 5.39788) -> [ 81 (9.76394, 5.4162); ]
    81 (9.76394, 5.4162) -> [ 83 (10.2635, 5.4383); 206 (9.61284, 5.8064); ]
    82 (9.82882, 21.0055) -> [ 88 (10.1516, 21.3873); 217 (10.1085, 20.6592); 1026 (9.89365, 21.0132); 1371 (10.1574, 21.2026); ]
    83 (10.2635, 5.4383) -> [ 84 (10.49, 4.99258); 85 (10.6924, 5.69522); 1216 (10.675, 5.41457); 1858 (10.5302, 5.60407); ]
    84 (10.49, 4.99258) -> [ 92 (10.5298, 4.49416); ]
    85 (10.6924, 5.69522) -> [ 95 (11.1878, 5.76261); ]
    86 (8.01642, 8.86349) -> [ 136 (8.46152, 8.63572); ]
    87 (6.26915, 4.2802) -> [ 91 (5.96892, 4.68003); ]
    88 (10.1516, 21.3873) -> [ 90 (10.5236, 21.7215); ]
    89 (6.3643, 3.78934) -> [ 109 (6.25401, 3.30165); 1673 (6.29614, 3.39139); ]
    90 (10.5236, 21.7215) -> [ 97 (10.7403, 22.1721); ]
    91 (5.96892, 4.68003) -> [ 175 (5.49777, 4.51263); ]
    92 (10.5298, 4.49416) -> [ 98 (10.8443, 4.10545); 669 (10.6877, 4.14242); ]
    93 (2.97645, 8.09439) -> [ 152 (3.18959, 7.64209); 269 (2.56895, 8.38413); 1837 (3.13701, 7.85997); ]
    94 (4.16002, 17.563) -> [ 166 (3.93426, 18.0091); 465 (3.79037, 17.7471); ]
    95 (11.1878, 5.76261) -> [ 99 (11.5497, 6.10768); 162 (11.1742, 5.83368); ]
    96 (7.51444, 20.1814) -> [ 298 (7.87436, 19.8344); ]
    97 (10.7403, 22.1721) -> [ 103 (11.2398, 22.1936); 135 (10.4451, 22.5756); ]
    98 (10.8443, 4.10545) -> [ 104 (11.0247, 3.63916); 410 (11.0375, 4.22348); 571 (11.1369, 3.91544); ]
    99 (11.5497, 6.10768) -> [ 102 (12.0422, 6.02128); 110 (11.5078, 6.60592); 1698 (11.9279, 6.15335); ]
    100 (5.74992, 21.0022) -> [ 101 (5.67664, 21.4968); ]
    101 (5.67664, 21.4968) -> [ 113 (5.34868, 21.8742); ]
    102 (12.0422, 6.02128) -> [ 119 (12.5316, 6.12362); ]
    103 (11.2398, 22.1936) -> [ 111 (11.322, 22.6868); 125 (11.7046, 22.0093); 1337 (11.5436, 22.0986); ]
    104 (11.0247, 3.63916) -> [ 107 (11.371, 3.27846); 388 (10.5339, 3.54378); 1870 (10.6389, 3.4601); ]
    105 (9.94939, 15.8787) -> [ ]
    106 (7.79704, 17.8166) -> [ ]
    107 (11.371, 3.27846) -> [ 108 (11.5507, 2.81186); 1771 (11.4814, 3.28117); ]
    108 (11.5507, 2.81186) -> [ 112 (11.3525, 2.3528); 456 (11.1387, 2.59694); 812 (11.9602, 2.7973); 1564 (11.9788, 2.75026); ]
    109 (6.25401, 3.30165) -> [ 120 (6.18626, 2.80627); ]
    110 (11.5078, 6.60592) -> [ 132 (11.405, 7.09523); ]
    111 (11.322, 22.6868) -> [ 329 (11.3233, 23.1868); ]
    112 (11.3525, 2.3528) -> [ 115 (11.7031, 1.99633); 127 (10.938, 2.07315); 380 (11.292, 2.14759); 615 (11.4618, 2.30411); 1707 (11.1742, 2.20506); ]
    113 (5.34868, 21.8742) -> [ 117 (5.11075, 22.3139); 867 (4.89047, 21.9511); 1103 (5.80058, 22.0881); ]
    114 (7.43669, 21.4695) -> [ 277 (7.73663, 21.8696); ]
    115 (11.7031, 1.99633) -> [ 116 (12.202, 1.96368); 118 (11.6019, 1.50668); ]
    116 (12.202, 1.96368) -> [ 121 (12.6888, 1.84927); 520 (12.3016, 2.1361); 1720 (12.536, 1.9201); ]
    117 (5.11075, 22.3139) -> [ 123 (4.80949, 22.713); 655 (5.10142, 22.589); ]
    118 (11.6019, 1.50668) -> [ 124 (11.2497, 1.15174); 461 (11.8942, 1.10108); ]
    119 (12.5316, 6.12362) -> [ 140 (12.7932, 6.5497); 215 (12.8066, 5.70607); 927 (12.6802, 6.31749); 1548 (12.4944, 6.29725); ]
    120 (6.18626, 2.80627) -> [ 126 (5.95594, 2.36247); 855 (6.33075, 2.64646); 1430 (6.36589, 2.52047); ]
    121 (12.6888, 1.84927) -> [ 137 (13.0462, 1.49967); 250 (13.0962, 2.13913); 1951 (13.0102, 1.51654); ]
    122 (5.59392, 8.59752) -> [ 1948 (5.25222, 8.2325); ]
    123 (4.80949, 22.713) -> [ 131 (4.38823, 22.9823); 1388 (4.63234, 22.712); ]
    124 (11.2497, 1.15174) -> [ 129 (10.8769, 0.818504); 1458 (11.095, 1.46691); ]
    125 (11.7046, 22.0093) -> [ 128 (12.1607, 22.2142); ]
    126 (5.95594, 2.36247) -> [ 145 (5.78552, 1.89241); 267 (6.0673, 2.10104); ]
    127 (10.938, 2.07315) -> [ 422 (10.44, 2.02835); ]
    128 (12.1607, 22.2142) -> [ 141 (12.6032, 22.447); 276 (12.4194, 21.7864); 415 (12.2176, 22.702); 1614 (12.1885, 22.439); 1818 (12.4491, 21.8117); ]
    129 (10.8769, 0.818504) -> [ 134 (10.9878, 0.330951); 1916 (10.6114, 0.738752); ]
    130 (10.3993, 16.0968) -> [ 1518 (10.4121, 15.9545); ]
    131 (4.38823, 22.9823) -> [ 168 (3.93001, 22.7822); 195 (4.34591, 23.4805); 1312 (4.17062, 23.173); ]
    132 (11.405, 7.09523) -> [ 569 (11.5157, 7.58282); ]
    133 (10.4255, 20.969) -> [ 295 (10.9255, 20.9696); ]
    134 (10.9878, 0.330951) -> [ 144 (10.5784, 0.0439947); 385 (10.7306, 0.230499); ]
    135 (10.4451, 22.5756) -> [ 191 (10.0171, 22.8342); 1267 (10.1808, 22.4659); 1743 (10.8985, 22.7317); ]
    136 (8.46152, 8.63572) -> [ 139 (8.86929, 8.34637); 170 (8.73787, 9.05241); 551 (8.33587, 8.15176); 1875 (8.50863, 8.1722); ]
    137 (13.0462, 1.49967) -> [ 138 (13.393, 1.13944); ]
    138 (13.393, 1.13944) -> [ 148 (13.8134, 0.868739); ]
    139 (8.86929, 8.34637) -> [ 1461 (8.97502, 8.59491); 1606 (8.85554, 8.11045); ]
    140 (12.7932, 6.5497) -> [ ]
    141 (12.6032, 22.447) -> [ 151 (13.0024, 22.748); ]
    142 (7.29492, 9.49718) -> [ 181 (7.68478, 9.81024); 951 (7.37184, 9.98717); ]
    143 (5.86128, 19.142) -> [ ]
    144 (10.5784, 0.0439947) -> [ 427 (10.4173, -0.429343); 502 (10.1932, 0.362846); 629 (10.9847, -0.247362); ]
    145 (5.78552, 1.89241) -> [ 147 (5.64223, 1.41338); 1113 (5.49881, 1.52781); ]
    146 (5.28336, 20.8224) -> [ 303 (4.88022, 20.5266); ]
    147 (5.64223, 1.41338) -> [ 150 (5.48315, 0.939366); 242 (5.48893, 1.11135); ]
    148 (13.8134, 0.868739) -> [ 154 (14.3013, 0.977784); 161 (13.7084, 0.379872); 1030 (13.5718, 0.44322); ]
    149 (13.274, 6.68682) -> [ 159 (13.7711, 6.63304); 765 (13.6671, 6.55372); ]
    150 (5.48315, 0.939366) -> [ 153 (5.28981, 0.478256); ]
    151 (13.0024, 22.748) -> [ 157 (13.353, 23.1045); 351 (13.2949, 22.3425); 729 (13.385, 22.5133); 1141 (13.1776, 22.5209); ]
    152 (3.18959, 7.64209) -> [ 192 (2.93547, 7.21148); 718 (3.64596, 7.43782); ]
    153 (5.28981, 0.478256) -> [ 156 (5.37661, -0.0141516); 208 (4.80418, 0.359256); 1965 (5.7812, 0.385842); ]
    154 (14.3013, 0.977784) -> [ 155 (14.6832, 1.30051); 1756 (14.4842, 1.40357); 1850 (14.5077, 1.03034); ]
    155 (14.6832, 1.30051) -> [ 176 (15.1682, 1.42224); ]
    156 (5.37661, -0.0141516) -> [ 164 (5.39979, -0.513614); ]
    157 (13.353, 23.1045) -> [ 163 (13.8525, 23.1267); 261 (13.1503, 23.5616); ]
    159 (13.7711, 6.63304) -> [ 160 (14.1548, 6.95367); 1305 (14.14, 6.29552); ]
    160 (14.1548, 6.95367) -> [ 180 (14.3925, 7.39357); 404 (14.4644, 7.29322); 742 (13.8456, 7.31925); ]
    161 (13.7084, 0.379872) -> [ 167 (14.0716, 0.0362137); ]
    162 (11.1742, 5.83368) -> [ 606 (10.9137, 6.2605); ]
    163 (13.8525, 23.1267) -> [ 172 (14.0891, 23.5672); 232 (14.2537, 22.8284); ]
    164 (5.39979, -0.513614) -> [ 165 (5.50654, -1.00209); ]
    165 (5.50654, -1.00209) -> [ 169 (5.79178, -1.41274); 1372 (5.00915, -1.05309); ]
    166 (3.93426, 18.0091) -> [ 759 (4.17893, 18.4452); ]
    167 (14.0716, 0.0362137) -> [ 174 (14.3625, -0.370431); 466 (14.5154, 0.102304); ]
    168 (3.93001, 22.7822) -> [ 196 (3.47786, 22.9957); 1960 (3.86414, 22.9334); ]
    169 (5.79178, -1.41274) -> [ 173 (5.68677, -1.90159); 219 (6.28949, -1.46053); 846 (5.98807, -1.33192); ]
    170 (8.73787, 9.05241) -> [ 229 (9.07957, 9.41743); ]
    171 (2.82463, 17.1129) -> [ 213 (2.53, 17.5169); 1723 (2.37111, 17.2167); 1990 (2.70774, 17.3704); ]
    172 (14.0891, 23.5672) -> [ 182 (14.5096, 23.8377); ]
    173 (5.68677, -1.90159) -> [ 187 (5.63696, -2.3991); ]
    174 (14.3625, -0.370431) -> [ 179 (14.5672, -0.826606); 1530 (14.7136, -0.422383); ]
    175 (5.49777, 4.51263) -> [ 348 (5.04908, 4.29201); 674 (5.05906, 4.32508); 1944 (5.26473, 4.29342); ]
    176 (15.1682, 1.42224) -> [ 188 (15.6507, 1.55331); 1233 (15.1817, 1.83667); 1311 (15.3829, 1.18091); ]
    177 (6.1059, 7.75651) -> [ 554 (5.76292, 7.39269); 1278 (5.87557, 7.581); ]
    179 (14.5672, -0.826606) -> [ 189 (14.8279, -1.25328); 1404 (14.7981, -0.924638); 1589 (14.1922, -1.15727); ]
    180 (14.3925, 7.39357) -> [ 1412 (14.5794, 7.80275); ]
    181 (7.68478, 9.81024) -> [ ]
    182 (14.5096, 23.8377) -> [ 185 (14.9552, 24.0645); 373 (14.978, 23.971); ]
    183 (14.8807, 7.50155) -> [ 202 (15.3371, 7.70558); ]
    185 (14.9552, 24.0645) -> [ 186 (14.7565, 24.5232); 1854 (15.1428, 24.2082); ]
    186 (14.7565, 24.5232) -> [ 641 (14.7173, 25.0217); 1588 (14.2657, 24.6188); ]
    187 (5.63696, -2.3991) -> [ 197 (5.56766, -2.89428); 273 (5.14478, -2.31101); 1627 (5.57966, -2.81); ]
    188 (15.6507, 1.55331) -> [ 221 (16.1405, 1.65355); 938 (15.9355, 1.60073); ]
    189 (14.8279, -1.25328) -> [ 199 (14.8738, -1.75117); 434 (14.7405, -1.54177); 471 (14.8207, -1.62435); ]
    190 (15.434, 23.9201) -> [ 193 (15.9235, 24.0218); 430 (15.8691, 24.0056); 1101 (15.5533, 23.4346); ]
    191 (10.0171, 22.8342) -> [ 207 (10.0737, 23.331); ]
    192 (2.93547, 7.21148) -> [ 228 (2.71396, 6.76323); ]
    193 (15.9235, 24.0218) -> [ 201 (16.3367, 23.7403); 375 (16.1092, 24.486); ]
    195 (4.34591, 23.4805) -> [ 1787 (4.80254, 23.6842); ]
    196 (3.47786, 22.9957) -> [ 198 (3.21357, 23.4201); 275 (3.33544, 23.1606); 892 (3.1583, 23.0562); ]
    197 (5.56766, -2.89428) -> [ 211 (5.7392, -3.36393); ]
    198 (3.21357, 23.4201) -> [ 200 (3.06052, 23.8961); ]
    199 (14.8738, -1.75117) -> [ 210 (15.0015, -2.23457); 1491 (15.2519, -2.02905); ]
    200 (3.06052, 23.8961) -> [ 220 (2.96082, 24.3861); ]
    201 (16.3367, 23.7403) -> [ 205 (16.794, 23.9424); 1556 (16.1631, 23.42); ]
    202 (15.3371, 7.70558) -> [ 209 (15.5585, 8.15393); 287 (15.5238, 7.24172); ]
    203 (4.64244, 22.1388) -> [ 490 (4.19906, 21.9076); ]
    204 (4.56428, 17.8572) -> [ 1918 (4.7932, 17.8588); ]
    205 (16.794, 23.9424) -> [ 230 (17.2835, 23.8404); 685 (16.93, 23.471); ]
    206 (9.61284, 5.8064) -> [ 429 (9.83737, 6.25315); 609 (9.56471, 6.20546); 678 (9.30886, 6.16389); ]
    207 (10.0737, 23.331) -> [ 212 (9.87843, 23.7913); ]
    208 (4.80418, 0.359256) -> [ 239 (4.30933, 0.287697); ]
    209 (15.5585, 8.15393) -> [ 218 (15.8791, 8.53756); 1460 (15.2531, 8.45216); 1798 (15.5056, 8.49051); 1934 (15.4982, 8.47656); ]
    210 (15.0015, -2.23457) -> [ ]
    211 (5.7392, -3.36393) -> [ 227 (5.63166, -3.85223); ]
    212 (9.87843, 23.7913) -> [ 251 (9.54884, 24.1673); ]
    213 (2.53, 17.5169) -> [ ]
    214 (5.69903, 20.6667) -> [ 146 (5.28336, 20.8224); 1807 (5.49912, 20.2883); ]
    215 (12.8066, 5.70607) -> [ 293 (13.1927, 5.38842); ]
    216 (15.5015, -2.23156) -> [ 222 (15.823, -2.61449); 1662 (15.8231, -2.13344); ]
    217 (10.1085, 20.6592) -> [ 561 (9.7253, 20.4859); 1562 (9.76117, 20.337); 1639 (10.3822, 20.4591); ]
    218 (15.8791, 8.53756) -> [ 223 (16.112, 8.98004); 270 (16.2847, 8.24515); ]
    219 (6.28949, -1.46053) -> [ 485 (6.72666, -1.70319); ]
    220 (2.96082, 24.3861) -> [ 245 (3.08936, 24.8693); 863 (2.71958, 24.5994); 1182 (2.67714, 24.2771); ]
    221 (16.1405, 1.65355) -> [ 234 (16.6165, 1.80676); 296 (16.2684, 1.17017); ]
    222 (15.823, -2.61449) -> [ 224 (16.146, -2.99618); ]
    223 (16.112, 8.98004) -> [ 226 (15.7706, 9.34539); 1316 (16.3141, 9.43737); ]
    224 (16.146, -2.99618) -> [ 238 (16.2355, -3.4881); ]
    226 (15.7706, 9.34539) -> [ 257 (15.6961, 9.8398); 1718 (15.3325, 9.45914); ]
    227 (5.63166, -3.85223) -> [ 231 (5.84845, -4.30278); 248 (5.15504, -4.00334); 1520 (5.38303, -3.93592); ]
    228 (2.71396, 6.76323) -> [ 246 (2.41355, 6.36353); ]
    229 (9.07957, 9.41743) -> [ 240 (9.44474, 9.07588); 537 (9.01488, 9.91323); ]
    230 (17.2835, 23.8404) -> [ 235 (17.5332, 23.4072); 247 (17.6529, 24.1774); ]
    231 (5.84845, -4.30278) -> [ 233 (5.54394, -4.69937); 236 (6.34032, -4.39254); 342 (6.15648, -3.96565); ]
    232 (14.2537, 22.8284) -> [ 1059 (14.7209, 22.7917); 1741 (14.4757, 22.632); ]
    233 (5.54394, -4.69937) -> [ 259 (5.14628, -5.00246); ]
    234 (16.6165, 1.80676) -> [ 241 (17.0777, 1.99992); ]
    235 (17.5332, 23.4072) -> [ 253 (17.4569, 22.9131); ]
    236 (6.34032, -4.39254) -> [ 300 (6.67734, -4.76189); 681 (6.65076, -4.44303); ]
    237 (14.55, -2.44925) -> [ 297 (14.0544, -2.38246); ]
    238 (16.2355, -3.4881) -> [ 243 (15.9567, -3.90311); 256 (16.7221, -3.37287); 714 (16.5676, -3.69038); ]
    239 (4.30933, 0.287697) -> [ 308 (3.86554, 0.0573602); 1056 (4.11465, 0.564804); 1434 (4.3233, 0.650589); ]
    240 (9.44474, 9.07588) -> [ 672 (9.83643, 8.76512); ]
    241 (17.0777, 1.99992) -> [ 258 (17.4959, 2.27394); 1437 (17.363, 1.93269); ]
    242 (5.48893, 1.11135) -> [ 346 (5.98025, 1.01858); ]
    243 (15.9567, -3.90311) -> [ 249 (16.3606, -4.19783); 356 (15.6275, -4.27946); ]
    244 (10.3391, 16.5932) -> [ ]
    245 (3.08936, 24.8693) -> [ 359 (2.80988, 25.2839); 758 (3.58935, 24.8713); 1845 (3.29115, 25.272); ]
    246 (2.41355, 6.36353) -> [ 260 (1.96384, 6.145); ]
    247 (17.6529, 24.1774) -> [ 252 (18.1436, 24.2733); ]
    248 (5.15504, -4.00334) -> [ 1016 (4.81485, -4.1582); 1340 (5.00055, -4.47413); ]
    249 (16.3606, -4.19783) -> [ 418 (16.7453, -4.51723); ]
    250 (13.0962, 2.13913) -> [ ]
    251 (9.54884, 24.1673) -> [ 254 (9.69976, 24.6439); 873 (9.4094, 24.3419); ]
    252 (18.1436, 24.2733) -> [ 292 (18.5337, 24.5861); ]
    253 (17.4569, 22.9131) -> [ 274 (17.738, 22.4996); ]
    254 (9.69976, 24.6439) -> [ 317 (9.74067, 25.1423); 626 (10.1994, 24.6256); 1308 (9.87294, 24.5983); ]
    256 (16.7221, -3.37287) -> [ 271 (17.2118, -3.47383); ]
    257 (15.6961, 9.8398) -> [ 263 (15.2205, 9.99405); 280 (15.9807, 10.2509); 1510 (15.7366, 10.2672); ]
    258 (17.4959, 2.27394) -> [ 290 (17.9959, 2.2718); 750 (17.8398, 2.55934); ]
    259 (5.14628, -5.00246) -> [ 262 (5.26685, -5.4877); ]
    260 (1.96384, 6.145) -> [ 264 (1.83231, 5.66261); ]
    261 (13.1503, 23.5616) -> [ 279 (12.7256, 23.8255); ]
    262 (5.26685, -5.4877) -> [ 265 (4.83036, -5.73159); 847 (5.59773, -5.50692); ]
    263 (15.2205, 9.99405) -> [ 325 (15.0764, 10.4729); 775 (14.7271, 9.91266); 1342 (15.2009, 10.1398); ]
    264 (1.83231, 5.66261) -> [ 379 (1.51822, 5.27357); 464 (2.181, 5.30426); ]
    265 (4.83036, -5.73159) -> [ 278 (4.83992, -6.2315); 969 (4.48998, -5.36533); 1425 (4.64035, -5.78117); ]
    266 (3.74603, 10.7613) -> [ 281 (4.08289, 11.1308); ]
    267 (6.0673, 2.10104) -> [ 283 (6.5262, 1.90253); ]
    268 (10.8133, 16.7519) -> [ 498 (11.2807, 16.9293); 803 (10.6266, 17.2158); 807 (10.8591, 16.878); 959 (10.8197, 16.9514); 1001 (11.266, 16.6924); 1552 (10.7237, 17.0582); 1991 (11.2827, 16.8714); ]
    269 (2.56895, 8.38413) -> [ 499 (2.0736, 8.31613); ]
    270 (16.2847, 8.24515) -> [ 314 (16.6852, 7.94573); ]
    271 (17.2118, -3.47383) -> [ 285 (17.6614, -3.69253); 301 (17.3971, -3.00943); ]
    273 (5.14478, -2.31101) -> [ 497 (4.64478, -2.31285); ]
    274 (17.738, 22.4996) -> [ 318 (18.1751, 22.2568); 362 (17.5274, 22.0461); ]
    275 (3.33544, 23.1606) -> [ 225 (3.36636, 23.5259); ]
    277 (7.73663, 21.8696) -> [ 473 (7.69324, 22.3677); ]
    278 (4.83992, -6.2315) -> [ 291 (4.34054, -6.2066); 1210 (4.95746, -6.22267); ]
    279 (12.7256, 23.8255) -> [ 337 (12.8408, 24.312); 1084 (12.4508, 23.4077); ]
    280 (15.9807, 10.2509) -> [ 282 (16.4722, 10.3425); ]
    281 (4.08289, 11.1308) -> [ 343 (4.5148, 11.3827); 650 (4.29917, 11.3642); 909 (4.3924, 10.7381); 936 (4.44816, 11.3604); 1395 (3.6569, 11.3926); ]
    282 (16.4722, 10.3425) -> [ 284 (16.9652, 10.4262); ]
    283 (6.5262, 1.90253) -> [ 333 (7.0261, 1.89261); ]
    284 (16.9652, 10.4262) -> [ 302 (17.3099, 10.7883); ]
    285 (17.6614, -3.69253) -> [ 312 (17.7482, -4.18494); 320 (18.1554, -3.61522); 399 (17.7524, -3.98945); 1887 (18.0932, -3.92163); ]
    287 (15.5238, 7.24172) -> [ 447 (15.6044, 6.74826); ]
    288 (7.8728, 16.2496) -> [ 761 (7.44559, 15.9898); 1801 (8.19867, 16.0423); ]
    289 (8.67369, 21.3878) -> [ 512 (8.52736, 21.8659); 944 (8.62524, 21.5894); 1250 (8.54237, 21.7748); ]
    290 (17.9959, 2.2718) -> [ 310 (18.4765, 2.40968); 716 (18.3898, 2.145); ]
    291 (4.34054, -6.2066) -> [ 307 (4.05851, -6.61947); 352 (4.31656, -6.4958); ]
    292 (18.5337, 24.5861) -> [ 323 (18.9176, 24.9064); 1431 (18.3793, 25.0616); 1574 (18.8517, 24.9156); ]
    293 (13.1927, 5.38842) -> [ 908 (13.1378, 4.89144); ]
    295 (10.9255, 20.9696) -> [ 367 (11.2379, 20.5792); ]
    296 (16.2684, 1.17017) -> [ 353 (16.5171, 0.736439); 1338 (16.5779, 1.22486); ]
    297 (14.0544, -2.38246) -> [ 518 (14.0114, -2.88061); ]
    298 (7.87436, 19.8344) -> [ 340 (7.99279, 19.3486); 780 (8.37151, 19.8877); 1599 (8.17351, 20.0742); ]
    299 (2.85143, 10.3996) -> [ 527 (2.41881, 10.1489); ]
    300 (6.67734, -4.76189) -> [ 313 (7.17561, -4.80344); ]
    301 (17.3971, -3.00943) -> [ 357 (17.4405, -2.51131); ]
    302 (17.3099, 10.7883) -> [ 306 (17.6027, 11.1936); 1532 (17.162, 10.9185); ]
    305 (4.89588, -3.87218) -> [ 442 (4.41638, -4.01388); ]
    306 (17.6027, 11.1936) -> [ 327 (18.0573, 10.9853); 516 (17.5427, 11.69); 647 (17.6613, 11.3237); 734 (17.8961, 11.1314); ]
    307 (4.05851, -6.61947) -> [ 315 (3.99367, -7.11525); 1207 (3.68564, -6.28635); ]
    308 (3.86554, 0.0573602) -> [ 311 (3.66321, -0.399871); 334 (3.60452, 0.483822); 1435 (3.57864, -0.12054); ]
    309 (1.95027, 15.7477) -> [ 394 (1.9357, 15.2479); ]
    310 (18.4765, 2.40968) -> [ ]
    311 (3.66321, -0.399871) -> [ 623 (3.78713, -0.884271); ]
    312 (17.7482, -4.18494) -> [ 322 (17.8425, -4.67597); ]
    313 (7.17561, -4.80344) -> [ 316 (7.47312, -5.20529); 440 (7.43878, -4.50924); ]
    314 (16.6852, 7.94573) -> [ 364 (17.1645, 7.80364); 1082 (17.0067, 7.98623); 1805 (17.0514, 8.04313); ]
    315 (3.99367, -7.11525) -> [ 344 (3.61792, -7.44511); 345 (4.29168, -7.51673); 838 (4.26221, -7.34557); ]
    316 (7.47312, -5.20529) -> [ 377 (7.83721, -5.54798); 679 (7.0752, -5.50804); ]
    317 (9.74067, 25.1423) -> [ 324 (9.52768, 25.5946); ]
    318 (18.1751, 22.2568) -> [ 332 (18.6655, 22.1593); 1286 (18.2505, 22.7511); 1612 (18.3393, 21.9337); ]
    319 (12.7544, 2.50404) -> [ 1184 (12.7921, 3.00262); ]
    320 (18.1554, -3.61522) -> [ 326 (18.6372, -3.74884); ]
    321 (5.19165, 1.63011) -> [ 392 (4.81803, 1.7007); 407 (4.91973, 1.35036); ]
    322 (17.8425, -4.67597) -> [ 335 (18.0035, -5.14932); ]
    323 (18.9176, 24.9064) -> [ 349 (19.1517, 24.4646); 350 (19.3432, 25.1689); ]
    324 (9.52768, 25.5946) -> [ 336 (9.85768, 25.9703); ]
    325 (15.0764, 10.4729) -> [ 424 (14.9221, 10.9485); ]
    326 (18.6372, -3.74884) -> [ 510 (18.9597, -3.36671); 885 (18.9819, -4.11106); ]
    327 (18.0573, 10.9853) -> [ 1112 (18.4536, 10.7699); 1558 (18.4054, 11.0854); ]
    328 (16.4034, 2.25908) -> [ 568 (16.2228, 2.72533); 1402 (16.5458, 2.62436); 1602 (16.6095, 2.48386); ]
    329 (11.3233, 23.1868) -> [ 1124 (11.1747, 23.4269); 1315 (11.753, 23.2939); ]
    330 (6.38371, 19.5091) -> [ ]
    331 (7.47729, 10.2652) -> [ 1205 (7.67852, 10.6076); ]
    332 (18.6655, 22.1593) -> [ 414 (19.154, 22.0528); ]
    333 (7.0261, 1.89261) -> [ 592 (7.45043, 2.15708); ]
    334 (3.60452, 0.483822) -> [ 539 (3.10551, 0.452463); ]
    335 (18.0035, -5.14932) -> [ 365 (18.262, -5.57734); 1576 (17.643, -5.49576); 1973 (18.1693, -5.19428); ]
    336 (9.85768, 25.9703) -> [ 370 (10.2754, 26.245); 530 (9.44331, 26.2501); 542 (10.1045, 25.5794); 1956 (10.1909, 25.6748); ]
    337 (12.8408, 24.312) -> [ 449 (13.2793, 24.5522); 875 (12.4334, 24.6018); 1246 (12.7504, 24.6966); 1300 (12.8785, 24.6471); ]
    339 (18.4466, 2.55745) -> [ 492 (18.8285, 2.88009); ]
    340 (7.99279, 19.3486) -> [ 533 (8.41965, 19.0882); ]
    342 (6.15648, -3.96565) -> [ 1980 (6.30902, -3.78249); ]
    343 (4.5148, 11.3827) -> [ 1050 (4.99098, 11.5352); ]
    344 (3.61792, -7.44511) -> [ 360 (3.17162, -7.21969); 752 (3.90463, -7.81518); ]
    345 (4.29168, -7.51673) -> [ 358 (4.55546, -7.94149); ]
    346 (5.98025, 1.01858) -> [ 614 (6.38374, 0.843167); 1304 (6.2125, 0.774535); ]
    347 (18.419, 11.3306) -> [ ]
    348 (5.04908, 4.29201) -> [ 505 (5.06691, 3.79233); 952 (4.55627, 4.20754); ]
    349 (19.1517, 24.4646) -> [ 400 (19.0145, 24.3255); ]
    350 (19.3432, 25.1689) -> [ 374 (19.4622, 25.6545); 1661 (19.4383, 24.8059); ]
    351 (13.2949, 22.3425) -> [ 450 (13.5732, 21.9272); ]
    352 (4.31656, -6.4958) -> [ 391 (4.32063, -6.79533); ]
    353 (16.5171, 0.736439) -> [ 386 (16.0342, 0.606837); 601 (16.9991, 0.869686); 1840 (16.9761, 0.901073); ]
    354 (18.8334, 11.0509) -> [ 363 (19.1379, 11.4476); 947 (19.2733, 11.2327); 1157 (19.3176, 10.98); ]
    355 (14.0448, 7.75287) -> [ 437 (13.913, 8.2352); ]
    356 (15.6275, -4.27946) -> [ 408 (15.3283, -4.68005); 707 (15.1905, -4.06528); ]
    357 (17.4405, -2.51131) -> [ 472 (17.6033, -2.03857); ]
    358 (4.55546, -7.94149) -> [ 443 (4.27863, -8.35787); ]
    359 (2.80988, 25.2839) -> [ 368 (2.7954, 25.7837); ]
    360 (3.17162, -7.21969) -> [ 389 (2.76752, -6.92523); 1116 (2.83747, -7.16178); ]
    361 (1.11536, 12.2517) -> [ 1036 (0.862097, 11.8205); 1365 (1.24728, 11.8458); ]
    362 (17.5274, 22.0461) -> [ 376 (17.212, 21.6581); 572 (17.2249, 21.7658); ]
    363 (19.1379, 11.4476) -> [ 369 (19.512, 11.7793); ]
    364 (17.1645, 7.80364) -> [ 366 (17.6296, 7.61992); ]
    365 (18.262, -5.57734) -> [ 384 (18.7245, -5.7673); 1274 (18.4605, -5.69803); ]
    366 (17.6296, 7.61992) -> [ 578 (17.8775, 7.18571); 737 (17.8074, 8.08723); 967 (18.0736, 7.75861); ]
    367 (11.2379, 20.5792) -> [ 381 (11.35, 20.0919); 1277 (11.485, 20.5314); ]
    368 (2.7954, 25.7837) -> [ 435 (3.26115, 25.9655); 480 (2.44974, 26.1449); ]
    369 (19.512, 11.7793) -> [ 383 (19.8502, 12.1475); 1053 (19.4689, 11.8665); 1705 (19.6243, 11.8862); ]
    370 (10.2754, 26.245) -> [ 402 (10.2746, 26.745); ]
    373 (14.978, 23.971) -> [ 190 (15.434, 23.9201); 1089 (15.2111, 23.9144); ]
    374 (19.4622, 25.6545) -> [ 425 (19.9428, 25.5165); 570 (19.2833, 26.1214); ]
    375 (16.1092, 24.486) -> [ 405 (16.2062, 24.9765); 1700 (16.4413, 24.5337); 1883 (16.4982, 24.5287); ]
    376 (17.212, 21.6581) -> [ 446 (17.1792, 21.5187); 921 (17.2615, 21.1702); 1441 (16.8478, 21.4076); ]
    377 (7.83721, -5.54798) -> [ 398 (8.03386, -6.00769); 436 (8.11571, -5.13273); 937 (8.10574, -5.9095); 1920 (7.73849, -5.74897); ]
    379 (1.51822, 5.27357) -> [ 382 (1.26558, 4.8421); 1900 (1.33747, 5.31848); ]
    381 (11.35, 20.0919) -> [ 613 (11.8345, 19.9683); 684 (10.9136, 19.8478); ]
    382 (1.26558, 4.8421) -> [ 574 (1.27938, 4.34229); 931 (0.770251, 4.91025); ]
    383 (19.8502, 12.1475) -> [ 387 (20.2946, 11.9183); 421 (20.06, 12.6014); 1257 (20.1696, 11.8999); ]
    384 (18.7245, -5.7673) -> [ 431 (18.8307, -6.2559); ]
    386 (16.0342, 0.606837) -> [ 548 (16.1589, 0.122625); ]
    387 (20.2946, 11.9183) -> [ 438 (20.4672, 11.449); 974 (20.3652, 12.0144); ]
    388 (10.5339, 3.54378) -> [ 550 (10.0608, 3.70537); ]
    389 (2.76752, -6.92523) -> [ 441 (2.42579, -6.56024); ]
    390 (2.97607, 22.8129) -> [ 406 (2.50516, 22.6449); 1176 (3.30708, 22.4382); ]
    391 (4.32063, -6.79533) -> [ 423 (4.61514, -6.91162); 1851 (4.7949, -6.87791); ]
    392 (4.81803, 1.7007) -> [ 917 (5.03659, 2.12559); ]
    393 (18.8275, 2.0536) -> [ 411 (19.2704, 1.82157); 1287 (19.1789, 1.82371); ]
    394 (1.9357, 15.2479) -> [ 459 (2.28101, 14.8863); ]
    396 (2.03104, 17.5491) -> [ 445 (1.64912, 17.8718); 1989 (1.77049, 17.2388); ]
    397 (6.66595, 19.0964) -> [ 620 (7.03549, 19.4332); ]
    398 (8.03386, -6.00769) -> [ 401 (7.62934, -6.30156); 432 (8.31872, -6.41861); ]
    400 (19.0145, 24.3255) -> [ 409 (19.0713, 23.8287); ]
    401 (7.62934, -6.30156) -> [ 524 (7.5416, -6.79381); ]
    402 (10.2746, 26.745) -> [ 413 (10.1483, 27.2288); 1561 (9.82825, 26.9678); 1914 (10.7548, 26.606); ]
    404 (14.4644, 7.29322) -> [ 183 (14.8807, 7.50155); ]
    405 (16.2062, 24.9765) -> [ 581 (16.1854, 25.4761); 696 (16.4915, 25.3502); ]
    406 (2.50516, 22.6449) -> [ 412 (2.13617, 22.3075); 549 (2.04255, 22.8346); ]
    407 (4.91973, 1.35036) -> [ 1536 (4.70506, 1.13173); ]
    408 (15.3283, -4.68005) -> [ 451 (14.9382, -4.99284); 1453 (15.7122, -5.0004); ]
    410 (11.0375, 4.22348) -> [ 1915 (11.1614, 4.57419); ]
    411 (19.2704, 1.82157) -> [ 416 (19.2499, 1.32199); ]
    412 (2.13617, 22.3075) -> [ 935 (2.02284, 21.8205); ]
    413 (10.1483, 27.2288) -> [ 567 (10.5942, 27.4549); ]
    414 (19.154, 22.0528) -> [ 515 (19.6024, 21.8316); 717 (19.2322, 22.5467); ]
    416 (19.2499, 1.32199) -> [ 419 (19.6777, 1.06316); 1319 (18.7584, 1.23057); ]
    417 (2.97233, 17.75) -> [ ]
    418 (16.7453, -4.51723) -> [ 1496 (16.9322, -4.46412); ]
    419 (19.6777, 1.06316) -> [ 474 (19.9563, 0.647953); ]
    420 (2.53721, -7.36903) -> [ 454 (2.64062, -7.85822); 460 (2.03942, -7.41595); 823 (2.18891, -7.69762); ]
    421 (20.06, 12.6014) -> [ 439 (20.5346, 12.7588); 930 (20.387, 12.8909); 1226 (19.621, 12.8407); ]
    422 (10.44, 2.02835) -> [ 594 (9.94253, 1.9782); 597 (10.4663, 2.52766); ]
    424 (14.9221, 10.9485) -> [ 433 (14.7641, 11.4228); ]
    425 (19.9428, 25.5165) -> [ 452 (20.3092, 25.8568); ]
    426 (2.47862, 12.169) -> [ 603 (2.97748, 12.1354); 652 (2.75806, 12.1801); ]
    427 (10.4173, -0.429343) -> [ 725 (10.1404, -0.845717); 1060 (10.7346, -0.469961); 1933 (9.93145, -0.311053); ]
    428 (2.73511, 17.6899) -> [ 1975 (2.93617, 17.9254); ]
    429 (9.83737, 6.25315) -> [ 1213 (9.95496, 6.73913); 1302 (9.9963, 6.20652); ]
    431 (18.8307, -6.2559) -> [ 467 (19.2547, -6.52078); 564 (18.4481, -6.57783); ]
    432 (8.31872, -6.41861) -> [ 536 (8.03182, -6.64014); 748 (8.81872, -6.4185); ]
    433 (14.7641, 11.4228) -> [ 462 (14.2755, 11.3169); 913 (14.8088, 11.9208); 1495 (14.982, 11.813); ]
    435 (3.26115, 25.9655) -> [ 477 (3.35652, 26.4563); 706 (3.75107, 25.8657); ]
    436 (8.11571, -5.13273) -> [ 859 (8.29768, -5.30065); ]
    437 (13.913, 8.2352) -> [ 987 (13.9235, 8.73509); 1197 (13.9786, 8.5536); ]
    438 (20.4672, 11.449) -> [ 463 (20.6684, 10.9913); ]
    439 (20.5346, 12.7588) -> [ 444 (21.0331, 12.7967); ]
    440 (7.43878, -4.50924) -> [ 1081 (7.52695, -4.01708); 1796 (7.91698, -4.43982); ]
    441 (2.42579, -6.56024) -> [ 528 (2.48381, -6.06361); 1418 (1.93369, -6.64873); ]
    442 (4.41638, -4.01388) -> [ 495 (3.93046, -3.89608); 1549 (4.28197, -4.3762); ]
    443 (4.27863, -8.35787) -> [ 805 (4.0875, -8.8199); ]
    444 (21.0331, 12.7967) -> [ 448 (21.4936, 12.9914); 504 (21.1021, 12.6963); 677 (21.1777, 12.4171); 1947 (21.4581, 12.9173); ]
    445 (1.64912, 17.8718) -> [ 484 (1.2897, 18.2194); 688 (1.26501, 17.5517); ]
    446 (17.1792, 21.5187) -> [ 478 (17.0165, 21.0459); 636 (17.5607, 21.1955); ]
    447 (15.6044, 6.74826) -> [ 787 (15.3693, 6.30698); 1935 (16.0902, 6.62993); ]
    448 (21.4936, 12.9914) -> [ 479 (21.3487, 13.4699); ]
    449 (13.2793, 24.5522) -> [ 997 (13.4165, 24.2956); 1035 (13.3191, 24.0567); 1292 (13.5408, 24.5013); 1386 (13.5262, 24.7084); ]
    450 (13.5732, 21.9272) -> [ 644 (13.8622, 21.5191); 1945 (14.0189, 22.0614); ]
    451 (14.9382, -4.99284) -> [ 453 (14.4619, -4.84079); 563 (14.9548, -5.49257); ]
    452 (20.3092, 25.8568) -> [ 458 (20.6945, 25.5382); 1229 (20.142, 26.2544); ]
    453 (14.4619, -4.84079) -> [ 481 (13.964, -4.79466); 508 (14.2521, -4.65976); 904 (14.7737, -4.44994); ]
    454 (2.64062, -7.85822) -> [ 1029 (2.99037, -8.21554); 1658 (2.37935, -7.96681); 1693 (2.6788, -7.93223); ]
    455 (8.40573, -4.72544) -> [ 790 (8.89496, -4.62222); ]
    458 (20.6945, 25.5382) -> [ 538 (20.9897, 25.9418); 605 (20.6756, 25.0386); ]
    459 (2.28101, 14.8863) -> [ 547 (2.2707, 14.3864); ]
    460 (2.03942, -7.41595) -> [ 469 (1.55316, -7.53236); ]
    461 (11.8942, 1.10108) -> [ 816 (12.1576, 0.676042); 1919 (12.3411, 1.29308); ]
    462 (14.2755, 11.3169) -> [ 509 (13.7864, 11.213); 1171 (14.0985, 11.7846); ]
    463 (20.6684, 10.9913) -> [ 682 (20.8521, 10.5263); 694 (20.2387, 10.7356); ]
    464 (2.181, 5.30426) -> [ 496 (2.34936, 4.83345); 1573 (2.57668, 5.05683); 1742 (2.25748, 5.15048); ]
    466 (14.5154, 0.102304) -> [ 1180 (14.9814, -0.0790748); ]
    467 (19.2547, -6.52078) -> [ 470 (19.7288, -6.67985); 1555 (19.7064, -6.45239); ]
    468 (4.89791, 4.76861) -> [ 642 (4.41801, 4.90895); ]
    469 (1.55316, -7.53236) -> [ 800 (1.30361, -7.96563); ]
    470 (19.7288, -6.67985) -> [ 500 (20.1016, -7.013); 645 (20.033, -6.96627); ]
    471 (14.8207, -1.62435) -> [ 905 (14.7252, -2.03421); ]
    472 (17.6033, -2.03857) -> [ 513 (17.4963, -1.69483); 832 (18.0821, -1.8944); ]
    473 (7.69324, 22.3677) -> [ 521 (7.87605, 22.8331); ]
    474 (19.9563, 0.647953) -> [ 488 (20.4563, 0.646329); 558 (19.9033, 0.150774); 792 (20.2348, 0.259294); 1042 (19.891, 0.242132); ]
    477 (3.35652, 26.4563) -> [ 552 (3.67512, 26.8417); 1928 (3.35815, 26.9518); ]
    478 (17.0165, 21.0459) -> [ 487 (17.1601, 20.5669); ]
    479 (21.3487, 13.4699) -> [ 519 (21.3093, 13.9684); 1550 (21.8406, 13.5596); 1577 (20.8521, 13.4112); ]
    480 (2.44974, 26.1449) -> [ 553 (2.1303, 26.5296); 1230 (2.72798, 26.5509); ]
    481 (13.964, -4.79466) -> [ 483 (13.4896, -4.95269); ]
    482 (5.97165, 16.0446) -> [ ]
    483 (13.4896, -4.95269) -> [ 489 (13.1746, -5.34096); 1196 (13.7619, -5.32457); 1271 (13.1138, -4.62287); ]
    484 (1.2897, 18.2194) -> [ 532 (1.31447, 18.7187); 724 (0.795441, 18.1438); ]
    485 (6.72666, -1.70319) -> [ 494 (6.98491, -1.27505); 866 (6.90213, -2.17139); ]
    486 (14.1149, -4.31798) -> [ 1551 (13.8437, -3.89794); ]
    487 (17.1601, 20.5669) -> [ 517 (17.4393, 20.1521); ]
    488 (20.4563, 0.646329) -> [ 501 (20.9328, 0.797877); 1506 (20.8625, 0.767158); 1531 (20.7382, 0.248472); ]
    489 (13.1746, -5.34096) -> [ 491 (12.8837, -5.74762); ]
    490 (4.19906, 21.9076) -> [ 604 (3.8668, 21.534); ]
    491 (12.8837, -5.74762) -> [ 529 (12.4872, -5.44297); 579 (13.0419, -6.22195); ]
    492 (18.8285, 2.88009) -> [ 559 (19.2902, 3.07212); 656 (18.6423, 3.09148); ]
    493 (7.58627, 10.3326) -> [ 640 (7.85276, 10.7557); ]
    494 (6.98491, -1.27505) -> [ 522 (7.42594, -1.03948); 1838 (6.86192, -1.16199); ]
    495 (3.93046, -3.89608) -> [ 1813 (3.82739, -3.40682); 1844 (3.44094, -3.99792); ]
    497 (4.64478, -2.31285) -> [ 1102 (4.39857, -2.38694); ]
    498 (11.2807, 16.9293) -> [ 1637 (11.3237, 17.4275); ]
    499 (2.0736, 8.31613) -> [ 540 (1.608, 8.49837); 788 (1.7843, 7.90832); ]
    500 (20.1016, -7.013) -> [ 526 (20.2914, -7.47558); ]
    501 (20.9328, 0.797877) -> [ 695 (21, 1.29334); ]
    502 (10.1932, 0.362846) -> [ 771 (10.1119, 0.64725); ]
    505 (5.06691, 3.79233) -> [ 506 (4.86145, 3.33649); 633 (5.42337, 3.78239); ]
    506 (4.86145, 3.33649) -> [ 560 (4.36145, 3.33832); 828 (5.19055, 2.96006); ]
    507 (5.58624, 15.7261) -> [ 616 (5.78104, 15.2656); ]
    508 (14.2521, -4.65976) -> [ 486 (14.1149, -4.31798); ]
    509 (13.7864, 11.213) -> [ 1209 (13.3802, 10.9213); ]
    510 (18.9597, -3.36671) -> [ 541 (19.3955, -3.12162); 576 (19.0945, -3.14204); 1052 (18.8917, -3.05896); ]
    511 (6.17223, 18.8885) -> [ 698 (6.52316, 19.0971); ]
    512 (8.52736, 21.8659) -> [ 638 (8.65523, 22.3493); ]
    513 (17.4963, -1.69483) -> [ 986 (17.5916, -1.204); ]
    514 (21.0666, 0.316124) -> [ 525 (21.5615, 0.387472); ]
    515 (19.6024, 21.8316) -> [ 611 (20.0446, 21.5983); 726 (19.2519, 21.5574); 755 (19.9193, 22.2183); ]
    516 (17.5427, 11.69) -> [ 535 (17.1888, 12.0433); ]
    517 (17.4393, 20.1521) -> [ 523 (17.1952, 19.7158); 557 (17.8999, 20.3467); 1363 (17.2425, 19.7636); 1560 (17.7197, 20.1266); ]
    518 (14.0114, -2.88061) -> [ 586 (14.2996, -3.19588); 808 (13.5196, -2.97062); ]
    519 (21.3093, 13.9684) -> [ 545 (21.6058, 14.371); 1825 (21.5724, 14.1581); ]
    520 (12.3016, 2.1361) -> [ 1151 (12.6598, 2.24828); 1927 (12.722, 2.29892); ]
    521 (7.87605, 22.8331) -> [ 1088 (8.0656, 23.2957); 1326 (7.7675, 23.1434); ]
    522 (7.42594, -1.03948) -> [ 600 (7.81024, -0.719605); 1164 (7.60403, -1.50669); ]
    523 (17.1952, 19.7158) -> [ 593 (16.8138, 19.3925); 700 (17.4992, 19.3189); ]
    524 (7.5416, -6.79381) -> [ 531 (7.66852, -7.03267); ]
    525 (21.5615, 0.387472) -> [ 534 (21.8167, -0.0424904); 628 (21.8038, 0.824845); ]
    526 (20.2914, -7.47558) -> [ 546 (20.1242, -7.94679); 683 (20.7873, -7.41133); 1769 (20.2425, -7.85851); 1879 (20.5652, -7.48381); ]
    527 (2.41881, 10.1489) -> [ 621 (1.91992, 10.1156); 791 (2.20355, 10.5154); ]
    528 (2.48381, -6.06361) -> [ 556 (2.23468, -5.6301); ]
    529 (12.4872, -5.44297) -> [ 721 (11.9884, -5.40923); 1977 (12.0991, -5.60547); ]
    530 (9.44331, 26.2501) -> [ 596 (8.99617, 26.4738); ]
    531 (7.66852, -7.03267) -> [ 589 (8.02381, -7.38448); ]
    532 (1.31447, 18.7187) -> [ 880 (0.965045, 19.0764); 1513 (1.57667, 19.0435); 1613 (1.62836, 18.9585); ]
    533 (8.41965, 19.0882) -> [ 972 (8.91965, 19.0893); ]
    534 (21.8167, -0.0424904) -> [ 928 (22.2141, -0.345896); 988 (21.8478, -0.0575751); ]
    535 (17.1888, 12.0433) -> [ 565 (17.5423, 12.2107); 763 (16.9841, 12.4994); 1682 (17.0121, 12.225); ]
    536 (8.03182, -6.64014) -> [ 781 (7.84237, -6.7766); ]
    537 (9.01488, 9.91323) -> [ 661 (9.45463, 10.1512); 1206 (8.77504, 10.352); 1357 (8.89072, 9.97015); ]
    538 (20.9897, 25.9418) -> [ 608 (21.1629, 26.4109); ]
    539 (3.10551, 0.452463) -> [ 602 (2.65947, 0.226531); 1142 (3.25702, 0.928954); ]
    540 (1.608, 8.49837) -> [ 1763 (1.36052, 8.59506); ]
    541 (19.3955, -3.12162) -> [ 610 (19.8887, -3.20394); ]
    543 (5.904, 19.3742) -> [ 330 (6.38371, 19.5091); ]
    544 (20.0861, -6.33014) -> [ 639 (20.5783, -6.242); 1644 (20.3613, -6.3462); ]
    545 (21.6058, 14.371) -> [ 580 (21.471, 14.8524); 793 (21.4586, 14.7131); ]
    546 (20.1242, -7.94679) -> [ 757 (19.882, -8.38424); 1045 (20.3384, -8.3625); ]
    547 (2.2707, 14.3864) -> [ 1012 (2.4862, 13.9352); ]
    548 (16.1589, 0.122625) -> [ 1502 (16.3669, -0.332036); ]
    549 (2.04255, 22.8346) -> [ 591 (1.82391, 23.2843); ]
    550 (10.0608, 3.70537) -> [ 1090 (9.56076, 3.7072); 1135 (10.0268, 4.01843); ]
    551 (8.33587, 8.15176) -> [ ]
    552 (3.67512, 26.8417) -> [ 584 (3.76193, 27.3341); 743 (3.74809, 26.9415); ]
    553 (2.1303, 26.5296) -> [ 741 (1.88593, 26.9658); ]
    554 (5.76292, 7.39269) -> [ 735 (5.30872, 7.60173); ]
    556 (2.23468, -5.6301) -> [ 632 (1.77549, -5.43225); ]
    557 (17.8999, 20.3467) -> [ 864 (18.2799, 20.0217); ]
    558 (19.9033, 0.150774) -> [ 834 (19.4069, 0.0903955); ]
    559 (19.2902, 3.07212) -> [ 680 (19.5852, 3.47579); 704 (19.2694, 2.57255); 881 (19.3179, 3.2616); 1846 (19.5526, 3.40115); ]
    560 (4.36145, 3.33832) -> [ 811 (3.87426, 3.45075); 1058 (4.13407, 3.07364); ]
    562 (18.0666, 2.88248) -> [ 668 (17.7697, 3.28474); ]
    563 (14.9548, -5.49257) -> [ 582 (15.3648, -5.77869); ]
    564 (18.4481, -6.57783) -> [ 583 (18.1336, -6.96653); 1885 (18.1068, -6.75798); ]
    565 (17.5423, 12.2107) -> [ 588 (17.9835, 12.4458); ]
    567 (10.5942, 27.4549) -> [ 587 (10.4542, 27.9348); 657 (11.0404, 27.6806); 1912 (11.0103, 27.6989); ]
    568 (16.2228, 2.72533) -> [ 691 (15.7977, 2.98848); ]
    569 (11.5157, 7.58282) -> [ 848 (11.3873, 8.06606); 872 (11.0448, 7.54148); 1828 (11.2699, 7.68456); ]
    570 (19.2833, 26.1214) -> [ ]
    572 (17.2249, 21.7658) -> [ 555 (16.7982, 21.9388); 1856 (16.8626, 22.0251); ]
    574 (1.27938, 4.34229) -> [ 942 (0.801286, 4.19589); 1198 (1.33482, 4.2109); ]
    575 (19.0132, 26.5422) -> [ 595 (18.5493, 26.7288); 911 (19.3159, 26.8577); 1014 (18.7556, 26.6641); ]
    578 (17.8775, 7.18571) -> [ 643 (18.2207, 6.82214); ]
    579 (13.0419, -6.22195) -> [ 585 (13.257, -6.67327); 690 (13.1087, -6.47881); 1774 (13.1091, -6.59872); ]
    580 (21.471, 14.8524) -> [ 599 (21.8891, 15.1267); 703 (21.1484, 15.2344); ]
    581 (16.1854, 25.4761) -> [ 648 (15.9653, 25.925); ]
    582 (15.3648, -5.77869) -> [ 853 (15.8377, -5.94111); ]
    583 (18.1336, -6.96653) -> [ 627 (17.893, -7.40482); ]
    584 (3.76193, 27.3341) -> [ 796 (4.1384, 27.6631); ]
    585 (13.257, -6.67327) -> [ ]
    587 (10.4542, 27.9348) -> [ 631 (10.0909, 28.2784); ]
    588 (17.9835, 12.4458) -> [ 762 (18.3687, 12.7646); 1384 (18.0598, 12.5063); ]
    589 (8.02381, -7.38448) -> [ 778 (8.11796, -7.87553); ]
    590 (20.5849, -8.14116) -> [ 732 (21.0486, -8.32815); 858 (20.8321, -8.36144); 1476 (20.8573, -8.12921); ]
    591 (1.82391, 23.2843) -> [ 612 (1.57704, 23.7191); 730 (1.39249, 23.0315); ]
    592 (7.45043, 2.15708) -> [ 857 (7.90922, 2.35584); ]
    593 (16.8138, 19.3925) -> [ 617 (16.334, 19.2516); ]
    594 (9.94253, 1.9782) -> [ 878 (9.50731, 1.73207); 1007 (9.80459, 2.42927); ]
    595 (18.5493, 26.7288) -> [ 712 (18.0769, 26.8926); ]
    596 (8.99617, 26.4738) -> [ 598 (8.61318, 26.7953); ]
    598 (8.61318, 26.7953) -> [ 883 (8.3985, 26.4011); 1092 (8.41224, 27.2531); 1770 (8.23201, 26.7052); ]
    599 (21.8891, 15.1267) -> [ 654 (22.3257, 15.3703); 1245 (21.801, 15.3252); 1958 (22.2144, 14.7803); ]
    600 (7.81024, -0.719605) -> [ 746 (8.20431, -1.02735); 889 (7.68668, -0.235112); 1685 (7.78319, -0.43998); ]
    601 (16.9991, 0.869686) -> [ ]
    602 (2.65947, 0.226531) -> [ 649 (2.34366, -0.16111); 723 (2.46282, 0.686239); 939 (2.52661, 0.0582198); 1341 (2.60261, 0.433252); ]
    603 (2.97748, 12.1354) -> [ 666 (3.24757, 12.5562); 1356 (3.26737, 11.728); ]
    604 (3.8668, 21.534) -> [ 856 (3.45653, 21.2482); 1168 (4.26782, 21.3677); 1276 (3.5149, 21.3896); ]
    605 (20.6756, 25.0386) -> [ 893 (20.5949, 24.5451); ]
    606 (10.9137, 6.2605) -> [ 1310 (10.9906, 6.67705); ]
    607 (19.0019, 25.2543) -> [ 785 (18.7021, 25.6545); ]
    608 (21.1629, 26.4109) -> [ 637 (21.6508, 26.3019); 1318 (20.978, 26.7083); ]
    610 (19.8887, -3.20394) -> [ 634 (20.0159, -2.72042); 662 (20.3738, -3.32499); 1776 (19.7328, -3.59306); ]
    611 (20.0446, 21.5983) -> [ 635 (20.0707, 21.0989); 1459 (19.9343, 21.2088); ]
    612 (1.57704, 23.7191) -> [ 965 (1.39416, 24.1844); ]
    613 (11.8345, 19.9683) -> [ 1902 (11.9199, 19.4757); ]
    614 (6.38374, 0.843167) -> [ 1672 (6.76152, 1.17071); ]
    616 (5.78104, 15.2656) -> [ 663 (6.02032, 14.8266); 676 (5.37546, 14.9732); 1423 (5.82396, 14.8192); ]
    617 (16.334, 19.2516) -> [ 653 (16.0203, 18.8623); 961 (16.2207, 19.7386); ]
    619 (18.8567, 27.1232) -> [ 686 (18.7183, 27.6036); ]
    621 (1.91992, 10.1156) -> [ 756 (1.44654, 9.95464); ]
    622 (16.6522, 25.6552) -> [ 625 (17.1498, 25.606); ]
    623 (3.78713, -0.884271) -> [ 659 (3.74022, -1.38207); ]
    625 (17.1498, 25.606) -> [ 1148 (17.5425, 25.8824); ]
    626 (10.1994, 24.6256) -> [ 728 (10.6822, 24.7556); ]
    627 (17.893, -7.40482) -> [ 651 (17.4269, -7.58589); 1054 (18.3473, -7.61367); ]
    628 (21.8038, 0.824845) -> [ 747 (22.0194, 1.27597); ]
    629 (10.9847, -0.247362) -> [ 871 (11.324, -0.614645); ]
    630 (11.6598, 16.6033) -> [ 660 (11.7345, 16.1089); 1489 (11.9012, 17.0411); ]
    631 (10.0909, 28.2784) -> [ 802 (9.6608, 28.5334); 1475 (9.95037, 28.6528); ]
    632 (1.77549, -5.43225) -> [ 646 (1.35, -5.16965); 745 (1.99469, -4.98286); 1416 (1.55634, -5.88167); ]
    634 (20.0159, -2.72042) -> [ 665 (20.1402, -2.23612); ]
    635 (20.0707, 21.0989) -> [ 839 (20.0854, 20.5991); 1815 (20.0062, 20.761); ]
    636 (17.5607, 21.1955) -> [ 1535 (18.0605, 21.2095); ]
    637 (21.6508, 26.3019) -> [ 692 (21.9086, 26.7303); 709 (22.0635, 26.0195); 1120 (21.9197, 26.5671); 1139 (21.8142, 26.4225); 1925 (21.819, 26.4345); ]
    639 (20.5783, -6.242) -> [ 701 (21.0416, -6.05388); ]
    640 (7.85276, 10.7557) -> [ 687 (7.57232, 11.1696); ]
    641 (14.7173, 25.0217) -> [ 877 (14.3947, 25.2214); 953 (15.085, 25.0739); 1160 (14.5527, 25.2024); 1745 (14.8911, 25.3995); 1789 (15.1569, 25.1468); ]
    642 (4.41801, 4.90895) -> [ 1541 (4.17838, 5.34779); ]
    643 (18.2207, 6.82214) -> [ 764 (18.6649, 7.05172); 906 (18.2626, 6.3239); ]
    644 (13.8622, 21.5191) -> [ 901 (14.0519, 21.0565); ]
    645 (20.033, -6.96627) -> [ 671 (20.1896, -6.95901); 1581 (20.1947, -7.13272); 1748 (20.0199, -7.40151); ]
    646 (1.35, -5.16965) -> [ 923 (1.10484, -4.73388); ]
    648 (15.9653, 25.925) -> [ 673 (16.0739, 26.4131); ]
    649 (2.34366, -0.16111) -> [ 821 (1.85134, -0.0737724); ]
    651 (17.4269, -7.58589) -> [ 689 (17.5029, -8.08008); 831 (16.9956, -7.33294); ]
    653 (16.0203, 18.8623) -> [ 810 (15.7546, 19.2391); 840 (16.4306, 18.5765); ]
    654 (22.3257, 15.3703) -> [ 664 (22.4988, 15.8394); ]
    655 (5.10142, 22.589) -> [ 1438 (5.36124, 22.7647); ]
    656 (18.6423, 3.09148) -> [ 1212 (18.6917, 3.58904); 1746 (18.5515, 3.50064); ]
    657 (11.0404, 27.6806) -> [ 814 (11.4347, 27.9881); 1061 (11.4102, 27.3441); ]
    659 (3.74022, -1.38207) -> [ 768 (3.30276, -1.58963); ]
    660 (11.7345, 16.1089) -> [ 722 (12.2324, 16.1549); ]
    661 (9.45463, 10.1512) -> [ 896 (9.52297, 10.2557); ]
    662 (20.3738, -3.32499) -> [ 720 (20.8716, -3.27835); 1503 (20.6268, -3.51487); 1540 (20.7815, -3.56944); ]
    663 (6.02032, 14.8266) -> [ 697 (5.95267, 14.3312); ]
    664 (22.4988, 15.8394) -> [ 715 (22.8245, 16.2188); 879 (22.2553, 16.2761); ]
    665 (20.1402, -2.23612) -> [ 1273 (20.4675, -1.89089); ]
    666 (3.24757, 12.5562) -> [ 903 (3.586, 12.9242); 964 (3.61984, 12.4338); ]
    667 (13.9136, -1.90271) -> [ 1751 (13.9251, -1.65216); ]
    670 (12.8581, -6.97464) -> [ 1043 (12.5162, -7.33954); 1809 (12.4476, -6.68921); ]
    672 (9.83643, 8.76512) -> [ 699 (9.78674, 8.62038); ]
    673 (16.0739, 26.4131) -> [ 806 (16.2318, 26.8875); ]
    674 (5.05906, 4.32508) -> [ 468 (4.89791, 4.76861); ]
    676 (5.37546, 14.9732) -> [ 1406 (4.87625, 15.0012); ]
    679 (7.0752, -5.50804) -> [ 740 (7.09043, -6.00781); 1488 (6.72807, -5.68782); ]
    680 (19.5852, 3.47579) -> [ 1033 (20.0045, 3.74815); ]
    682 (20.8521, 10.5263) -> [ 693 (21.2343, 10.5143); ]
    683 (20.7873, -7.41133) -> [ ]
    684 (10.9136, 19.8478) -> [ 897 (10.7737, 19.3678); ]
    686 (18.7183, 27.6036) -> [ 854 (18.5678, 28.0805); ]
    687 (7.57232, 11.1696) -> [ 1217 (7.69065, 11.6554); ]
    688 (1.26501, 17.5517) -> [ 932 (1.0405, 17.8532); ]
    689 (17.5029, -8.08008) -> [ 798 (17.1195, -8.40101); 933 (17.308, -8.08081); 1251 (17.6984, -8.21026); 1609 (17.2103, -8.10491); ]
    690 (13.1087, -6.47881) -> [ 710 (13.4509, -6.62471); ]
    691 (15.7977, 2.98848) -> [ 754 (16.0919, 3.39277); 773 (15.4217, 2.91247); ]
    692 (21.9086, 26.7303) -> [ 836 (21.9674, 27.2269); ]
    693 (21.2343, 10.5143) -> [ 777 (21.4192, 10.9788); 782 (21.3219, 10.022); ]
    695 (21, 1.29334) -> [ ]
    696 (16.4915, 25.3502) -> [ 622 (16.6522, 25.6552); ]
    697 (5.95267, 14.3312) -> [ 1405 (5.8456, 13.8428); 1449 (6.44465, 14.242); 1592 (6.3787, 14.2366); ]
    698 (6.52316, 19.0971) -> [ 397 (6.66595, 19.0964); 922 (6.90804, 18.9872); ]
    699 (9.78674, 8.62038) -> [ 753 (10.1953, 8.33215); 1093 (9.9839, 8.25345); ]
    700 (17.4992, 19.3189) -> [ 1094 (17.6226, 18.8344); ]
    701 (21.0416, -6.05388) -> [ 738 (21.3321, -5.64697); 795 (21.4534, -6.33738); 1328 (21.1166, -5.79045); ]
    703 (21.1484, 15.2344) -> [ 794 (20.6874, 15.4281); ]
    706 (3.75107, 25.8657) -> [ 727 (4.23601, 25.9874); ]
    709 (22.0635, 26.0195) -> [ 731 (22.3899, 25.6408); 784 (22.1007, 25.6261); 1175 (22.3862, 25.9753); 1468 (22.3945, 25.8333); ]
    710 (13.4509, -6.62471) -> [ 844 (13.7399, -7.03278); 1173 (13.8381, -6.30832); ]
    712 (18.0769, 26.8926) -> [ 1621 (17.5798, 26.8391); ]
    713 (18.1843, 2.58896) -> [ 339 (18.4466, 2.55745); ]
    715 (22.8245, 16.2188) -> [ 1031 (23.1193, 16.6226); ]
    716 (18.3898, 2.145) -> [ 393 (18.8275, 2.0536); 1909 (18.6229, 2.2344); ]
    719 (8.52346, 16.8289) -> [ 52 (8.67657, 16.5159); ]
    720 (20.8716, -3.27835) -> [ 899 (20.938, -3.15908); ]
    721 (11.9884, -5.40923) -> [ 1032 (11.4928, -5.47599); 1976 (11.795, -5.29724); ]
    722 (12.2324, 16.1549) -> [ 865 (12.3809, 15.6775); 991 (12.586, 16.5084); ]
    723 (2.46282, 0.686239) -> [ 1248 (2.44844, 1.08732); ]
    724 (0.795441, 18.1438) -> [ 1024 (0.297318, 18.1871); ]
    725 (10.1404, -0.845717) -> [ 957 (10.3635, -1.29319); ]
    727 (4.23601, 25.9874) -> [ 789 (4.43495, 25.5287); ]
    728 (10.6822, 24.7556) -> [ 996 (10.6121, 24.9192); 1370 (11.1574, 24.6001); 1862 (10.7186, 24.3864); ]
    730 (1.39249, 23.0315) -> [ 976 (1.10116, 22.861); ]
    731 (22.3899, 25.6408) -> [ 830 (22.6679, 25.2252); ]
    732 (21.0486, -8.32815) -> [ 907 (21.4596, -8.61287); ]
    733 (0.430135, 12.7453) -> [ 294 (0.175029, 12.8599); 1237 (0.333362, 12.8674); ]
    734 (17.8961, 11.1314) -> [ 1473 (18.3463, 11.3115); 1964 (17.9324, 10.7879); ]
    735 (5.30872, 7.60173) -> [ 744 (5.27078, 7.58957); 1255 (4.94517, 7.37753); ]
    736 (7.42069, 6.01517) -> [ 1575 (7.22206, 5.58971); ]
    737 (17.8074, 8.08723) -> [ 1241 (17.9688, 8.33672); 1740 (17.7525, 8.42216); ]
    738 (21.3321, -5.64697) -> [ 1048 (21.4222, -5.2119); 1247 (21.3797, -5.532); ]
    739 (20.8973, -5.40013) -> [ 1034 (20.4266, -5.4485); 1172 (21.0158, -5.18614); 1482 (20.4353, -5.54688); ]
    741 (1.88593, 26.9658) -> [ 751 (1.55757, 27.3429); 1512 (1.50126, 27.2073); ]
    742 (13.8456, 7.31925) -> [ 355 (14.0448, 7.75287); ]
    743 (3.74809, 26.9415) -> [ 1238 (4.18691, 27.0042); ]
    744 (5.27078, 7.58957) -> [ ]
    745 (1.99469, -4.98286) -> [ 1716 (1.78467, -4.53512); ]
    746 (8.20431, -1.02735) -> [ 845 (8.37285, -1.49808); 1360 (8.69757, -0.945518); 1446 (8.33161, -0.805623); ]
    747 (22.0194, 1.27597) -> [ 820 (22.3606, 1.64149); ]
    748 (8.81872, -6.4185) -> [ 945 (9.11568, -6.01624); 1878 (9.00732, -6.54069); ]
    749 (20.8815, 1.4745) -> [ 948 (20.6047, 1.84694); 1419 (20.5225, 1.67041); ]
    750 (17.8398, 2.55934) -> [ 562 (18.0666, 2.88248); 713 (18.1843, 2.58896); ]
    751 (1.55757, 27.3429) -> [ 861 (1.83353, 27.7598); 1667 (1.44202, 27.7651); ]
    753 (10.1953, 8.33215) -> [ 1244 (10.4996, 8.22814); ]
    755 (19.9193, 22.2183) -> [ 760 (20.385, 22.4002); ]
    756 (1.44654, 9.95464) -> [ 1018 (1.04614, 9.65518); 1923 (1.028, 9.79821); ]
    757 (19.882, -8.38424) -> [ 818 (19.6256, -8.81347); 825 (19.4287, -8.17325); ]
    758 (3.58935, 24.8713) -> [ 1983 (3.84946, 25.0585); ]
    759 (4.17893, 18.4452) -> [ 843 (3.96956, 18.7588); 1299 (4.29356, 18.5606); ]
    760 (20.385, 22.4002) -> [ 842 (20.8769, 22.3103); 1730 (20.6384, 22.6837); ]
    761 (7.44559, 15.9898) -> [ 1301 (7.18403, 15.7486); ]
    762 (18.3687, 12.7646) -> [ 1218 (18.4165, 12.9769); ]
    763 (16.9841, 12.4994) -> [ 1215 (16.4997, 12.6234); ]
    764 (18.6649, 7.05172) -> [ 1323 (19.0533, 7.36654); ]
    768 (3.30276, -1.58963) -> [ 1144 (2.88786, -1.86866); 1717 (3.37941, -1.97167); 1937 (2.97802, -1.71375); ]
    769 (22.2099, 26.3902) -> [ 799 (22.5464, 26.7601); ]
    770 (4.54977, 8.74369) -> [ 1500 (4.21449, 8.37277); ]
    773 (15.4217, 2.91247) -> [ 829 (15.4737, 3.40976); 1689 (14.9364, 3.0328); ]
    774 (19.0401, 10.5956) -> [ 1011 (19.2198, 10.129); ]
    775 (14.7271, 9.91266) -> [ 1859 (14.5769, 9.43576); ]
    776 (12.9343, 24.9141) -> [ 1208 (12.6192, 25.3024); ]
    777 (21.4192, 10.9788) -> [ 914 (21.9149, 11.0447); ]
    778 (8.11796, -7.87553) -> [ 851 (7.62145, -7.93449); 918 (8.57976, -8.06722); ]
    782 (21.3219, 10.022) -> [ 876 (21.8201, 10.0639); 1394 (21.2403, 9.5287); 1773 (21.3932, 9.78431); ]
    783 (7.53151, 18.0249) -> [ 395 (7.42676, 18.0933); ]
    784 (22.1007, 25.6261) -> [ 1415 (21.6306, 25.4558); ]
    785 (18.7021, 25.6545) -> [ 1306 (18.9312, 26.0801); ]
    786 (4.48065, 22.1299) -> [ 1111 (4.04226, 22.022); ]
    787 (15.3693, 6.30698) -> [ 813 (14.8724, 6.25178); 1822 (15.4435, 5.83865); ]
    788 (1.7843, 7.90832) -> [ 1663 (1.51237, 7.48873); ]
    789 (4.43495, 25.5287) -> [ 870 (4.91166, 25.3779); ]
    790 (8.89496, -4.62222) -> [ 1350 (8.99031, -4.69002); ]
    791 (2.20355, 10.5154) -> [ ]
    792 (20.2348, 0.259294) -> [ 886 (20.5152, -0.154682); ]
    794 (20.6874, 15.4281) -> [ 940 (20.1919, 15.3615); 1533 (20.7604, 15.9227); 1908 (20.5518, 15.8283); ]
    795 (21.4534, -6.33738) -> [ 852 (21.942, -6.23131); ]
    796 (4.1384, 27.6631) -> [ 1027 (4.23112, 28.1545); 1219 (4.32648, 28.0259); ]
    797 (8.12427, 16.9504) -> [ 43 (8.19104, 16.6353); 719 (8.52346, 16.8289); 1611 (7.75774, 16.664); ]
    798 (17.1195, -8.40101) -> [ 995 (17.2101, -8.89272); ]
    799 (22.5464, 26.7601) -> [ 898 (22.9116, 27.1016); 1657 (22.5784, 27.2433); ]
    800 (1.30361, -7.96563) -> [ 1232 (1.11729, -8.42962); 1349 (0.809634, -7.88822); 1515 (1.16169, -8.4347); 1712 (1.11054, -8.16035); ]
    802 (9.6608, 28.5334) -> [ 841 (9.24744, 28.8147); ]
    803 (10.6266, 17.2158) -> [ 1494 (10.1562, 17.3854); ]
    804 (18.3469, 13.2642) -> [ 1006 (18.0193, 13.6419); ]
    805 (4.0875, -8.8199) -> [ 919 (3.75935, -9.19715); 1901 (3.96194, -8.87375); ]
    806 (16.2318, 26.8875) -> [ 809 (15.9178, 27.2767); 1336 (16.2399, 27.329); ]
    808 (13.5196, -2.97062) -> [ 827 (13.164, -2.61909); ]
    809 (15.9178, 27.2767) -> [ 862 (15.7388, 27.7435); 962 (15.4287, 27.1729); 1690 (15.4996, 27.5171); ]
    810 (15.7546, 19.2391) -> [ 815 (15.3293, 18.9761); ]
    811 (3.87426, 3.45075) -> [ 1066 (3.46481, 3.16378); 1352 (3.7671, 3.93913); ]
    814 (11.4347, 27.9881) -> [ 824 (11.7479, 28.3778); ]
    815 (15.3293, 18.9761) -> [ 1108 (14.8293, 18.9769); 1487 (14.9682, 19.1282); ]
    819 (4.80592, 7.77372) -> [ 1526 (4.35125, 7.56569); ]
    820 (22.3606, 1.64149) -> [ 849 (22.4347, 2.13597); 910 (22.8589, 1.60029); 1584 (22.7833, 1.78004); ]
    824 (11.7479, 28.3778) -> [ 960 (11.6917, 28.8747); 981 (12.242, 28.4541); ]
    827 (13.164, -2.61909) -> [ 860 (13.2883, -2.13479); 1481 (12.9873, -2.74698); 1760 (13.0602, -2.24304); ]
    829 (15.4737, 3.40976) -> [ 1354 (15.4885, 3.90954); ]
    830 (22.6679, 25.2252) -> [ 912 (23.0693, 24.9271); ]
    832 (18.0821, -1.8944) -> [ 978 (18.3632, -2.30787); 1003 (18.4287, -1.85015); ]
    834 (19.4069, 0.0903955) -> [ 1083 (18.9159, 0.18475); ]
    835 (6.35426, 0.638243) -> [ 1284 (6.85258, 0.597225); 1865 (6.36906, 0.177368); ]
    836 (21.9674, 27.2269) -> [ 1071 (21.4901, 27.376); 1678 (22.1559, 27.66); ]
    837 (3.03316, 15.7312) -> [ 868 (3.31205, 15.3162); ]
    839 (20.0854, 20.5991) -> [ 1085 (20.1351, 20.1016); ]
    840 (16.4306, 18.5765) -> [ 1228 (16.4968, 18.0809); 1451 (16.2738, 18.3024); ]
    841 (9.24744, 28.8147) -> [ 874 (9.59017, 29.1787); 1691 (8.97412, 29.2334); ]
    842 (20.8769, 22.3103) -> [ 926 (21.3475, 22.1415); ]
    843 (3.96956, 18.7588) -> [ 1346 (4.01904, 19.1528); ]
    844 (13.7399, -7.03278) -> [ 980 (13.8469, -7.52119); ]
    845 (8.37285, -1.49808) -> [ 929 (8.41439, -1.99635); ]
    846 (5.98807, -1.33192) -> [ 1145 (6.3018, -1.26266); ]
    847 (5.59773, -5.50692) -> [ 1049 (5.7862, -5.97004); 1466 (5.99528, -5.35098); ]
    848 (11.3873, 8.06606) -> [ 850 (11.5237, 8.54709); 1684 (11.3958, 8.53088); ]
    850 (11.5237, 8.54709) -> [ 1161 (12.0089, 8.66779); ]
    851 (7.62145, -7.93449) -> [ 1010 (7.4133, -8.3891); 1039 (7.15254, -7.76092); ]
    852 (21.942, -6.23131) -> [ 894 (22.3219, -6.55646); 1097 (22.2552, -5.84156); ]
    854 (18.5678, 28.0805) -> [ 963 (18.2727, 28.4841); ]
    855 (6.33075, 2.64646) -> [ 1025 (6.8178, 2.7595); ]
    856 (3.45653, 21.2482) -> [ 999 (3.31314, 20.7692); ]
    857 (7.90922, 2.35584) -> [ 1324 (8.38259, 2.19482); ]
    858 (20.8321, -8.36144) -> [ 1607 (20.7873, -8.7475); ]
    860 (13.2883, -2.13479) -> [ 890 (13.2938, -1.63482); ]
    861 (1.83353, 27.7598) -> [ ]
    862 (15.7388, 27.7435) -> [ 1333 (15.812, 28.2381); ]
    863 (2.71958, 24.5994) -> [ ]
    864 (18.2799, 20.0217) -> [ 1134 (18.4773, 19.5623); ]
    866 (6.90213, -2.17139) -> [ 1779 (7.17859, -2.588); ]
    867 (4.89047, 21.9511) -> [ 203 (4.64244, 22.1388); 786 (4.48065, 22.1299); 1888 (4.94791, 21.4544); ]
    868 (3.31205, 15.3162) -> [ 882 (3.59983, 15.7251); ]
    870 (4.91166, 25.3779) -> [ 1000 (4.88703, 25.8434); 1214 (5.31144, 25.6759); 1766 (5.05722, 24.8996); ]
    871 (11.324, -0.614645) -> [ 1147 (11.1415, -1.07776); 1234 (11.7993, -0.769649); ]
    876 (21.8201, 10.0639) -> [ 891 (21.9487, 9.58075); 1554 (22.0373, 10.2177); ]
    877 (14.3947, 25.2214) -> [ 1385 (14.0326, 25.5662); ]
    879 (22.2553, 16.2761) -> [ 1070 (22.116, 16.7563); ]
    880 (0.965045, 19.0764) -> [ 1567 (0.601409, 19.4196); ]
    882 (3.59983, 15.7251) -> [ 1622 (4.05094, 15.5095); ]
    883 (8.3985, 26.4011) -> [ 916 (7.99948, 26.0998); 1204 (8.61314, 26.0174); ]
    885 (18.9819, -4.11106) -> [ 983 (19.4355, -4.32128); ]
    886 (20.5152, -0.154682) -> [ 973 (20.223, -0.560455); ]
    888 (8.58755, 7.73023) -> [ 956 (8.82767, 7.29166); ]
    889 (7.68668, -0.235112) -> [ 1044 (8.03908, 0.119589); ]
    891 (21.9487, 9.58075) -> [ 915 (22.4374, 9.47498); 1782 (22.1007, 9.56579); 1829 (22.3099, 9.45453); ]
    892 (3.1583, 23.0562) -> [ 390 (2.97607, 22.8129); ]
    893 (20.5949, 24.5451) -> [ 1099 (20.0977, 24.4929); 1483 (21.0623, 24.3675); ]
    894 (22.3219, -6.55646) -> [ 977 (22.4102, -7.0486); ]
    895 (5.08563, 9.90399) -> [ 1523 (5.42606, 10.2702); ]
    896 (9.52297, 10.2557) -> [ 1930 (9.98974, 10.0765); ]
    897 (10.7737, 19.3678) -> [ 900 (11.0244, 18.9352); 1832 (11.0475, 19.1715); 1955 (10.4263, 19.0082); ]
    898 (22.9116, 27.1016) -> [ 950 (23.0152, 27.5907); 1129 (23.3527, 26.8662); ]
    899 (20.938, -3.15908) -> [ 1087 (21.4275, -3.2612); 1409 (21.1816, -2.7224); ]
    900 (11.0244, 18.9352) -> [ 1439 (11.0383, 18.8438); ]
    901 (14.0519, 21.0565) -> [ 1117 (14.5202, 21.2318); 1410 (14.2018, 20.5795); ]
    902 (11.1374, 8.85065) -> [ 954 (11.3776, 9.28921); 1765 (10.9324, 8.79425); ]
    903 (3.586, 12.9242) -> [ 1163 (3.68381, 13.4146); ]
    905 (14.7252, -2.03421) -> [ 237 (14.55, -2.44925); 476 (14.4256, -2.2956); 1383 (14.3614, -1.97657); ]
    906 (18.2626, 6.3239) -> [ 1041 (18.7212, 6.12485); 1295 (18.0214, 5.88589); ]
    907 (21.4596, -8.61287) -> [ 1474 (21.6592, -8.15444); ]
    908 (13.1378, 4.89144) -> [ 1191 (13.1652, 4.73831); ]
    910 (22.8589, 1.60029) -> [ 943 (23.2931, 1.35246); ]
    911 (19.3159, 26.8577) -> [ 1616 (19.6231, 26.8331); 1749 (19.4246, 27.3044); ]
    912 (23.0693, 24.9271) -> [ 1086 (23.5639, 25.0009); 1243 (23.2109, 24.4476); 1285 (23.2797, 25.3287); 1362 (23.3522, 24.6454); ]
    913 (14.8088, 11.9208) -> [ 1067 (14.8412, 12.4198); ]
    914 (21.9149, 11.0447) -> [ 975 (22.2402, 11.4244); 1727 (22.2801, 10.9704); ]
    915 (22.4374, 9.47498) -> [ 925 (22.8088, 9.14028); ]
    916 (7.99948, 26.0998) -> [ 934 (7.52165, 26.247); ]
    918 (8.57976, -8.06722) -> [ 971 (8.7529, -8.53629); ]
    919 (3.75935, -9.19715) -> [ 1062 (3.70454, -9.61159); 1152 (3.2613, -9.15313); 1876 (3.73508, -9.4675); ]
    922 (6.90804, 18.9872) -> [ 1403 (7.30574, 18.8609); ]
    923 (1.10484, -4.73388) -> [ 1068 (0.81621, -4.3256); 1136 (0.852652, -4.35309); ]
    924 (11.1626, 18.9441) -> [ ]
    925 (22.8088, 9.14028) -> [ 941 (23.2642, 8.93368); 1739 (23.0266, 9.59038); ]
    926 (21.3475, 22.1415) -> [ 949 (21.8429, 22.209); ]
    927 (12.6802, 6.31749) -> [ 1480 (12.962, 6.43124); ]
    928 (22.2141, -0.345896) -> [ 946 (22.5609, -0.706106); 1715 (21.9672, -0.780674); ]
    929 (8.41439, -1.99635) -> [ 998 (8.56578, -2.47289); ]
    931 (0.770251, 4.91025) -> [ 1680 (0.624129, 5.38842); ]
    933 (17.308, -8.08081) -> [ 826 (16.9118, -8.08386); ]
    934 (7.52165, 26.247) -> [ 1069 (7.23647, 26.6577); ]
    938 (15.9355, 1.60073) -> [ 1569 (16.2708, 1.80171); ]
    940 (20.1919, 15.3615) -> [ 990 (19.8216, 15.6975); ]
    941 (23.2642, 8.93368) -> [ 1543 (23.4756, 8.5926); ]
    942 (0.801286, 4.19589) -> [ 1553 (0.301397, 4.18533); ]
    943 (23.2931, 1.35246) -> [ 1023 (23.6405, 0.992818); 1038 (23.6039, 1.74419); ]
    944 (8.62524, 21.5894) -> [ 708 (8.69937, 22.0703); ]
    945 (9.11568, -6.01624) -> [ 1020 (9.45117, -6.13248); ]
    946 (22.5609, -0.706106) -> [ 1077 (23.0112, -0.923484); ]
    947 (19.2733, 11.2327) -> [ 1122 (19.5085, 11.1416); ]
    949 (21.8429, 22.209) -> [ 994 (22.3312, 22.1015); ]
    950 (23.0152, 27.5907) -> [ 1063 (23.0566, 28.089); ]
    951 (7.37184, 9.98717) -> [ 331 (7.47729, 10.2652); 493 (7.58627, 10.3326); ]
    952 (4.55627, 4.20754) -> [ 1002 (4.5623, 3.90109); 1521 (4.66244, 3.86827); ]
    954 (11.3776, 9.28921) -> [ 958 (11.5647, 9.5167); ]
    955 (4.51042, 17.4034) -> [ 204 (4.56428, 17.8572); ]
    957 (10.3635, -1.29319) -> [ 1174 (10.7644, -1.59196); ]
    958 (11.5647, 9.5167) -> [ 1225 (11.7085, 9.99556); ]
    960 (11.6917, 28.8747) -> [ 1140 (11.4401, 29.3067); 1802 (11.8531, 29.2933); 1863 (11.5287, 29.0439); ]
    961 (16.2207, 19.7386) -> [ 1013 (16.015, 20.1943); ]
    962 (15.4287, 27.1729) -> [ 1224 (15.2382, 26.7107); ]
    963 (18.2727, 28.4841) -> [ 968 (17.8843, 28.1692); 1123 (18.4897, 28.9345); 1379 (17.9694, 28.1852); ]
    964 (3.61984, 12.4338) -> [ 1279 (4.0657, 12.2075); 1565 (3.66937, 12.0458); ]
    965 (1.39416, 24.1844) -> [ 1065 (1.17544, 24.4065); ]
    966 (2.7756, -0.222435) -> [ 1055 (2.81165, -0.721133); ]
    968 (17.8843, 28.1692) -> [ 1149 (17.3843, 28.1633); ]
    969 (4.48998, -5.36533) -> [ 1392 (4.0588, -5.61847); ]
    971 (8.7529, -8.53629) -> [ 1004 (8.64211, -8.8858); 1008 (9.23054, -8.68412); 1290 (8.94414, -8.93555); ]
    972 (8.91965, 19.0893) -> [ 1047 (8.81512, 18.6003); ]
    973 (20.223, -0.560455) -> [ 1382 (19.7348, -0.668381); 1610 (20.4825, -0.987852); 1886 (20.2994, -0.726693); ]
    975 (22.2402, 11.4244) -> [ 1169 (22.5273, 11.8338); 1393 (22.1064, 11.8914); ]
    976 (1.10116, 22.861) -> [ 1266 (0.716387, 22.5417); ]
    977 (22.4102, -7.0486) -> [ 1165 (22.741, -7.42349); 1188 (22.7117, -7.20201); ]
    978 (18.3632, -2.30787) -> [ 1528 (18.8628, -2.32879); ]
    980 (13.8469, -7.52119) -> [ 993 (14.022, -7.64167); ]
    981 (12.242, 28.4541) -> [ 1072 (12.741, 28.4857); ]
    982 (22.6167, 8.67866) -> [ 984 (22.1392, 8.53049); 1130 (22.7256, 8.19066); ]
    983 (19.4355, -4.32128) -> [ 1137 (19.5485, -4.57394); ]
    984 (22.1392, 8.53049) -> [ 1133 (22.0039, 8.04914); 1288 (22.0051, 8.3765); 1366 (22.1472, 8.25942); ]
    985 (1.37592, 27.9613) -> [ 1190 (1.53509, 28.4353); ]
    986 (17.5916, -1.204) -> [ 1015 (17.8941, -0.805839); 1358 (17.0918, -1.21546); 1447 (17.7642, -0.941567); 1509 (17.92, -0.910216); ]
    987 (13.9235, 8.73509) -> [ 1420 (13.4324, 8.82889); ]
    989 (6.253, 20.0563) -> [ 817 (6.45363, 20.0558); ]
    991 (12.586, 16.5084) -> [ 1005 (13.047, 16.315); 1095 (12.9131, 16.6521); ]
    993 (14.022, -7.64167) -> [ 1249 (14.0311, -8.14159); 1670 (14.0234, -8.08387); 1869 (14.5167, -7.71383); ]
    994 (22.3312, 22.1015) -> [ 1021 (22.6823, 21.7454); 1265 (22.0817, 21.7448); ]
    995 (17.2101, -8.89272) -> [ 1155 (17.1826, -9.39196); 1864 (17.3126, -9.22019); ]
    998 (8.56578, -2.47289) -> [ 1220 (9.04082, -2.54385); 1369 (8.56664, -2.97288); ]
    999 (3.31314, 20.7692) -> [ 1293 (3.53359, 20.3204); 1800 (2.81495, 20.8117); ]
    1001 (11.266, 16.6924) -> [ 630 (11.6598, 16.6033); ]
    1003 (18.4287, -1.85015) -> [ 1808 (18.8609, -1.59882); ]
    1004 (8.64211, -8.8858) -> [ 1202 (8.29725, -9.24784); ]
    1005 (13.047, 16.315) -> [ 1028 (13.4444, 16.0116); ]
    1006 (18.0193, 13.6419) -> [ 1073 (17.5468, 13.8055); 1107 (18.3683, 14); 1677 (17.951, 13.8094); ]
    1007 (9.80459, 2.42927) -> [ 1221 (9.7482, 2.92608); ]
    1008 (9.23054, -8.68412) -> [ 1051 (9.63848, -8.97323); 1193 (9.51472, -8.94008); 1582 (9.5051, -8.39901); ]
    1009 (1.1378, 27.0712) -> [ 1335 (0.670689, 26.8929); ]
    1011 (19.2198, 10.129) -> [ 1364 (19.4519, 10.1773); 1508 (18.7899, 9.87383); 1978 (19.6851, 10.1272); ]
    1014 (18.7556, 26.6641) -> [ 619 (18.8567, 27.1232); ]
    1015 (17.8941, -0.805839) -> [ 1375 (17.9033, -0.305924); 1692 (18.3742, -0.666182); ]
    1017 (2.83581, 18.231) -> [ 1542 (2.85531, 18.7307); ]
    1018 (1.04614, 9.65518) -> [ 1428 (0.622289, 9.43877); ]
    1019 (5.82202, 16.1379) -> [ 507 (5.58624, 15.7261); ]
    1020 (9.45117, -6.13248) -> [ 1790 (9.84216, -6.44413); ]
    1021 (22.6823, 21.7454) -> [ 1098 (23.0624, 21.4206); 1132 (22.4768, 21.5957); 1788 (23.0818, 21.6916); ]
    1022 (7.06584, 5.34369) -> [ 1046 (6.57913, 5.26288); ]
    1023 (23.6405, 0.992818) -> [ 1231 (24.1305, 0.893632); 1321 (23.4078, 0.550273); ]
    1025 (6.8178, 2.7595) -> [ 1411 (7.14352, 3.13885); ]
    1027 (4.23112, 28.1545) -> [ 1114 (4.61359, 28.4765); 1154 (3.78153, 28.3733); ]
    1028 (13.4444, 16.0116) -> [ 1472 (13.5107, 15.8257); ]
    1030 (13.5718, 0.44322) -> [ 767 (13.3489, 0.0323845); 1563 (13.5227, 0.353238); 1572 (13.4158, 0.517879); ]
    1031 (23.1193, 16.6226) -> [ 1074 (23.6183, 16.6543); 1153 (23.024, 17.1135); ]
    1032 (11.4928, -5.47599) -> [ 1414 (11.0942, -5.17413); ]
    1033 (20.0045, 3.74815) -> [ 1109 (20.3132, 4.1415); 1525 (20.4346, 3.49317); 1814 (19.9341, 4.0364); ]
    1034 (20.4266, -5.4485) -> [ ]
    1038 (23.6039, 1.74419) -> [ 1110 (23.5806, 2.24365); 1884 (23.4336, 2.18812); ]
    1039 (7.15254, -7.76092) -> [ 1158 (6.65303, -7.73868); ]
    1040 (14.4128, 8.24957) -> [ 1966 (14.3007, 8.66219); ]
    1043 (12.5162, -7.33954) -> [ 1078 (12.2428, -7.75817); ]
    1049 (5.7862, -5.97004) -> [ 1343 (5.74082, -6.43319); ]
    1051 (9.63848, -8.97323) -> [ 1079 (10.0838, -9.20067); ]
    1052 (18.8917, -3.05896) -> [ 1177 (18.4157, -2.90599); ]
    1053 (19.4689, 11.8665) -> [ 1648 (19.2273, 12.2821); ]
    1054 (18.3473, -7.61367) -> [ 1630 (18.5575, -7.57692); 1819 (18.4394, -7.569); ]
    1056 (4.11465, 0.564804) -> [ 1522 (4.03001, 0.773458); ]
    1061 (11.4102, 27.3441) -> [ 1106 (11.8345, 27.4586); 1378 (11.5298, 27.0853); ]
    1062 (3.70454, -9.61159) -> [ 1399 (4.19023, -9.73037); ]
    1063 (23.0566, 28.089) -> [ 1080 (23.5566, 28.0931); 1186 (22.7343, 28.4713); 1424 (23.4124, 27.9742); ]
    1064 (8.40295, 20.8777) -> [ 64 (8.85931, 20.9235); ]
    1065 (1.17544, 24.4065) -> [ 1166 (0.837749, 24.5748); 1361 (1.35837, 24.8718); ]
    1066 (3.46481, 3.16378) -> [ 1298 (2.97102, 3.0852); ]
    1067 (14.8412, 12.4198) -> [ 1195 (14.5135, 12.7975); 1330 (15.2997, 12.2205); 1462 (15.1944, 12.378); ]
    1068 (0.81621, -4.3256) -> [ 1538 (0.813252, -3.82561); 1645 (0.470403, -4.68673); ]
    1069 (7.23647, 26.6577) -> [ 1227 (7.17022, 27.1533); 1317 (7.30593, 26.7433); ]
    1070 (22.116, 16.7563) -> [ 1729 (21.6911, 17.0198); ]
    1071 (21.4901, 27.376) -> [ ]
    1073 (17.5468, 13.8055) -> [ 1373 (17.3445, 14.2627); 1722 (17.0468, 13.803); ]
    1074 (23.6183, 16.6543) -> [ 1203 (23.959, 16.2883); 1620 (23.9936, 16.9846); ]
    1077 (23.0112, -0.923484) -> [ 1170 (23.5034, -1.01129); 1239 (22.8927, -1.40923); ]
    1078 (12.2428, -7.75817) -> [ 1192 (11.8472, -7.45241); 1445 (11.942, -8.15756); ]
    1079 (10.0838, -9.20067) -> [ 1189 (10.5415, -9.40185); ]
    1080 (23.5566, 28.0931) -> [ 1297 (23.8467, 28.5004); ]
    1082 (17.0067, 7.98623) -> [ 1377 (16.9824, 8.48564); ]
    1083 (18.9159, 0.18475) -> [ 1600 (18.4945, 0.448234); 1695 (19.1618, 0.567256); ]
    1087 (21.4275, -3.2612) -> [ 1351 (21.8892, -3.45297); ]
    1088 (8.0656, 23.2957) -> [ 1492 (8.02318, 23.7939); 1913 (8.56546, 23.2837); ]
    1090 (9.56076, 3.7072) -> [ 1781 (9.10423, 3.50327); ]
    1092 (8.41224, 27.2531) -> [ ]
    1093 (9.9839, 8.25345) -> [ 1181 (10.2224, 7.81403); ]
    1094 (17.6226, 18.8344) -> [ 1105 (18.0637, 18.5989); ]
    1097 (22.2552, -5.84156) -> [ 1325 (22.7387, -5.71401); ]
    1098 (23.0624, 21.4206) -> [ 1118 (23.5197, 21.2185); ]
    1099 (20.0977, 24.4929) -> [ 1444 (20.1691, 23.9981); ]
    1100 (11.1869, 18.4447) -> [ 1470 (11.6859, 18.4767); ]
    1102 (4.39857, -2.38694) -> [ 1303 (3.98732, -2.20436); ]
    1103 (5.80058, 22.0881) -> [ 1121 (6.29787, 22.0361); ]
    1104 (21.027, 0.331019) -> [ ]
    1105 (18.0637, 18.5989) -> [ 1389 (18.4069, 18.2352); 1478 (17.7299, 18.2277); 1642 (18.1217, 18.3387); ]
    1107 (18.3683, 14) -> [ 1842 (18.6377, 14.4211); ]
    1108 (14.8293, 18.9769) -> [ 1280 (14.7459, 18.4839); ]
    1109 (20.3132, 4.1415) -> [ 1454 (20.5422, 4.58599); 1962 (20.5034, 4.41922); ]
    1110 (23.5806, 2.24365) -> [ 1128 (23.8926, 2.63431); 1199 (23.7656, 2.35013); ]
    1112 (18.4536, 10.7699) -> [ 1615 (18.6615, 10.6753); ]
    1113 (5.49881, 1.52781) -> [ 321 (5.19165, 1.63011); 822 (5.49669, 1.42532); ]
    1114 (4.61359, 28.4765) -> [ 1119 (5.06066, 28.7004); ]
    1115 (5.54913, 17.5609) -> [ 1185 (5.76258, 17.7604); 1264 (5.96814, 17.6541); ]
    1116 (2.83747, -7.16178) -> [ 420 (2.53721, -7.36903); ]
    1117 (14.5202, 21.2318) -> [ 1545 (14.6705, 21.7087); ]
    1118 (23.5197, 21.2185) -> [ 1187 (23.645, 20.7344); 1417 (24.0171, 21.2696); ]
    1119 (5.06066, 28.7004) -> [ 1601 (5.54133, 28.8381); ]
    1120 (21.9197, 26.5671) -> [ ]
    1121 (6.29787, 22.0361) -> [ 1486 (6.66207, 21.9271); ]
    1123 (18.4897, 28.9345) -> [ 1791 (18.7722, 29.3471); ]
    1126 (21.3345, -9.09696) -> [ 1242 (21.8141, -9.23837); ]
    1128 (23.8926, 2.63431) -> [ 1179 (24.0907, 3.09341); 1676 (24.2953, 2.81401); ]
    1130 (22.7256, 8.19066) -> [ 1236 (22.9082, 8.14753); 1665 (22.8874, 7.85409); ]
    1133 (22.0039, 8.04914) -> [ 1156 (21.5064, 8.09951); ]
    1136 (0.852652, -4.35309) -> [ 1987 (0.969174, -3.99355); ]
    1139 (21.8142, 26.4225) -> [ 769 (22.2099, 26.3902); 1464 (22.1869, 26.2411); ]
    1140 (11.4401, 29.3067) -> [ ]
    1142 (3.25702, 0.928954) -> [ 1222 (2.98972, 1.35151); ]
    1143 (6.29426, 18.5031) -> [ ]
    1144 (2.88786, -1.86866) -> [ 1167 (2.4126, -2.02399); ]
    1146 (5.88668, 18.9431) -> [ 143 (5.86128, 19.142); 511 (6.17223, 18.8885); 543 (5.904, 19.3742); ]
    1149 (17.3843, 28.1633) -> [ 1713 (17.2323, 28.6397); 1954 (16.975, 27.8761); ]
    1151 (12.6598, 2.24828) -> [ 319 (12.7544, 2.50404); ]
    1154 (3.78153, 28.3733) -> [ 1332 (3.34111, 28.61); ]
    1155 (17.1826, -9.39196) -> [ 1675 (16.6875, -9.32246); ]
    1156 (21.5064, 8.09951) -> [ 1329 (21.1293, 7.77118); 1348 (21.1077, 8.40115); ]
    1158 (6.65303, -7.73868) -> [ 1638 (6.41907, -7.99515); ]
    1163 (3.68381, 13.4146) -> [ 1821 (3.18451, 13.388); ]
    1165 (22.741, -7.42349) -> [ 1194 (23.1314, -7.7359); 1957 (22.688, -7.61587); ]
    1167 (2.4126, -2.02399) -> [ 1583 (2.02972, -2.34556); ]
    1169 (22.5273, 11.8338) -> [ 1514 (22.9396, 12.1166); ]
    1170 (23.5034, -1.01129) -> [ 1387 (23.8794, -0.681722); 1585 (23.6206, -0.922171); ]
    1174 (10.7644, -1.59196) -> [ 1294 (11.1619, -1.83182); ]
    1176 (3.30708, 22.4382) -> [ 1390 (3.2503, 22.0049); ]
    1179 (24.0907, 3.09341) -> [ 1296 (23.8777, 3.54575); ]
    1182 (2.67714, 24.2771) -> [ 1075 (2.35112, 24.2614); ]
    1183 (6.03913, 16.1135) -> [ 801 (6.32261, 16.4008); 869 (6.41232, 15.8084); ]
    1184 (12.7921, 3.00262) -> [ 1590 (12.4907, 3.32014); ]
    1185 (5.76258, 17.7604) -> [ 24 (5.96972, 18.0763); ]
    1186 (22.7343, 28.4713) -> [ 1353 (22.3041, 28.726); 1485 (22.88, 28.907); ]
    1187 (23.645, 20.7344) -> [ 1200 (23.2663, 20.4079); ]
    1189 (10.5415, -9.40185) -> [ 1831 (11.0092, -9.57876); ]
    1190 (1.53509, 28.4353) -> [ 1401 (1.2402, 28.8391); ]
    1191 (13.1652, 4.73831) -> [ 1911 (13.518, 4.384); ]
    1194 (23.1314, -7.7359) -> [ 1256 (23.3997, -7.31399); 1628 (23.4441, -7.42546); ]
    1195 (14.5135, 12.7975) -> [ 1201 (14.7235, 13.2513); 1235 (14.0215, 12.8862); ]
    1198 (1.33482, 4.2109) -> [ 1820 (1.36532, 3.71183); ]
    1200 (23.2663, 20.4079) -> [ 1259 (23.4074, 19.9282); ]
    1201 (14.7235, 13.2513) -> [ 1240 (14.4148, 13.6446); 1679 (15.1943, 13.4196); ]
    1202 (8.29725, -9.24784) -> [ 1413 (8.01204, -8.90395); ]
    1203 (23.959, 16.2883) -> [ 1952 (24.4101, 16.5039); 1967 (23.8916, 16.0321); ]
    1208 (12.6192, 25.3024) -> [ 1263 (12.2289, 25.6149); ]
    1212 (18.6917, 3.58904) -> [ 1268 (18.8054, 3.60859); ]
    1214 (5.31144, 25.6759) -> [ 1754 (5.65056, 25.3084); ]
    1215 (16.4997, 12.6234) -> [ 1949 (16.2863, 12.1713); ]
    1216 (10.675, 5.41457) -> [ 711 (11.1127, 5.36737); ]
    1217 (7.69065, 11.6554) -> [ 1344 (8.05089, 12.0021); ]
    1218 (18.4165, 12.9769) -> [ 804 (18.3469, 13.2642); 1427 (18.895, 12.8318); ]
    1219 (4.32648, 28.0259) -> [ 1890 (4.74006, 27.7449); ]
    1220 (9.04082, -2.54385) -> [ 1524 (9.29781, -2.97276); ]
    1222 (2.98972, 1.35151) -> [ 1726 (3.36538, 1.68148); ]
    1224 (15.2382, 26.7107) -> [ 1436 (14.7575, 26.8482); ]
    1227 (7.17022, 27.1533) -> [ 1501 (7.33136, 27.6266); ]
    1228 (16.4968, 18.0809) -> [ 1608 (16.3499, 17.8475); 1721 (16.4975, 17.7753); ]
    1231 (24.1305, 0.893632) -> [ 1443 (24.2626, 1.37587); ]
    1232 (1.11729, -8.42962) -> [ 1309 (0.787238, -8.8052); ]
    1233 (15.1817, 1.83667) -> [ 1252 (14.7204, 2.02961); ]
    1234 (11.7993, -0.769649) -> [ 1314 (11.7533, -1.26753); 1728 (11.9728, -0.429675); ]
    1236 (22.9082, 8.14753) -> [ 1283 (23.3392, 7.89406); ]
    1239 (22.8927, -1.40923) -> [ 1580 (23.0276, -1.89069); 1872 (22.5021, -1.67626); ]
    1240 (14.4148, 13.6446) -> [ 1334 (14.2772, 14.1253); ]
    1241 (17.9688, 8.33672) -> [ 1452 (18.4198, 8.55253); ]
    1242 (21.8141, -9.23837) -> [ 1253 (21.7057, -9.72649); 1595 (22.2866, -9.40191); 1780 (21.938, -9.01163); 1794 (21.8411, -9.63327); ]
    1243 (23.2109, 24.4476) -> [ 1647 (22.8571, 24.0943); 1827 (22.9812, 24.0938); ]
    1246 (12.7504, 24.6966) -> [ ]
    1248 (2.44844, 1.08732) -> [ 1517 (2.02109, 1.34687); ]
    1249 (14.0311, -8.14159) -> [ 1261 (14.0649, -8.64045); ]
    1251 (17.6984, -8.21026) -> [ 1339 (18.1846, -8.32683); ]
    1254 (11.1218, 27.8883) -> [ 1793 (11.3526, 28.253); ]
    1256 (23.3997, -7.31399) -> [ ]
    1257 (20.1696, 11.8999) -> [ 1091 (20.4529, 12.2204); ]
    1258 (23.3922, 21.7964) -> [ 1544 (23.7976, 22.089); ]
    1259 (23.4074, 19.9282) -> [ 1282 (23.8733, 19.7469); 1719 (23.215, 19.4667); ]
    1261 (14.0649, -8.64045) -> [ 1469 (14.0099, -9.13742); 1687 (14.5637, -8.6745); ]
    1262 (22.6398, 14.9812) -> [ 1320 (23.0318, 14.671); ]
    1263 (12.2289, 25.6149) -> [ 1291 (12.2071, 25.8663); 1432 (12.2535, 25.6688); ]
    1265 (22.0817, 21.7448) -> [ 1275 (21.8479, 21.3028); ]
    1266 (0.716387, 22.5417) -> [ 1704 (1.05442, 22.2277); ]
    1270 (7.23963, 20.1996) -> [ 1150 (7.34852, 19.8357); ]
    1271 (13.1138, -4.62287) -> [ 1313 (12.6164, -4.57269); 1408 (12.7782, -4.54747); ]
    1274 (18.4605, -5.69803) -> [ 1421 (18.7469, -5.36618); ]
    1275 (21.8479, 21.3028) -> [ 1331 (21.7055, 21.0038); ]
    1278 (5.87557, 7.581) -> [ 772 (5.75355, 7.25078); ]
    1279 (4.0657, 12.2075) -> [ 1830 (4.55738, 12.2984); ]
    1280 (14.7459, 18.4839) -> [ 1579 (14.4853, 18.5369); ]
    1281 (10.4245, 16.4924) -> [ 268 (10.8133, 16.7519); ]
    1282 (23.8733, 19.7469) -> [ 1597 (24.0861, 19.3792); ]
    1283 (23.3392, 7.89406) -> [ 1396 (23.322, 7.39435); 1422 (23.6872, 8.1052); ]
    1287 (19.1789, 1.82371) -> [ 618 (19.4031, 1.62204); ]
    1289 (16.132, -2.45597) -> [ 372 (16.4203, -2.63728); 1732 (16.6044, -2.37483); ]
    1291 (12.2071, 25.8663) -> [ 1625 (12.5348, 26.244); ]
    1293 (3.53359, 20.3204) -> [ 1659 (3.59814, 20.2043); ]
    1295 (18.0214, 5.88589) -> [ 1593 (17.5304, 5.98039); ]
    1297 (23.8467, 28.5004) -> [ 1880 (24.3127, 28.6815); ]
    1299 (4.29356, 18.5606) -> [ 1327 (4.61057, 18.9473); ]
    1300 (12.8785, 24.6471) -> [ 776 (12.9343, 24.9141); ]
    1301 (7.18403, 15.7486) -> [ 1847 (7.24061, 15.4128); ]
    1304 (6.2125, 0.774535) -> [ 835 (6.35426, 0.638243); ]
    1305 (14.14, 6.29552) -> [ 1307 (14.3579, 5.84547); ]
    1306 (18.9312, 26.0801) -> [ 575 (19.0132, 26.5422); 1345 (18.5043, 26.2261); ]
    1309 (0.787238, -8.8052) -> [ 1783 (0.432362, -9.15743); 1785 (0.860826, -9.24658); ]
    1312 (4.17062, 23.173) -> [ 1178 (3.73109, 22.9892); 1223 (4.01195, 23.5971); ]
    1314 (11.7533, -1.26753) -> [ 1467 (12.2528, -1.29069); 1527 (11.448, -1.6001); ]
    1318 (20.978, 26.7083) -> [ 1381 (20.6786, 27.1087); 1578 (21.333, 26.8851); 1694 (20.6385, 26.7048); ]
    1320 (23.0318, 14.671) -> [ 1376 (23.4908, 14.4727); ]
    1321 (23.4078, 0.550273) -> [ 1594 (23.5981, 0.100609); ]
    1323 (19.0533, 7.36654) -> [ 1499 (19.3978, 7.72898); ]
    1324 (8.38259, 2.19482) -> [ 1546 (8.55949, 2.00625); ]
    1325 (22.7387, -5.71401) -> [ 1477 (22.8051, -5.21843); ]
    1327 (4.61057, 18.9473) -> [ 1660 (4.93302, 18.6404); ]
    1328 (21.1166, -5.79045) -> [ 739 (20.8973, -5.40013); ]
    1329 (21.1293, 7.77118) -> [ 1490 (21.4074, 7.35561); ]
    1331 (21.7055, 21.0038) -> [ 1374 (21.398, 20.7224); ]
    1332 (3.34111, 28.61) -> [ 1724 (3.41272, 29.1048); ]
    1333 (15.812, 28.2381) -> [ 1894 (15.6474, 28.7102); ]
    1337 (11.5436, 22.0986) -> [ 702 (11.6811, 21.6455); ]
    1342 (15.2009, 10.1398) -> [ 1772 (15.097, 10.5628); ]
    1344 (8.05089, 12.0021) -> [ 1400 (7.64251, 12.2906); ]
    1347 (23.8986, -7.34731) -> [ 1367 (24.0585, -7.10681); 1836 (24.117, -7.79709); ]
    1350 (8.99031, -4.69002) -> [ 1355 (9.49019, -4.70106); ]
    1351 (21.8892, -3.45297) -> [ 1907 (21.5192, -3.78921); ]
    1353 (22.3041, 28.726) -> [ 1566 (22.1598, 28.2472); 1636 (21.9732, 29.1008); ]
    1355 (9.49019, -4.70106) -> [ 1969 (9.55052, -4.20471); ]
    1360 (8.69757, -0.945518) -> [ 1696 (8.81816, -0.460277); ]
    1361 (1.35837, 24.8718) -> [ 1559 (1.03863, 25.1482); ]
    1362 (23.3522, 24.6454) -> [ 1586 (23.7722, 24.3741); ]
    1363 (17.2425, 19.7636) -> [ 1398 (17.5715, 19.5447); 1664 (17.4005, 19.2981); ]
    1364 (19.4519, 10.1773) -> [ 1497 (19.7741, 9.79489); ]
    1367 (24.0585, -7.10681) -> [ 1448 (24.1039, -6.60888); 1881 (23.6363, -6.84972); ]
    1368 (10.0537, 16.3336) -> [ 244 (10.3391, 16.5932); 1281 (10.4245, 16.4924); ]
    1371 (10.1574, 21.2026) -> [ 133 (10.4255, 20.969); ]
    1373 (17.3445, 14.2627) -> [ 1640 (17.1319, 14.7153); ]
    1374 (21.398, 20.7224) -> [ 1426 (21.5595, 20.2492); 1619 (21.5162, 20.4495); ]
    1376 (23.4908, 14.4727) -> [ 1463 (23.8504, 14.1252); 1904 (23.9201, 14.7291); ]
    1378 (11.5298, 27.0853) -> [ 1711 (11.994, 27.0941); ]
    1383 (14.3614, -1.97657) -> [ 667 (13.9136, -1.90271); ]
    1387 (23.8794, -0.681722) -> [ 1457 (24.202, -0.491422); ]
    1389 (18.4069, 18.2352) -> [ 1686 (18.7888, 17.9125); 1755 (18.2653, 17.8418); ]
    1391 (0.627222, 15.3332) -> [ 1970 (0.200267, 15.5459); ]
    1393 (22.1064, 11.8914) -> [ 1652 (22.0777, 12.2831); ]
    1394 (21.2403, 9.5287) -> [ 1407 (21.478, 9.0888); 1440 (21.5461, 9.19017); 1874 (20.7689, 9.69532); ]
    1396 (23.322, 7.39435) -> [ 1714 (23.8192, 7.34222); ]
    1399 (4.19023, -9.73037) -> [ 1603 (4.61357, -9.83085); ]
    1400 (7.64251, 12.2906) -> [ 1433 (7.14651, 12.2275); 1708 (7.76221, 12.7508); ]
    1402 (16.5458, 2.62436) -> [ 1643 (16.6679, 3.06634); ]
    1405 (5.8456, 13.8428) -> [ 1450 (5.46749, 13.5156); ]
    1410 (14.2018, 20.5795) -> [ 1571 (13.7019, 20.5889); ]
    1411 (7.14352, 3.13885) -> [ 1706 (7.57205, 3.02217); ]
    1412 (14.5794, 7.80275) -> [ 1040 (14.4128, 8.24957); ]
    1413 (8.01204, -8.90395) -> [ 1932 (7.87748, -8.73277); ]
    1414 (11.0942, -5.17413) -> [ 1570 (10.6007, -5.2545); ]
    1420 (13.4324, 8.82889) -> [ 1655 (13.4082, 9.05171); 1795 (13.4498, 8.43027); ]
    1422 (23.6872, 8.1052) -> [ 1493 (24.0881, 8.40405); 1516 (23.9891, 8.24045); 1699 (23.9489, 8.07989); ]
    1423 (5.82396, 14.8192) -> [ 1697 (5.59187, 14.7052); ]
    1426 (21.5595, 20.2492) -> [ 1857 (21.2477, 19.8583); ]
    1428 (0.622289, 9.43877) -> [ 1498 (0.414163, 8.98414); ]
    1433 (7.14651, 12.2275) -> [ 1507 (6.99771, 12.7048); ]
    1435 (3.57864, -0.12054) -> [ 1455 (3.19815, -0.384445); ]
    1436 (14.7575, 26.8482) -> [ 1596 (14.5637, 27.3091); 1855 (14.5064, 26.4159); ]
    1438 (5.36124, 22.7647) -> [ 1895 (5.5254, 23.237); ]
    1439 (11.0383, 18.8438) -> [ 1100 (11.1869, 18.4447); ]
    1442 (9.91061, 16.1312) -> [ 130 (10.3993, 16.0968); ]
    1448 (24.1039, -6.60888) -> [ 1942 (24.0211, -6.11579); ]
    1449 (6.44465, 14.242) -> [ 1731 (6.80467, 13.9634); ]
    1450 (5.46749, 13.5156) -> [ 1843 (5.79151, 13.1348); ]
    1454 (20.5422, 4.58599) -> [ 1633 (20.9699, 4.84487); ]
    1455 (3.19815, -0.384445) -> [ 966 (2.7756, -0.222435); 1674 (3.0134, 0.0618605); 1871 (3.01867, -0.127986); ]
    1456 (21.034, -0.0267998) -> [ 1812 (21.2363, 0.014889); 1877 (21.0446, -0.218196); ]
    1459 (19.9343, 21.2088) -> [ 1968 (19.5473, 21.0085); ]
    1460 (15.2531, 8.45216) -> [ 1479 (14.9747, 8.42128); ]
    1462 (15.1944, 12.378) -> [ 1587 (15.4223, 12.3006); ]
    1465 (20.1962, -5.57095) -> [ 1505 (19.7074, -5.67651); ]
    1468 (22.3945, 25.8333) -> [ 992 (22.8714, 25.7755); ]
    1469 (14.0099, -9.13742) -> [ 1996 (13.5197, -9.03863); ]
    1470 (11.6859, 18.4767) -> [ 1537 (12.0047, 18.8619); ]
    1473 (18.3463, 11.3115) -> [ 347 (18.419, 11.3306); 705 (18.4318, 11.4335); ]
    1477 (22.8051, -5.21843) -> [ 1591 (22.6971, -4.73024); ]
    1480 (12.962, 6.43124) -> [ 149 (13.274, 6.68682); ]
    1481 (12.9873, -2.74698) -> [ 1605 (12.5594, -3.00554); ]
    1482 (20.4353, -5.54688) -> [ 1465 (20.1962, -5.57095); ]
    1483 (21.0623, 24.3675) -> [ 1924 (20.9422, 23.8822); ]
    1484 (17.1507, 12.599) -> [ 1750 (17.0048, 13.0772); ]
    1485 (22.88, 28.907) -> [ 1629 (23.2824, 29.2038); 1702 (23.1478, 29.071); 1953 (22.9835, 29.0404); ]
    1486 (6.66207, 21.9271) -> [ 1650 (7.00897, 21.9304); ]
    1491 (15.2519, -2.02905) -> [ 216 (15.5015, -2.23156); ]
    1493 (24.0881, 8.40405) -> [ 1811 (24.1774, 8.896); ]
    1495 (14.982, 11.813) -> [ 1905 (15.4617, 11.6719); ]
    1498 (0.414163, 8.98414) -> [ 1539 (0.519252, 8.49531); ]
    1499 (19.3978, 7.72898) -> [ 1992 (19.6738, 7.31207); ]
    1500 (4.21449, 8.37277) -> [ 1529 (3.7963, 8.09869); 1778 (4.45424, 8.09484); ]
    1502 (16.3669, -0.332036) -> [ 1882 (16.6531, -0.446185); ]
    1506 (20.8625, 0.767158) -> [ 1668 (20.71, 1.11933); ]
    1507 (6.99771, 12.7048) -> [ 1632 (6.8307, 13.1761); 1936 (6.52959, 12.5292); ]
    1508 (18.7899, 9.87383) -> [ 1709 (18.6056, 9.45247); ]
    1512 (1.50126, 27.2073) -> [ 1009 (1.1378, 27.0712); ]
    1514 (22.9396, 12.1166) -> [ 1735 (23.4202, 12.2548); ]
    1515 (1.16169, -8.4347) -> [ 1986 (1.34526, -8.55792); ]
    1516 (23.9891, 8.24045) -> [ ]
    1517 (2.02109, 1.34687) -> [ 1646 (1.52846, 1.2613); 1654 (2.21547, 1.80754); ]
    1520 (5.38303, -3.93592) -> [ 305 (4.89588, -3.87218); ]
    1523 (5.42606, 10.2702) -> [ 1534 (5.28621, 10.6646); ]
    1526 (4.35125, 7.56569) -> [ 1974 (4.39389, 7.3358); ]
    1531 (20.7382, 0.248472) -> [ 514 (21.0666, 0.316124); 1104 (21.027, 0.331019); 1456 (21.034, -0.0267998); ]
    1533 (20.7604, 15.9227) -> [ 1725 (20.4607, 16.323); 1734 (20.654, 16.3964); ]
    1538 (0.813252, -3.82561) -> [ 1557 (0.609609, -3.36896); ]
    1539 (0.519252, 8.49531) -> [ 1626 (0.458083, 7.99907); ]
    1540 (20.7815, -3.56944) -> [ 1841 (20.7915, -4.06934); 1961 (21.0175, -3.94529); ]
    1545 (14.6705, 21.7087) -> [ ]
    1546 (8.55949, 2.00625) -> [ 1784 (8.87711, 1.62009); ]
    1555 (19.7064, -6.45239) -> [ 544 (20.0861, -6.33014); 1940 (20.1396, -6.49192); ]
    1558 (18.4054, 11.0854) -> [ 354 (18.8334, 11.0509); ]
    1559 (1.03863, 25.1482) -> [ 1736 (1.07063, 25.6472); ]
    1566 (22.1598, 28.2472) -> [ 1604 (21.6855, 28.4054); ]
    1569 (16.2708, 1.80171) -> [ 328 (16.4034, 2.25908); 887 (16.2714, 2.1734); ]
    1571 (13.7019, 20.5889) -> [ 1649 (13.3583, 20.2257); ]
    1572 (13.4158, 0.517879) -> [ 1777 (12.932, 0.391419); ]
    1574 (18.8517, 24.9156) -> [ 607 (19.0019, 25.2543); ]
    1575 (7.22206, 5.58971) -> [ 1022 (7.06584, 5.34369); ]
    1577 (20.8521, 13.4112) -> [ 1792 (20.3988, 13.6221); ]
    1578 (21.333, 26.8851) -> [ 1547 (21.4733, 27.3584); ]
    1580 (23.0276, -1.89069) -> [ 1817 (23.2203, -2.35205); ]
    1582 (9.5051, -8.39901) -> [ 1656 (9.92105, -8.53297); 1867 (9.3915, -8.16245); ]
    1583 (2.02972, -2.34556) -> [ 1786 (1.98141, -2.84322); ]
    1586 (23.7722, 24.3741) -> [ 1618 (24.2393, 24.1957); ]
    1591 (22.6971, -4.73024) -> [ 1710 (23.1787, -4.59587); ]
    1592 (6.3787, 14.2366) -> [ 1568 (6.5224, 13.9387); ]
    1595 (22.2866, -9.40191) -> [ 1824 (22.6781, -9.0909); ]
    1596 (14.5637, 27.3091) -> [ 1757 (14.4718, 27.8006); ]
    1597 (24.0861, 19.3792) -> [ 1853 (24.2419, 19.2068); ]
    1598 (6.41652, 4.27303) -> [ 89 (6.3643, 3.78934); ]
    1601 (5.54133, 28.8381) -> [ 1617 (5.91892, 29.1659); ]
    1603 (4.61357, -9.83085) -> [ 1752 (5.11099, -9.78013); ]
    1605 (12.5594, -3.00554) -> [ 1799 (12.1048, -3.21389); ]
    1607 (20.7873, -8.7475) -> [ 1761 (20.857, -8.98723); ]
    1615 (18.6615, 10.6753) -> [ 774 (19.0401, 10.5956); ]
    1622 (4.05094, 15.5095) -> [ 1988 (4.38444, 15.6603); ]
    1623 (7.61962, 21.1867) -> [ 503 (7.26129, 21.3856); ]
    1628 (23.4441, -7.42546) -> [ 1347 (23.8986, -7.34731); ]
    1631 (0.549681, 14.0439) -> [ 1641 (0.203005, 14.4042); ]
    1633 (20.9699, 4.84487) -> [ 1651 (21.3292, 4.89709); ]
    1634 (2.43236, 11.1988) -> [ 1125 (2.25412, 10.7379); ]
    1636 (21.9732, 29.1008) -> [ 1917 (22.3013, 29.4781); ]
    1638 (6.41907, -7.99515) -> [ 1849 (6.16703, -8.36038); ]
    1640 (17.1319, 14.7153) -> [ 1681 (17.0175, 15.202); ]
    1644 (20.3613, -6.3462) -> [ ]
    1645 (0.470403, -4.68673) -> [ 1759 (0.348706, -4.94085); ]
    1647 (22.8571, 24.0943) -> [ 1897 (22.3817, 23.9393); ]
    1649 (13.3583, 20.2257) -> [ 1997 (13.1931, 19.7537); ]
    1651 (21.3292, 4.89709) -> [ 1806 (21.8175, 5.00466); ]
    1652 (22.0777, 12.2831) -> [ 1839 (22.3653, 12.6921); ]
    1656 (9.92105, -8.53297) -> [ 1666 (10.2664, -8.17137); ]
    1659 (3.59814, 20.2043) -> [ 1753 (3.70982, 19.7169); ]
    1662 (15.8231, -2.13344) -> [ 1289 (16.132, -2.45597); ]
    1667 (1.44202, 27.7651) -> [ 985 (1.37592, 27.9613); ]
    1668 (20.71, 1.11933) -> [ 749 (20.8815, 1.4745); ]
    1675 (16.6875, -9.32246) -> [ 1873 (16.1915, -9.25925); ]
    1679 (15.1943, 13.4196) -> [ 1744 (15.4512, 13.6167); ]
    1680 (0.624129, 5.38842) -> [ 1768 (0.944643, 5.70671); 1852 (0.341919, 5.23329); ]
    1682 (17.0121, 12.225) -> [ 1484 (17.1507, 12.599); ]
    1684 (11.3958, 8.53088) -> [ 902 (11.1374, 8.85065); ]
    1685 (7.78319, -0.43998) -> [ 1671 (7.95434, -0.223097); ]
    1686 (18.7888, 17.9125) -> [ 1767 (18.9216, 17.4305); 1995 (19.0854, 18.315); ]
    1687 (14.5637, -8.6745) -> [ 1688 (15.0506, -8.78803); 1903 (14.7027, -8.99567); ]
    1691 (8.97412, 29.2334) -> [ 1835 (8.48236, 29.3238); ]
    1698 (11.9279, 6.15335) -> [ 573 (12.1273, 6.32528); ]
    1699 (23.9489, 8.07989) -> [ 1624 (24.437, 8.01821); ]
    1706 (7.57205, 3.02217) -> [ 1272 (7.99804, 2.84789); 1701 (7.73349, 2.70261); ]
    1710 (23.1787, -4.59587) -> [ 1733 (23.4684, -4.18838); ]
    1711 (11.994, 27.0941) -> [ 1959 (12.4899, 27.158); ]
    1713 (17.2323, 28.6397) -> [ 1747 (17.2052, 29.1389); 1797 (16.7385, 28.5611); ]
    1718 (15.3325, 9.45914) -> [ 1138 (15.1851, 9.69373); ]
    1723 (2.37111, 17.2167) -> [ 396 (2.03104, 17.5491); ]
    1728 (11.9728, -0.429675) -> [ 1861 (12.3103, -0.0607535); ]
    1730 (20.6384, 22.6837) -> [ 1131 (20.8457, 22.8094); ]
    1731 (6.80467, 13.9634) -> [ 1775 (7.29969, 13.893); ]
    1733 (23.4684, -4.18838) -> [ 1758 (23.9682, -4.20163); ]
    1736 (1.07063, 25.6472) -> [ 1963 (0.928751, 26.0804); ]
    1738 (11.8819, 29.5409) -> [ 1979 (12.3479, 29.7219); ]
    1740 (17.7525, 8.42216) -> [ 1939 (17.6492, 8.91137); ]
    1748 (20.0199, -7.40151) -> [ 1429 (19.9151, -7.87401); 1860 (19.7275, -7.43986); ]
    1754 (5.65056, 25.3084) -> [ 1891 (5.85938, 24.8541); ]
    1757 (14.4718, 27.8006) -> [ 1972 (14.8636, 27.9976); ]
    1758 (23.9682, -4.20163) -> [ 1889 (24.1455, -3.73412); ]
    1761 (20.857, -8.98723) -> [ 1126 (21.3345, -9.09696); ]
    1769 (20.2425, -7.85851) -> [ 590 (20.5849, -8.14116); ]
    1770 (8.23201, 26.7052) -> [ 1764 (8.02043, 26.9425); ]
    1772 (15.097, 10.5628) -> [ 457 (15.4186, 10.8888); 1994 (15.3205, 10.9787); ]
    1774 (13.1091, -6.59872) -> [ 670 (12.8581, -6.97464); ]
    1775 (7.29969, 13.893) -> [ 1985 (7.37393, 13.5523); ]
    1778 (4.45424, 8.09484) -> [ 819 (4.80592, 7.77372); ]
    1788 (23.0818, 21.6916) -> [ 1258 (23.3922, 21.7964); ]
    1791 (18.7722, 29.3471) -> [ 1868 (19.2051, 29.5973); ]
    1795 (13.4498, 8.43027) -> [ 1823 (13.0755, 8.09878); ]
    1796 (7.91698, -4.43982) -> [ 1938 (8.02027, -4.7444); ]
    1799 (12.1048, -3.21389) -> [ 1834 (12.4301, -3.59365); ]
    1802 (11.8531, 29.2933) -> [ 1738 (11.8819, 29.5409); ]
    1808 (18.8609, -1.59882) -> [ 1826 (18.9824, -1.68625); ]
    1811 (24.1774, 8.896) -> [ 1910 (24.6613, 8.77013); ]
    1814 (19.9341, 4.0364) -> [ 1211 (19.8326, 4.27956); ]
    1821 (3.18451, 13.388) -> [ 1833 (2.68516, 13.3626); ]
    1822 (15.4435, 5.83865) -> [ 1950 (15.942, 5.87639); ]
    1823 (13.0755, 8.09878) -> [ 1981 (12.8042, 8.51372); ]
    1824 (22.6781, -9.0909) -> [ 1946 (22.8685, -8.6286); ]
    1827 (22.9812, 24.0938) -> [ 1669 (22.9296, 23.5996); ]
    1829 (22.3099, 9.45453) -> [ 1931 (22.5566, 9.05794); ]
    1832 (11.0475, 19.1715) -> [ 924 (11.1626, 18.9441); ]
    1840 (16.9761, 0.901073) -> [ 1162 (17.3638, 1.21172); ]
    1842 (18.6377, 14.4211) -> [ 1941 (18.9094, 14.8409); ]
    1845 (3.29115, 25.272) -> [ 1816 (3.50974, 25.1844); ]
    1847 (7.24061, 15.4128) -> [ 1848 (7.73656, 15.4763); ]
    1859 (14.5769, 9.43576) -> [ ]
    1861 (12.3103, -0.0607535) -> [ 1906 (12.746, -0.306101); ]
    1863 (11.5287, 29.0439) -> [ 1397 (11.2769, 29.4712); 1892 (11.0397, 28.9396); ]
    1865 (6.36906, 0.177368) -> [ 1898 (6.65902, -0.229972); ]
    1875 (8.50863, 8.1722) -> [ 888 (8.58755, 7.73023); ]
    1879 (20.5652, -7.48381) -> [ 833 (20.8057, -7.28313); ]
    1880 (24.3127, 28.6815) -> [ 1929 (24.2161, 29.1721); ]
    1890 (4.74006, 27.7449) -> [ 1893 (4.92795, 27.5055); ]
    1900 (1.33747, 5.31848) -> [ 1762 (0.997358, 5.37771); ]
    1912 (11.0103, 27.6989) -> [ 1254 (11.1218, 27.8883); ]
    1927 (12.722, 2.29892) -> [ 884 (12.8037, 2.3714); ]
    1931 (22.5566, 9.05794) -> [ 982 (22.6167, 8.67866); ]
    1938 (8.02027, -4.7444) -> [ 455 (8.40573, -4.72544); 624 (8.30611, -4.91367); 920 (8.43551, -4.69825); ]
    1940 (20.1396, -6.49192) -> [ 1653 (20.5755, -6.60242); ]
    1941 (18.9094, 14.8409) -> [ 1998 (18.4572, 15.0542); ]
    1943 (9.58674, 16.4204) -> [ 1368 (10.0537, 16.3336); 1442 (9.91061, 16.1312); ]
    1945 (14.0189, 22.0614) -> [ 1896 (14.4472, 22.1235); ]
    1947 (21.4581, 12.9173) -> [ 1504 (21.3735, 13.1333); ]
    1958 (22.2144, 14.7803) -> [ 1262 (22.6398, 14.9812); ]
    1966 (14.3007, 8.66219) -> [ 1921 (14.6467, 8.97846); ]
    1975 (2.93617, 17.9254) -> [ 1017 (2.83581, 18.231); ]
    1977 (12.0991, -5.60547) -> [ 1982 (12.0687, -6.10454); ]
    1983 (3.84946, 25.0585) -> [ 1519 (4.10534, 25.326); ]
    1989 (1.77049, 17.2388) -> [ 1037 (1.4436, 17.3967); ]
    1990 (2.70774, 17.3704) -> [ 417 (2.97233, 17.75); 428 (2.73511, 17.6899); ]
